Date	Active Cases	Daily Death	New cases	Recoverd Cases
Feb 15 2020	708	0	0	0
Feb 16 2020	734	0	26	0
Feb 17 2020	762	0	28	0
Feb 18 2020	790	0	28	0
Feb 19 2020	808	0	18	0
Feb 20 2020	865	0	57	0
Feb 21 2020	927	0	62	0
Feb 22 2020	987	0	60	0
Feb 23 2020	1062	0	75	0
Feb 24 2020	1170	0	108	0
Feb 25 2020	1299	0	129	0
Feb 26 2020	1446	0	147	0
Feb 27 2020	1626	0	180	0
Feb 28 2020	1943	0	317	0
Feb 29 2020	2181	0	238	0
Mar 01 2020	2857	0	676	0
Mar 02 2020	3642	0	785	0
Mar 03 2020	4417	1	776	0
Mar 04 2020	5350	1	934	0
Mar 05 2020	6604	1	1256	0
Mar 06 2020	8183	5	1587	0
Mar 07 2020	9971	2	1814	0
Mar 08 2020	12105	7	2143	0
Mar 09 2020	15420	13	3328	0
Mar 10 2020	19879	6	4568	0
Mar 11 2020	24431	20	4620	0
Mar 12 2020	30194	32	5801	0
Mar 13 2020	37768	49	7627	0
Mar 14 2020	44655	65	7276	0
Mar 15 2020	52299	102	7746	0
Mar 16 2020	61486	50	9250	0
Mar 17 2020	69407	198	8617	0
Mar 18 2020	77994	109	8749	0
Mar 19 2020	86212	200	8444	0
Mar 20 2020	95860	272	10401	0
Mar 21 2020	102276	298	7251	0
Mar 22 2020	108030	405	6609	0
Mar 23 2020	114769	559	8078	0
Mar 24 2020	120577	705	6952	0
Mar 25 2020	125101	680	6777	0
Mar 26 2020	128912	744	6203	0
Mar 27 2020	131687	801	5918	0
Mar 28 2020	133117	875	5233	0
Mar 29 2020	133986	851	4144	0
Mar 30 2020	135995	946	5026	0
Mar 31 2020	137053	775	4312	0
Apr 01 2020	138061	957	5353	0
Apr 02 2020	137318	996	4349	0
Apr 03 2020	137030	881	4363	0
Apr 04 2020	136132	776	3584	0
Apr 05 2020	134689	719	3137	0
Apr 06 2020	135062	725	3455	0
Apr 07 2020	134680	730	3119	0
Apr 08 2020	132487	774	3394	0
Apr 09 2020	130872	679	3208	0
Apr 10 2020	129812	657	3100	0
Apr 11 2020	128645	544	2818	0
Apr 12 2020	126954	625	2216	0
Apr 13 2020	126197	567	2146	0
Apr 14 2020	125111	517	2208	0
Apr 15 2020	123520	577	2335	0
Apr 16 2020	121488	330	2242	0
Apr 17 2020	122998	361	1871	0
Apr 18 2020	122854	586	1636	0
Apr 19 2020	119659	425	1122	0
Apr 20 2020	118687	414	1453	0
Apr 21 2020	117502	446	1305	0
Apr 22 2020	115206	451	1449	0
Apr 23 2020	112388	456	1167	0
Apr 24 2020	94741	380	1101	0
Apr 25 2020	90667	392	751	0
Apr 26 2020	86755	298	551	0
Apr 27 2020	84006	343	699	0
Apr 28 2020	81461	312	838	0
Apr 29 2020	72708	469	742	0
Apr 30 2020	68139	278	735	0
May 01 2020	64103	291	741	0
May 02 2020	60652	286	649	0
May 03 2020	58627	170	448	0
May 04 2020	55902	170	520	0
May 05 2020	52949	192	324	0
May 06 2020	48364	253	309	0
May 07 2020	43908	221	325	0
May 08 2020	39499	237	317	0
May 09 2020	34813	186	249	0
May 10 2020	31673	148	290	0
May 11 2020	30718	127	579	0
May 12 2020	29640	116	538	0
May 13 2020	28128	114	634	0
May 14 2020	26482	137	562	0
May 15 2020	24759	99	612	0
May 16 2020	22864	64	347	0
May 17 2020	21305	54	312	0
May 18 2020	20249	36	580	0
May 19 2020	19745	42	618	0
May 20 2020	18807	68	515	0
May 21 2020	18050	54	548	0
May 22 2020	17222	73	621	0
May 23 2020	16408	52	353	0
May 24 2020	15634	77	327	0
May 25 2020	15472	75	589	0
May 26 2020	15506	78	585	0
May 27 2020	15255	44	448	0
May 28 2020	14962	38	545	0
May 29 2020	14731	31	511	0
May 30 2020	14310	39	314	0
May 31 2020	13806	41	237	0
Jun 01 2020	13581	29	424	0
Jun 02 2020	13538	21	405	0
Jun 03 2020	13463	31	445	0
Jun 04 2020	13526	26	387	0
Jun 05 2020	13710	31	493	0
Jun 06 2020	13644	16	259	0
Jun 07 2020	13544	20	217	0
Jun 08 2020	13719	12	424	0
Jun 09 2020	13785	18	356	0
Jun 10 2020	13570	10	364	0
Jun 11 2020	13357	24	325	0
Jun 12 2020	13090	17	367	0
Jun 13 2020	12678	9	150	0
Jun 14 2020	12230	7	164	0
Jun 15 2020	12208	8	325	0
Jun 16 2020	12186	7	290	0
Jun 17 2020	11914	6	308	0
Jun 18 2020	11607	3	311	0
Jun 19 2020	11376	0	284	0
Jun 20 2020	11089	7	261	0
Jun 21 2020	10709	1	241	0
Jun 22 2020	10675	1	319	0
Jun 23 2020	10708	1	360	0
Jun 24 2020	10518	2	399	0
Jun 25 2020	10300	3	367	0
Jun 26 2020	10269	8	417	0
Jun 27 2020	10037	3	313	0
Jun 28 2020	9793	2	267	0
Jun 29 2020	9900	3	421	0
Jun 30 2020	10118	9	455	0
Jul 01 2020	10270	8	576	0
Jul 02 2020	10306	5	441	0
Jul 03 2020	10423	18	562	0
Jul 04 2020	10480	0	444	0
Jul 05 2020	10434	0	447	0
Jul 06 2020	10914	3	739	0
Jul 07 2020	11525	4	828	0
Jul 08 2020	12055	4	954	0
Jul 09 2020	12675	5	976	0
Jul 10 2020	13493	2	1182	0
Jul 11 2020	14079	1	911	0
Jul 12 2020	14608	1	896	0
Jul 13 2020	15886	1	1428	0
Jul 14 2020	17299	3	1577	0
Jul 15 2020	18884	4	1910	0
Jul 16 2020	20350	3	1756	0
Jul 17 2020	22130	4	2088	0
Jul 18 2020	23667	0	1848	0
Jul 19 2020	25007	0	1624	0
Jul 20 2020	27160	2	2414	0
Jul 21 2020	29327	2	2408	0
Jul 22 2020	31452	2	2444	0
Jul 23 2020	33410	3	2318	0
Jul 24 2020	35605	3	2594	0
Jul 25 2020	37344	1	2106	0
Jul 26 2020	38840	1	1913	0
Jul 27 2020	41562	0	3035	0
Jul 28 2020	44481	2	3186	0
Jul 29 2020	47345	5	3285	0
Jul 30 2020	50070	2	3180	0
Jul 31 2020	53171	2	3677	0
Aug 01 2020	56330	9	3600	0
Aug 02 2020	58531	9	2763	0
Aug 03 2020	62197	9	4110	0
Aug 04 2020	66380	27	4630	0
Aug 05 2020	70254	1	4613	0
Aug 06 2020	73969	1	4543	0
Aug 07 2020	78332	3	5317	0
Aug 08 2020	81540	0	4184	0
Aug 09 2020	84331	0	3973	0
Aug 10 2020	89414	76	5994	0
Aug 11 2020	94842	3	6324	0
Aug 12 2020	99905	0	6491	0
Aug 13 2020	104575	27	6247	0
Aug 14 2020	109710	12	7045	0
Aug 15 2020	113479	15	5525	0
Aug 16 2020	116235	13	4844	0
Aug 17 2020	121383	2	6996	0
Aug 18 2020	128039	25	8280	0
Aug 19 2020	133922	132	8297	0
Aug 20 2020	139829	17	8315	0
Aug 21 2020	146913	26	9528	0
Aug 22 2020	151128	11	6533	0
Aug 23 2020	154341	11	5807	0
Aug 24 2020	160270	12	8035	0
Aug 25 2020	168380	54	10023	0
Aug 26 2020	175017	49	9672	0
Aug 27 2020	181189	26	9358	0
Aug 28 2020	188673	16	10769	0
Aug 29 2020	192636	28	7143	0
Aug 30 2020	195249	29	6290	0
Aug 31 2020	199937	29	8288	0
Sep 01 2020	208372	60	11198	0
Sep 02 2020	214650	44	10388	0
Sep 03 2020	220262	41	10242	0
Sep 04 2020	227018	191	11369	0
Sep 05 2020	231035	34	8560	0
Sep 06 2020	233013	34	7295	0
Sep 07 2020	238073	33	9244	0
Sep 08 2020	245330	81	11230	0
Sep 09 2020	250982	35	11646	0
Sep 10 2020	256137	74	11479	0
Sep 11 2020	261598	50	11952	0
Sep 12 2020	264564	36	9213	0
Sep 13 2020	265431	34	7912	0
Sep 14 2020	270376	34	10470	0
Sep 15 2020	277581	162	12049	0
Sep 16 2020	282620	248	12035	0
Sep 17 2020	285855	168	11515	0
Sep 18 2020	291739	93	14181	0
Sep 19 2020	291788	58	8364	0
Sep 20 2020	289387	58	7127	0
Sep 21 2020	292784	58	9930	0
Sep 22 2020	299175	250	12198	0
Sep 23 2020	302749	135	11609	0
Sep 24 2020	303707	87	10981	0
Sep 25 2020	305669	118	11634	0
Sep 26 2020	303964	62	7653	0
Sep 27 2020	299491	62	6296	0
Sep 28 2020	301446	61	9098	0
Sep 29 2020	305687	210	10531	0
Sep 30 2020	307372	183	9973	0
Oct 01 2020	306722	189	10548	0
Oct 02 2020	307219	117	10885	0
Oct 03 2020	304894	48	7917	0
Oct 04 2020	300790	49	7265	0
Oct 05 2020	303331	48	11101	0
Oct 06 2020	308450	271	12414	0
Oct 07 2020	311458	79	12252	0
Oct 08 2020	312657	131	12429	0
Oct 09 2020	314320	250	13309	0
Oct 10 2020	313527	67	10686	0
Oct 11 2020	310385	67	8810	0
Oct 12 2020	311825	67	10653	0
Oct 13 2020	318012	83	14099	0
Oct 14 2020	323519	217	15977	0
Oct 15 2020	327541	145	16071	0
Oct 16 2020	332584	230	17078	0
Oct 17 2020	335005	75	13936	0
Oct 18 2020	333486	75	12662	0
Oct 19 2020	345385	76	20263	0
Oct 20 2020	360573	226	22315	0
Oct 21 2020	372529	162	21886	0
Oct 22 2020	381321	161	20990	0
Oct 23 2020	391593	239	21881	0
Oct 24 2020	397509	96	16897	0
Oct 25 2020	400884	96	15009	0
Oct 26 2020	415152	96	21921	0
Oct 27 2020	431622	277	22766	0
Oct 28 2020	444246	174	21722	0
Oct 29 2020	453975	179	20260	0
Oct 30 2020	465197	248	21195	0
Oct 31 2020	471151	131	16502	0
Nov 01 2020	475904	131	15638	0
Nov 02 2020	486894	132	18907	0
Nov 03 2020	500583	247	20954	0
Nov 04 2020	509567	297	20085	0
Nov 05 2020	516363	368	19210	0
Nov 06 2020	523066	347	18955	0
Nov 07 2020	525687	171	15050	0
Nov 08 2020	524471	171	12093	0
Nov 09 2020	530604	170	16819	0
Nov 10 2020	539141	411	17347	0
Nov 11 2020	544435	349	15947	0
Nov 12 2020	544638	356	14302	0
Nov 13 2020	542985	308	14324	0
Nov 14 2020	538446	161	11532	0
Nov 15 2020	530438	161	9070	0
Nov 16 2020	529563	162	13061	0
Nov 17 2020	530023	435	13122	0
Nov 18 2020	521463	351	11703	0
Nov 19 2020	508945	252	9797	0
Nov 20 2020	497337	328	10278	0
Nov 21 2020	484223	171	7876	0
Nov 22 2020	468599	171	6257	0
Nov 23 2020	460631	170	8929	0
Nov 24 2020	454572	537	8950	0
Nov 25 2020	440967	369	8316	0
Nov 26 2020	425809	337	7608	0
Nov 27 2020	412475	294	8388	0
Nov 28 2020	398516	134	6301	0
Nov 29 2020	382296	134	4975	0
Nov 30 2020	373251	133	7457	0
Dec 01 2020	365971	442	8358	0
Dec 02 2020	354843	273	7779	0
Dec 03 2020	340650	254	6761	0
Dec 04 2020	327746	214	7181	0
Dec 05 2020	314235	131	5699	0
Dec 06 2020	299975	131	4695	0
Dec 07 2020	291696	132	6771	0
Dec 08 2020	285765	187	6162	0
Dec 09 2020	277691	186	8745	0
Dec 10 2020	269708	325	9364	0
Dec 11 2020	263591	280	9830	0
Dec 12 2020	257325	130	8036	0
Dec 13 2020	249496	130	6495	0
Dec 14 2020	248261	129	10297	0
Dec 15 2020	250158	388	10967	0
Dec 16 2020	247543	195	10446	0
Dec 17 2020	243986	181	9565	0
Dec 18 2020	242813	149	10530	0
Dec 19 2020	241335	111	8319	0
Dec 20 2020	238206	111	7149	0
Dec 21 2020	241155	112	10825	0
Dec 22 2020	246504	260	11606	0
Dec 23 2020	249231	178	11656	0
Dec 24 2020	250463	126	10182	0
Dec 25 2020	249788	73	7641	0
Dec 26 2020	251675	74	9495	0
Dec 27 2020	253039	75	9752	0
Dec 28 2020	262380	76	15642	0
Dec 29 2020	273468	320	16063	0
Dec 30 2020	282228	247	16217	0
Dec 31 2020	286843	148	12973	0
Jan 01 2021	290603	118	11539	0
Jan 02 2021	297485	118	13643	0
Jan 03 2021	304250	118	13946	0
Jan 04 2021	321112	119	22561	0
Jan 05 2021	343710	120	27293	0
Jan 06 2021	354883	122	17944	0
Jan 07 2021	374015	123	25294	0
Jan 08 2021	395988	199	30718	0
Jan 09 2021	410883	134	24259	0
Jan 10 2021	422160	134	21107	0
Jan 11 2021	445759	133	31635	0
Jan 12 2021	472431	408	33167	0
Jan 13 2021	494889	195	32755	0
Jan 14 2021	514726	201	30804	0
Jan 15 2021	538658	235	34378	0
Jan 16 2021	553987	152	24894	0
Jan 17 2021	563805	152	20348	0
Jan 18 2021	585098	151	29612	0
Jan 19 2021	609637	404	31688	0
Jan 20 2021	627414	464	28602	0
Jan 21 2021	641648	404	25840	0
Jan 22 2021	651434	400	21442	0
Jan 23 2021	663279	254	22027	0
Jan 24 2021	674479	256	18841	0
Jan 25 2021	693748	257	28764	0
Jan 26 2021	711065	591	27069	0
Jan 27 2021	725329	492	29906	0
Jan 28 2021	735186	515	25920	0
Jan 29 2021	747261	513	28292	0
Jan 30 2021	753953	254	19665	0
Jan 31 2021	758527	254	16072	0
Feb 01 2021	768327	254	23381	0
Feb 02 2021	780669	724	26235	0
Feb 03 2021	786781	565	28498	0
Feb 04 2021	786681	432	27021	0
Feb 05 2021	794551	584	25760	0
Feb 06 2021	783947	303	14516	0
Feb 07 2021	766027	303	12626	0
Feb 08 2021	760756	303	18912	0
Feb 09 2021	755781	766	16066	0
Feb 10 2021	742086	643	17721	0
Feb 11 2021	726572	513	17467	0
Feb 12 2021	708253	530	14275	0
Feb 13 2021	687443	234	9848	0
Feb 14 2021	661258	234	8047	0
Feb 15 2021	648158	234	11720	0
Feb 16 2021	637741	530	9877	0
Feb 17 2021	618939	337	10621	0
Feb 18 2021	601632	388	14214	0
Feb 19 2021	584381	397	11204	0
Feb 20 2021	565473	178	6794	0
Feb 21 2021	549715	178	5552	0
Feb 22 2021	535845	179	8096	0
Feb 23 2021	524382	443	7334	0
Feb 24 2021	504823	389	9038	0
Feb 25 2021	487267	345	9379	0
Feb 26 2021	465668	329	8182	0
Feb 27 2021	445078	156	5209	0
Feb 28 2021	421156	156	4258	0
Mar 01 2021	407755	155	6214	0
Mar 02 2021	398252	192	6536	0
Mar 03 2021	381184	446	6186	0
Mar 04 2021	361135	254	6080	0
Mar 05 2021	339429	637	6699	0
Mar 06 2021	316498	99	4003	0
Mar 07 2021	294089	99	3272	0
Mar 08 2021	284278	100	4774	0
Mar 09 2021	275542	291	4059	0
Mar 10 2021	282513	192	7163	0
Mar 11 2021	254364	166	6298	0
Mar 12 2021	259584	173	5393	0
Mar 13 2021	263331	55	3802	0
Mar 14 2021	266384	55	3108	0
Mar 15 2021	270873	56	4545	0
Mar 16 2021	275745	141	5013	0
Mar 17 2021	281658	228	6141	0
Mar 18 2021	200075	117	6266	0
Mar 19 2021	205237	158	5320	0
Mar 20 2021	208830	158	3751	0
Mar 21 2021	211742	158	3070	0
Mar 22 2021	174041	159	4486	0
Mar 23 2021	174044	201	5578	0
Mar 24 2021	172991	320	7089	0
Mar 25 2021	172134	356	6452	0
Mar 26 2021	170567	590	7647	0
Mar 27 2021	175695	63	5191	0
Mar 28 2021	179876	63	4244	0
Mar 29 2021	164080	63	6195	0
Mar 30 2021	164855	106	5058	0
Mar 31 2021	167409	154	8597	0
Apr 01 2021	168023	82	7098	0
Apr 02 2021	167607	79	5721	0
Apr 03 2021	165479	78	3909	0
Apr 04 2021	164556	43	5731	0
Apr 05 2021	165181	42	4692	0
Apr 06 2021	168598	128	6715	0
Apr 07 2021	172742	126	8863	0
Apr 08 2021	178688	142	9975	0
Apr 09 2021	182507	149	10944	0
Apr 10 2021	188662	66	6221	0
Apr 11 2021	197728	66	9132	0
Apr 12 2021	190088	65	7529	0
Apr 13 2021	193320	100	6359	0
Apr 14 2021	199347	131	10542	0
Apr 15 2021	204116	126	9726	0
Apr 16 2021	208715	99	10664	0
Apr 17 2021	209401	41	5766	0
Apr 18 2021	212783	40	8462	0
Apr 19 2021	214676	40	6973	0
Apr 20 2021	219196	114	7562	0
Apr 21 2021	225042	148	10300	0
Apr 22 2021	230419	132	10877	0
Apr 23 2021	235226	95	11796	0
Apr 24 2021	234365	49	5437	0
Apr 25 2021	234755	49	7976	0
Apr 26 2021	236024	49	6577	0
Apr 27 2021	239568	117	7734	0
Apr 28 2021	242205	88	8728	0
Apr 29 2021	252270	137	10202	0
Apr 30 2021	248023	136	9192	0
May 01 2021	252471	26	4474	0
May 02 2021	252162	26	6570	0
May 03 2021	247982	25	5416	0
May 04 2021	252446	106	4570	0
May 05 2021	248414	167	6364	0
May 06 2021	249802	160	8004	0
May 07 2021	249336	66	8228	0
May 08 2021	243325	34	3824	0
May 09 2021	238063	34	5613	0
May 10 2021	236492	35	4620	0
May 11 2021	232155	205	4975	0
May 12 2021	231256	108	6450	0
May 13 2021	230727	73	5728	0
May 14 2021	226699	58	6373	0
May 15 2021	220059	31	3023	0
May 16 2021	214722	31	4440	0
May 17 2021	211820	31	3655	0
May 18 2021	207330	70	4017	0
May 19 2021	206543	66	6107	0
May 20 2021	204850	33	5760	0
May 21 2021	199448	19	4816	0
May 22 2021	191645	30	3022	0
May 23 2021	184355	30	4441	0
May 24 2021	182598	31	3647	0
May 25 2021	179980	90	5390	0
May 26 2021	178550	54	5034	0
May 27 2021	176221	33	5315	0
May 28 2021	173078	17	5506	0
May 29 2021	165611	16	2659	0
May 30 2021	160382	16	3906	0
May 31 2021	159144	16	3213	0
Jun 01 2021	156976	30	4410	0
Jun 02 2021	156591	66	5005	0
Jun 03 2021	157362	50	5270	0
Jun 04 2021	155993	97	4995	0
Jun 05 2021	150736	13	2606	0
Jun 06 2021	146374	13	3824	0
Jun 07 2021	145690	14	3122	0
Jun 08 2021	143522	73	3504	0
Jun 09 2021	143420	23	4427	0
Jun 10 2021	143750	133	4623	0
Jun 11 2021	143369	36	4142	0
Jun 12 2021	140653	5	2223	0
Jun 13 2021	137473	5	3270	0
Jun 14 2021	134419	6	2674	0
Jun 15 2021	131416	62	3432	0
Jun 16 2021	132251	36	3832	0
Jun 17 2021	132025	19	4197	0
Jun 18 2021	132585	18	4214	0
Jun 19 2021	130548	12	1962	0
Jun 20 2021	127328	12	2887	0
Jun 21 2021	123928	13	2360	0
Jun 22 2021	123122	30	4040	0
Jun 23 2021	124442	29	4341	0
Jun 24 2021	124519	18	4507	0
Jun 25 2021	125801	13	4924	0
Jun 26 2021	123195	3	2771	0
Jun 27 2021	122237	3	4076	0
Jun 28 2021	120254	4	3332	0
Jun 29 2021	121799	40	7091	0
Jun 30 2021	128361	46	9227	0
Jul 01 2021	136838	8	12345	0
Jul 02 2021	146168	28	12563	0
Jul 03 2021	150662	8	8876	0
Jul 04 2021	158713	8	13056	0
Jul 05 2021	164118	7	10675	0
Jul 06 2021	173260	18	14137	0
Jul 07 2021	188038	17	17384	0
Jul 08 2021	201503	28	17317	0
Jul 09 2021	220282	6	21879	0
Jul 10 2021	228095	6	11311	0
Jul 11 2021	234979	6	11311	0
Jul 12 2021	241666	5	11310	0
Jul 13 2021	281471	13	43960	0
Jul 14 2021	305641	10	26390	0
Jul 15 2021	330028	41	27688	0
Jul 16 2021	358443	12	31060	0
Jul 17 2021	375566	8	20543	0
Jul 18 2021	392277	8	20543	0
Jul 19 2021	408622	7	20542	0
Jul 20 2021	431665	29	27286	0
Jul 21 2021	460301	18	30587	0
Jul 22 2021	486939	28	29535	0
Jul 23 2021	515751	27	31171	0
Jul 24 2021	532280	16	20542	0
Jul 25 2021	548481	16	20542	0
Jul 26 2021	564515	15	20541	0
Jul 27 2021	585935	55	26399	0
Jul 28 2021	610295	73	27149	0
Jul 29 2021	632935	46	26689	0
Jul 30 2021	654358	44	24753	0
Jul 31 2021	665957	52	18646	0
Aug 01 2021	675376	52	18646	0
Aug 02 2021	681678	53	18647	0
Aug 03 2021	689312	130	20327	0
Aug 04 2021	702369	71	21874	0
Aug 05 2021	710684	87	21387	0
Aug 06 2021	721582	75	21561	0
Aug 07 2021	720733	40	13213	0
Aug 08 2021	716562	40	13213	0
Aug 09 2021	712457	39	13212	0
Aug 10 2021	706156	102	15680	0
Aug 11 2021	711877	93	17023	0
Aug 12 2021	717982	87	17410	0
Aug 13 2021	722353	63	15657	0
Aug 14 2021	687031	42	8575	0
Aug 15 2021	669216	42	8575	0
Aug 16 2021	650104	41	8576	0
Aug 17 2021	633236	144	14336	0
Aug 18 2021	624649	144	11956	0
Aug 19 2021	616574	121	12445	0
Aug 20 2021	608471	132	12450	0
Aug 21 2021	589283	67	7966	0
Aug 22 2021	566662	67	7966	0
Aug 23 2021	545094	67	7967	0
Aug 24 2021	523805	190	10072	0
Aug 25 2021	514071	163	10781	0
Aug 26 2021	500636	171	7115	0
Aug 27 2021	489616	139	9489	0
Aug 28 2021	468519	49	5163	0
Aug 29 2021	446533	49	5163	0
Aug 30 2021	425007	48	5163	0
Aug 31 2021	407827	194	7767	0
Sep 01 2021	396061	132	6818	0
Sep 02 2021	386940	168	9561	0
Sep 03 2021	374617	155	6311	0
Sep 04 2021	357658	44	3213	0
Sep 05 2021	338997	44	3213	0
Sep 06 2021	320823	45	3213	0
Sep 07 2021	304370	138	5246	0
Sep 08 2021	296832	81	5618	0
Sep 09 2021	288392	71	4763	0
Sep 10 2021	279619	72	4440	0
Sep 11 2021	266612	34	2601	0
Sep 12 2021	252190	34	2601	0
Sep 13 2021	237382	35	2602	0
Sep 14 2021	224831	155	3261	0
Sep 15 2021	220044	90	3723	0
Sep 16 2021	215533	101	4075	0
Sep 17 2021	210236	44	3222	0
Sep 18 2021	197940	39	1996	0
Sep 19 2021	187980	39	1996	0
Sep 20 2021	177531	40	1996	0
Sep 21 2021	167449	82	2450	0
Sep 22 2021	162303	102	2840	0
Sep 23 2021	157370	100	3031	0
Sep 24 2021	152205	44	2746	0
Sep 25 2021	143857	23	1680	0
Sep 26 2021	134756	23	1680	0
Sep 27 2021	129320	23	1679	0
Sep 28 2021	122061	60	2290	0
Sep 29 2021	119680	39	2761	0
Sep 30 2021	116938	18	2400	0
Oct 01 2021	113753	48	2037	0
Oct 02 2021	107487	21	1424	0
Oct 03 2021	102093	21	1424	0
Oct 04 2021	93955	22	1423	0
Oct 05 2021	89351	94	1801	0
Oct 06 2021	88478	57	2303	0
Oct 07 2021	87106	23	1807	0
Oct 08 2021	86148	77	2309	0
Oct 09 2021	82255	16	1276	0
Oct 10 2021	77913	16	1276	0
Oct 11 2021	74427	17	1277	0
Oct 12 2021	74427	0	0	0
Oct 13 2021	70102	42	2758	0
Oct 14 2021	69427	48	1932	0
Oct 15 2021	71618	57	2248	0
Oct 16 2021	67357	19	1497	0
Oct 17 2021	65131	19	1497	0
Oct 18 2021	62554	18	1498	0
Oct 19 2021	61200	21	1889	0
Oct 20 2021	61722	31	2528	0
Oct 21 2021	61618	20	1881	0
Oct 22 2021	62168	30	2556	0
Oct 23 2021	61243	18	1495	0
Oct 24 2021	59898	18	1495	0
Oct 25 2021	58362	18	1495	0
Oct 26 2021	57490	52	1926	0
Oct 27 2021	58343	51	2532	0
Oct 28 2021	58893	33	2212	0
Oct 29 2021	59462	46	2261	0
Oct 30 2021	58673	14	1455	0
Oct 31 2021	57367	14	1455	0
Nov 01 2021	56422	14	1455	0
Nov 02 2021	55840	13	1455	0
Nov 03 2021	56664	39	2287	0
Nov 04 2021	58555	15	3291	0
Nov 05 2021	60213	27	3093	0
Nov 06 2021	60578	18	2139	0
Nov 07 2021	60414	18	2139	0
Nov 08 2021	60746	18	2139	0
Nov 09 2021	61304	26	2867	0
Nov 10 2021	63622	33	3594	0
Nov 11 2021	66632	30	4286	0
Nov 12 2021	69708	26	4353	0
Nov 13 2021	71721	14	3266	0
Nov 14 2021	73482	14	3266	0
Nov 15 2021	74816	15	3266	0
Nov 16 2021	76630	29	4091	0
Nov 17 2021	81799	30	6667	0
Nov 18 2021	86618	29	6315	0
Nov 19 2021	91779	6	6636	0
Nov 20 2021	95188	7	5292	0
Nov 21 2021	97952	7	5292	0
Nov 22 2021	101362	8	5291	0
Nov 23 2021	105549	34	6777	0
Nov 24 2021	112577	38	8527	0
Nov 25 2021	120351	27	9258	0
Nov 26 2021	128771	24	9912	0
Nov 27 2021	134506	18	7637	0
Nov 28 2021	139611	18	7637	0
Nov 29 2021	145036	17	7637	0
Nov 30 2021	152992	44	10261	0
Dec 01 2021	162089	28	10536	0
Dec 02 2021	175120	42	14500	0
Dec 03 2021	187408	37	13738	0
Dec 04 2021	196942	20	10952	0
Dec 05 2021	205607	20	10952	0
Dec 06 2021	213268	20	10952	0
Dec 07 2021	221127	18	10952	0
Dec 08 2021	231443	34	12455	0
Dec 09 2021	243261	50	13957	0
Dec 10 2021	258074	60	17012	0
Dec 11 2021	271868	34	16601	0
Dec 12 2021	284875	34	16601	0
Dec 13 2021	297189	35	16600	0
Dec 14 2021	318914	58	26136	0
Dec 15 2021	342769	77	27140	0
Dec 16 2021	368432	48	28900	0
Dec 17 2021	398532	41	33359	0
Dec 18 2021	421050	28	26568	0
Dec 19 2021	440951	28	26568	0
Dec 20 2021	461204	29	26568	0
Dec 21 2021	504297	94	49823	0
Dec 22 2021	559090	50	60041	0
Dec 23 2021	626678	82	72912	0
Dec 24 2021	675124	30	53655	0
Dec 25 2021	722002	30	53655	0
Dec 26 2021	767130	30	53655	0
Dec 27 2021	811526	30	53654	0
Dec 28 2021	901171	114	99671	0
Dec 29 2021	994330	78	100760	0
Dec 30 2021	1148385	74	161688	0
Dec 31 2021	1234014	42	93192	0
Jan 01 2022	1316945	42	93192	0
Jan 02 2022	1399601	42	93192	0
Jan 03 2022	1478291	42	93190	0
Jan 04 2022	1582212	116	117775	0
Jan 05 2022	1708408	148	137180	0
Jan 06 2022	1824144	82	126540	0
Jan 07 2022	1929092	15	115900	0
Jan 08 2022	2015605	67	97465	0
Jan 09 2022	2100615	67	97465	0
Jan 10 2022	2184122	68	97464	0
Jan 11 2022	2301805	247	134942	0
Jan 12 2022	2464451	125	179125	0
Jan 13 2022	2607024	112	159161	0
Jan 14 2022	2752905	139	162508	0
Jan 15 2022	2837397	78	110489	0
Jan 16 2022	2920746	78	110489	0
Jan 17 2022	3002335	78	110489	0
Jan 18 2022	3063164	284	94472	0
Jan 19 2022	3194661	160	157941	0
Jan 20 2022	3325538	162	157447	0
Jan 21 2022	3440085	142	141095	0
Jan 22 2022	3492215	84	101811	0
Jan 23 2022	3533985	84	101811	0
Jan 24 2022	3562883	85	101810	0
Jan 25 2022	3623723	382	114877	0
Jan 26 2022	3703788	215	133553	0
Jan 27 2022	3781060	176	130888	0
Jan 28 2022	3846305	199	118922	0
Jan 29 2022	3807541	86	60708	0
Jan 30 2022	3767489	86	60708	0
Jan 31 2022	3666508	87	60707	0
Feb 01 2022	3650781	408	77873	0
Feb 02 2022	3643995	224	86222	0
Feb 03 2022	3625212	183	74368	0
Feb 04 2022	3606947	195	74937	0
Feb 05 2022	3529640	112	40273	0
Feb 06 2022	3432733	112	40273	0
Feb 07 2022	3346465	111	40272	0
Feb 08 2022	3274035	361	43831	0
Feb 09 2022	3239488	282	62839	0
Feb 10 2022	3194967	393	53055	0
Feb 11 2022	3146511	389	49004	0
Feb 12 2022	3034860	200	22902	0
Feb 13 2022	2878637	200	22902	0
Feb 14 2022	2742378	201	22902	0
Feb 15 2022	2613940	310	34380	0
Feb 16 2022	2540425	444	37108	0
Feb 17 2022	2464233	360	34213	0
Feb 18 2022	2384431	288	30615	0
Feb 19 2022	2306506	155	16259	0
Feb 20 2022	2164824	155	16259	0
Feb 21 2022	2023637	154	16260	0
Feb 22 2022	1904563	173	22194	0
Feb 23 2022	1836535	301	33911	0
Feb 24 2022	1770691	226	35892	0
Feb 25 2022	1696386	248	27527	0
Feb 26 2022	1596397	118	14640	0
Feb 27 2022	1477484	118	14640	0
Feb 28 2022	1361236	118	14640	0
Mar 01 2022	1256955	119	14641	0
Mar 02 2022	1214896	154	18803	0
Mar 03 2022	1177280	202	23140	0
Mar 04 2022	1138983	192	22400	0
Mar 05 2022	1073301	48	11999	0
Mar 06 2022	999078	48	11999	0
Mar 07 2022	936709	47	11999	0
Mar 08 2022	884636	285	23149	0
Mar 09 2022	866451	133	21936	0
Mar 10 2022	848841	85	22615	0
Mar 11 2022	828445	58	19849	0
Mar 12 2022	793689	70	9017	0
Mar 13 2022	739867	70	9017	0
Mar 14 2022	695829	70	9017	0
Mar 15 2022	655840	71	9015	0
Mar 16 2022	654470	96	21532	0
Mar 17 2022	653100	96	21532	0
Mar 18 2022	651731	95	21533	0
Mar 19 2022	630888	88	13537	0
Mar 20 2022	607317	88	13537	0
Mar 21 2022	586641	88	13537	0
Mar 22 2022	569562	86	13536	0
Mar 23 2022	577600	113	24297	0
Mar 24 2022	585638	113	24297	0
Mar 25 2022	593676	113	24298	0
Mar 26 2022	585596	0	14158	0
Mar 27 2022	565799	0	14158	0
Mar 28 2022	544021	0	14158	0
Mar 29 2022	530611	0	14159	0
Mar 30 2022	530567	50	14422	0
Mar 31 2022	530349	50	14422	0
Apr 01 2022	530130	49	14421	0
Apr 02 2022	522259	52	6770	0
Apr 03 2022	510226	52	6770	0
Apr 04 2022	493856	52	6770	0
Apr 05 2022	478225	50	6769	0
Apr 06 2022	482504	119	16278	0
Apr 07 2022	486783	119	16278	0
Apr 08 2022	491062	119	16278	0
Apr 09 2022	476595	41	8682	0
Apr 10 2022	463341	41	8682	0
Apr 11 2022	449408	41	8682	0
Apr 12 2022	438240	39	8681	0
Apr 13 2022	434463	65	10668	0
Apr 14 2022	430686	65	10668	0
Apr 15 2022	426909	65	10668	0
Apr 16 2022	423132	65	10668	0
Apr 17 2022	419354	65	10668	0
Apr 18 2022	415576	65	10668	0
Apr 19 2022	412191	65	10671	0
Apr 20 2022	415100	62	16381	0
Apr 21 2022	417944	62	16381	0
Apr 22 2022	420788	63	16381	0
Apr 23 2022	419107	80	11855	0
Apr 24 2022	406665	80	11855	0
Apr 25 2022	394223	80	11855	0
Apr 26 2022	381781	79	11856	0
Apr 27 2022	388521	76	20898	0
Apr 28 2022	395261	76	20898	0
Apr 29 2022	402002	77	20899	0
Apr 30 2022	402175	53	14332	0
May 01 2022	402085	53	14332	0
May 02 2022	401995	53	14332	0
May 03 2022	401907	53	14333	0
May 04 2022	413663	67	18526	0
May 05 2022	425419	67	18526	0
May 06 2022	437175	67	18526	0
May 07 2022	442863	64	12457	0
May 08 2022	439042	64	12457	0
May 09 2022	435221	64	12457	0
May 10 2022	431401	62	12458	0
May 11 2022	445464	107	22745	0
May 12 2022	459527	107	22745	0
May 13 2022	473589	107	22744	0
May 14 2022	477936	50	13028	0
May 15 2022	480296	50	13028	0
May 16 2022	482656	50	13028	0
May 17 2022	485016	48	13028	0
May 18 2022	493961	102	19613	0
May 19 2022	502906	102	19613	0
May 20 2022	511851	101	19613	0
May 21 2022	511748	40	10568	0
May 22 2022	505935	40	10568	0
May 23 2022	500122	40	10568	0
May 24 2022	494309	38	10568	0
May 25 2022	497760	79	15306	0
May 26 2022	501211	79	15306	0
May 27 2022	504663	78	15307	0
May 28 2022	501305	38	8498	0
May 29 2022	488905	38	8498	0
May 30 2022	476505	38	8498	0
May 31 2022	464104	38	8498	0
Jun 01 2022	464102	101	14330	0
Jun 02 2022	464100	101	14330	0
Jun 03 2022	464097	102	14329	0
Jun 04 2022	458087	29	8323	0
Jun 05 2022	447884	29	8323	0
Jun 06 2022	437681	29	8323	0
Jun 07 2022	427479	30	8324	0
Jun 08 2022	429174	65	14152	0
Jun 09 2022	430869	65	14152	0
Jun 10 2022	432564	64	14152	0
Jun 11 2022	429139	33	9033	0
Jun 12 2022	415427	33	9033	0
Jun 13 2022	401715	33	9033	0
Jun 14 2022	388005	32	9034	0
Jun 15 2022	391068	81	16091	0
Jun 16 2022	394131	81	16091	0
Jun 17 2022	397193	81	16090	0
Jun 18 2022	396724	31	12559	0
Jun 19 2022	389670	31	12559	0
Jun 20 2022	382616	31	12559	0
Jun 21 2022	375561	29	12558	0
Jun 22 2022	387722	65	22729	0
Jun 23 2022	399883	65	22729	0
Jun 24 2022	412043	65	22728	0
Jun 25 2022	414530	27	13055	0
Jun 26 2022	412279	27	13055	0
Jun 27 2022	410028	27	13055	0
Jun 28 2022	407774	26	13053	0
Jun 29 2022	427325	68	28049	0
Jun 30 2022	446876	68	28049	0
Jul 01 2022	466426	69	28048	0
Jul 02 2022	475883	37	17955	0
Jul 03 2022	479508	37	17955	0
Jul 04 2022	483133	37	17955	0
Jul 05 2022	486757	37	17953	0
Jul 06 2022	506305	157	27871	0
Jul 07 2022	525853	157	27871	0
Jul 08 2022	545401	157	27871	0
Jul 09 2022	551884	55	14807	0
Jul 10 2022	552539	55	14807	0
Jul 11 2022	553194	55	14807	0
Jul 12 2022	553847	53	14805	0
Jul 13 2022	564026	133	19212	0
Jul 14 2022	574205	133	19212	0
Jul 15 2022	584383	134	19211	0
Jul 16 2022	585770	74	10421	0
Jul 17 2022	580100	74	10421	0
Jul 18 2022	574430	74	10421	0
Jul 19 2022	568760	72	10420	0
Jul 20 2022	580436	182	24235	0
Jul 21 2022	592112	182	24235	0
Jul 22 2022	603787	181	24234	0
Jul 23 2022	603735	52	0	0
Jul 24 2022	603683	52	0	0
Jul 25 2022	603631	52	0	0
Jul 26 2022	523043	51	0	0
Jul 27 2022	516137	108	6149	0
Jul 28 2022	510866	108	7784	0
Jul 29 2022	505594	109	7783	0
Jul 30 2022	497395	0	4854	0
Jul 31 2022	474200	0	4854	0
Aug 01 2022	451005	0	4854	0
Aug 02 2022	427812	0	4855	0
Aug 03 2022	416586	121	6729	0
Aug 04 2022	405360	127	6729	0
Aug 05 2022	394135	127	6730	0
Aug 06 2022	379775	61	3593	0
Aug 07 2022	355497	61	3593	0
Aug 08 2022	331219	61	3593	0
Aug 09 2022	306942	62	3594	0
Aug 10 2022	296662	109	4527	0
Aug 11 2022	286382	109	4527	0
Aug 12 2022	276103	110	4528	0
Aug 13 2022	264339	60	3041	0
Aug 14 2022	248168	60	3041	0
Aug 15 2022	231997	60	3041	0
Aug 16 2022	215825	59	3039	0
Aug 17 2022	208225	74	2821	0
Aug 18 2022	200625	74	2821	0
Aug 19 2022	193025	74	2821	0
Aug 20 2022	184860	30	2255	0
Aug 21 2022	162880	30	2255	0
Aug 22 2022	140900	30	2255	0
Aug 23 2022	118921	28	2255	0
Aug 24 2022	121916	69	3064	0
Aug 25 2022	124911	69	3064	0
Aug 26 2022	127905	70	3064	0
Aug 27 2022	130257	37	2389	0
Aug 28 2022	126742	37	2389	0
Aug 29 2022	121347	37	2389	0
Aug 30 2022	115951	35	2387	0
Aug 31 2022	114260	68	3163	0
Sep 01 2022	112569	68	3163	0
Sep 02 2022	110878	68	3163	0
Sep 03 2022	107699	30	1676	0
Sep 04 2022	102646	30	1676	0
Sep 05 2022	97593	30	1676	0
Sep 06 2022	92538	29	1675	0
Sep 07 2022	91920	69	2975	0
Sep 08 2022	91302	69	2975	0
Sep 09 2022	90684	69	2975	0
Sep 10 2022	88707	37	1617	0
Sep 11 2022	85797	37	1617	0
Sep 12 2022	82887	37	1617	0
Sep 13 2022	79977	38	1618	0
Sep 14 2022	80523	149	3587	0
Sep 15 2022	81069	149	3587	0
Sep 16 2022	81614	148	3586	0
Sep 17 2022	80655	30	2080	0
Sep 18 2022	79914	30	2080	0
Sep 19 2022	79173	30	2080	0
Sep 20 2022	78432	30	2080	0
Sep 21 2022	79612	55	3435	0
Sep 22 2022	80792	55	3435	0
Sep 23 2022	81973	54	3436	0
Sep 24 2022	81908	19	2190	0
Sep 25 2022	81034	19	2190	0
Sep 26 2022	80160	19	2190	0
Sep 27 2022	79287	18	2191	0
Sep 28 2022	80472	32	3574	0
Sep 29 2022	81657	32	3574	0
Sep 30 2022	82841	31	3573	0
Oct 01 2022	82483	21	2029	0
Oct 02 2022	81349	21	2029	0
Oct 03 2022	80215	21	2029	0
Oct 04 2022	79079	20	2027	0
Oct 05 2022	81017	69	3614	0
Oct 06 2022	82955	69	3614	0
Oct 07 2022	84894	68	3615	0
Oct 08 2022	86169	25	2950	0
Oct 09 2022	86144	25	2950	0
Oct 10 2022	86119	25	2950	0
Oct 11 2022	86094	25	2950	0
Oct 12 2022	87427	25	2950	0
Oct 13 2022	88760	25	2950	0
Oct 14 2022	90095	23	2952	0
Oct 15 2022	92109	31	3632	0
Oct 16 2022	92154	31	3632	0
Oct 17 2022	92199	31	3632	0
Oct 18 2022	92245	31	3632	0
Oct 19 2022	93797	31	3632	0
Oct 20 2022	95349	31	3632	0
Oct 21 2022	96899	31	3630	0
Oct 22 2022	98212	31	3393	0
Oct 23 2022	98170	31	3393	0
Oct 24 2022	98128	31	3393	0
Oct 25 2022	98085	31	3393	0
Oct 26 2022	99288	31	3393	0
Oct 27 2022	100491	31	3393	0
Oct 28 2022	101696	34	3395	0
Oct 29 2022	102059	23	2554	0
Oct 30 2022	101039	23	2554	0
Oct 31 2022	100019	23	2554	0
Nov 01 2022	99000	23	2554	0
Nov 02 2022	99525	23	2554	0
Nov 03 2022	100050	23	2554	0
Nov 04 2022	100572	23	2551	0
Nov 05 2022	101673	17	3128	0
Nov 06 2022	101187	17	3128	0
Nov 07 2022	100701	17	3128	0
Nov 08 2022	100214	17	3128	0
Nov 09 2022	100392	17	3128	0
Nov 10 2022	100570	17	3128	0
Nov 11 2022	100748	16	3128	0
Nov 12 2022	100967	41	3169	0
Nov 13 2022	101186	41	3169	0
Nov 14 2022	101405	41	3169	0
Nov 15 2022	101622	41	3169	0
Nov 16 2022	101159	41	3169	0
Nov 17 2022	100696	41	3169	0
Nov 18 2022	100232	38	3168	0
Nov 19 2022	99712	37	3112	0
Nov 20 2022	99192	37	3112	0
Nov 21 2022	98672	37	3112	0
Nov 22 2022	98154	37	3112	0
Nov 23 2022	97873	37	3112	0
Nov 24 2022	97592	37	3112	0
Nov 25 2022	97310	38	3111	0
Nov 26 2022	96675	30	2758	0
Nov 27 2022	96040	30	2758	0
Nov 28 2022	95405	30	2758	0
Nov 29 2022	94768	30	2758	0
Nov 30 2022	94972	30	2758	0
Dec 01 2022	95176	30	2758	0
Dec 02 2022	95377	27	2755	0
Dec 03 2022	95370	45	2547	0
Dec 04 2022	95363	45	2547	0
Dec 05 2022	95356	45	2547	0
Dec 06 2022	95352	45	2547	0
Dec 07 2022	94771	45	2547	0
Dec 08 2022	94190	45	2547	0
Dec 09 2022	93608	44	2546	0
Dec 10 2022	93138	34	2658	0
Dec 11 2022	92668	34	2658	0
Dec 12 2022	92198	34	2658	0
Dec 13 2022	91728	34	2658	0
Dec 14 2022	91217	34	2658	0
Dec 15 2022	90706	34	2658	0
Dec 16 2022	90193	32	2656	0
Dec 17 2022	89709	34	2685	0
Dec 18 2022	89225	34	2685	0
Dec 19 2022	88741	34	2685	0
Dec 20 2022	88258	34	2685	0
Dec 21 2022	87831	34	2685	0
Dec 22 2022	87404	34	2685	0
Dec 23 2022	86980	37	2688	0
Dec 24 2022	85900	28	2032	0
Dec 25 2022	84820	28	2032	0
Dec 26 2022	83740	28	2032	0
Dec 27 2022	82661	28	2032	0
Dec 28 2022	81935	28	2032	0
Dec 29 2022	81209	28	2032	0
Dec 30 2022	80480	28	2029	0
Dec 31 2022	79449	45	1317	0
Jan 01 2023	78418	45	1317	0
Jan 02 2023	77387	45	1317	0
Jan 03 2023	76356	45	1317	0
Jan 04 2023	75325	45	1317	0
Jan 05 2023	74294	45	1317	0
Jan 06 2023	73259	48	1318	0
Jan 07 2023	69800	45	1317	0
Jan 08 2023	68570	45	1317	0
Jan 09 2023	67340	45	1317	0
Jan 10 2023	66111	45	1317	0
Jan 11 2023	64770	45	1317	0
Jan 12 2023	63429	45	1317	0
Jan 13 2023	70642	76	9871	0
Jan 14 2023	69301	45	1317	0
Jan 15 2023	67960	45	1317	0
Jan 16 2023	66619	45	1317	0
Jan 17 2023	65280	45	1317	0
Jan 18 2023	63912	45	1317	0
Jan 19 2023	62544	45	1317	0
Jan 20 2023	63383	154	3524	0
Jan 21 2023	61955	36	1257	0
Jan 22 2023	60527	36	1257	0
Jan 23 2023	59099	36	1257	0
Jan 24 2023	57668	36	1257	0
Jan 25 2023	56893	36	1257	0
Jan 26 2023	56118	36	1257	0
Jan 27 2023	55345	35	1259	0
Jan 28 2023	54606	40	1293	0
Jan 29 2023	53867	40	1293	0
Jan 30 2023	53128	40	1293	0
Jan 31 2023	52392	40	1293	0
Feb 01 2023	52368	40	1293	0
Feb 02 2023	52344	40	1293	0
Feb 03 2023	52322	38	1295	0
Feb 04 2023	52203	38	1198	0
Feb 05 2023	52084	38	1198	0
Feb 06 2023	51965	38	1198	0
Feb 07 2023	51845	38	1198	0
Feb 08 2023	51726	38	1198	0
Feb 09 2023	51607	38	1198	0
Feb 10 2023	51489	36	1199	0
Feb 11 2023	51177	30	1005	0
Feb 12 2023	50865	30	1005	0
Feb 13 2023	50553	30	1005	0
Feb 14 2023	41687	30	1005	0
Feb 15 2023	41375	30	1005	0
Feb 16 2023	41063	30	1005	0
Feb 17 2023	40754	30	1008	0
Feb 18 2023	40491	28	1054	0
Feb 19 2023	40228	28	1054	0
Feb 20 2023	39965	28	1054	0
Feb 21 2023	37495	28	1054	0
Feb 22 2023	37292	28	1054	0
Feb 23 2023	37089	28	1054	0
Feb 24 2023	36888	26	1056	0
Feb 25 2023	36644	14	1013	0
Feb 26 2023	36400	14	1013	0
Feb 27 2023	36156	14	1013	0
Feb 28 2023	35910	14	1013	0
Mar 01 2023	35630	14	1013	0
Mar 02 2023	35350	14	1013	0
Mar 03 2023	35072	15	1015	0
Mar 04 2023	34927	20	1148	0
Mar 05 2023	34782	20	1148	0
Mar 06 2023	34637	20	1148	0
Mar 07 2023	34490	20	1148	0
Mar 08 2023	34440	20	1148	0
Mar 09 2023	34390	20	1148	0
Mar 10 2023	34342	19	1150	0
Mar 11 2023	33815	36	671	0
Mar 12 2023	33288	36	671	0
Mar 13 2023	32761	36	671	0
Mar 14 2023	32233	36	671	0
Mar 15 2023	31899	36	671	0
Mar 16 2023	31565	36	671	0
Mar 17 2023	31230	38	670	0
Mar 18 2023	31285	43	1060	0
Mar 19 2023	31340	43	1060	0
Mar 20 2023	31395	43	1060	0
Mar 21 2023	31447	43	1060	0
Mar 22 2023	31453	43	1060	0
Mar 23 2023	31459	43	1060	0
Mar 24 2023	31462	40	1057	0
Mar 25 2023	31575	37	1167	0
Mar 26 2023	31688	37	1167	0
Mar 27 2023	31801	37	1167	0
Mar 28 2023	31912	37	1167	0
Mar 29 2023	32066	37	1167	0
Mar 30 2023	32220	37	1167	0
Mar 31 2023	32372	34	1165	0
Apr 01 2023	32436	13	1077	0
Apr 02 2023	32500	13	1077	0
Apr 03 2023	32564	13	1077	0
Apr 04 2023	32626	13	1077	0
Apr 05 2023	32555	13	1077	0
Apr 06 2023	32484	13	1077	0
Apr 07 2023	32413	13	1077	0
Apr 08 2023	32342	13	1077	0
Apr 09 2023	32271	13	1077	0
Apr 10 2023	32200	13	1077	0
Apr 11 2023	32127	13	1077	0
Apr 12 2023	32533	13	1077	0
Apr 13 2023	32939	13	1077	0
Apr 14 2023	33350	11	1082	0
Apr 15 2023	34282	16	1603	0
Apr 16 2023	35214	16	1603	0
Apr 17 2023	36146	16	1603	0
Apr 18 2023	37079	16	1603	0
Apr 19 2023	37622	16	1603	0
Apr 20 2023	38165	16	1603	0
Apr 21 2023	38709	13	1604	0
Apr 22 2023	39133	18	1484	0
Apr 23 2023	39557	18	1484	0
Apr 24 2023	39981	18	1484	0
Apr 25 2023	40408	18	1484	0
Apr 26 2023	40725	18	1484	0
Apr 27 2023	41042	18	1484	0
Apr 28 2023	41359	18	1484	0
Apr 29 2023	41676	18	1484	0
Apr 30 2023	41993	18	1484	0
May 01 2023	42310	18	1484	0
May 02 2023	42629	18	1484	0
May 03 2023	43036	18	1484	0
May 04 2023	43443	18	1484	0
May 05 2023	43847	15	1481	0
May 06 2023	44370	18	1600	0
May 07 2023	44893	18	1600	0
May 08 2023	45416	18	1600	0
May 09 2023	45939	18	1600	0
May 10 2023	46462	18	1600	0
May 11 2023	46985	18	1600	0
May 12 2023	47508	18	1600	0
May 13 2023	48031	18	1600	0
May 14 2023	48554	18	1600	0
May 15 2023	49077	18	1600	0
May 16 2023	49595	18	1600	0
May 17 2023	49592	18	1600	0
May 18 2023	49589	18	1600	0
May 19 2023	49588	15	1602	0
May 20 2023	49580	15	1595	0
May 21 2023	49572	15	1595	0
May 22 2023	49564	15	1595	0
May 23 2023	49555	15	1595	0
May 24 2023	49666	15	1595	0
May 25 2023	49777	15	1595	0
May 26 2023	49888	15	1595	0
May 27 2023	49999	14	1595	0
May 28 2023	50110	14	1595	0
May 29 2023	50221	14	1595	0
May 30 2023	50332	14	1595	0
May 31 2023	50443	15	1595	0
Jun 01 2023	50554	15	1595	0
Jun 02 2023	50663	12	1593	0
Jun 03 2023	50214	15	1035	0
Jun 04 2023	49765	15	1035	0
Jun 05 2023	49316	15	1035	0
Jun 06 2023	48870	15	1035	0
Jun 07 2023	48305	15	1035	0
Jun 08 2023	47740	15	1035	0
Jun 09 2023	47175	15	1035	0
Jun 10 2023	46610	14	1035	0
Jun 11 2023	46045	14	1035	0
Jun 12 2023	45480	14	1035	0
Jun 13 2023	44915	14	1035	0
Jun 14 2023	44350	15	1035	0
Jun 15 2023	43785	15	1035	0
Jun 16 2023	43223	15	1038	0
Jun 17 2023	42320	10	697	0
Jun 18 2023	41417	10	697	0
Jun 19 2023	40514	10	697	0
Jun 20 2023	39609	10	697	0
Jun 21 2023	38711	10	697	0
Jun 22 2023	37813	10	697	0
Jun 23 2023	36915	10	697	0
Jun 24 2023	36017	10	697	0
Jun 25 2023	35119	10	697	0
Jun 26 2023	34221	10	697	0
Jun 27 2023	33323	10	697	0
Jun 28 2023	32425	10	697	0
Jun 29 2023	31527	10	697	0
Jun 30 2023	30634	8	702	0
Jul 01 2023	30634	0	0	0
Jul 02 2023	30634	0	0	0
Jul 03 2023	30634	0	0	0
Jul 04 2023	30634	0	0	0
Jul 05 2023	30634	0	0	0
Jul 06 2023	30634	0	0	0
Jul 07 2023	30634	0	0	0
Jul 08 2023	30634	0	0	0
Jul 09 2023	30634	0	0	0
Jul 10 2023	30634	0	0	0
Jul 11 2023	30634	0	0	0
Jul 12 2023	30634	0	0	0
Jul 13 2023	30634	0	0	0
Jul 14 2023	30634	0	0	0
Jul 15 2023	30634	0	0	0
Jul 16 2023	30634	0	0	0
Jul 17 2023	30634	0	0	0
Jul 18 2023	30634	0	0	0
Jul 19 2023	30634	0	0	0
Jul 20 2023	30634	0	0	0
Jul 21 2023	30634	0	0	0
Jul 22 2023	30634	0	0	0
Jul 23 2023	30634	0	0	0
Jul 24 2023	30634	0	0	0
Jul 25 2023	30634	0	0	0
Jul 26 2023	30634	0	0	0
Jul 27 2023	30634	0	0	0
Jul 28 2023	30634	0	0	0
Jul 29 2023	30634	0	0	0
Jul 30 2023	30634	0	0	0
Jul 31 2023	30634	0	0	0
Aug 01 2023	30634	0	0	0
Aug 02 2023	30634	0	0	0
Aug 03 2023	30634	0	0	0
Aug 04 2023	30634	0	0	0
Aug 05 2023	30634	0	0	0
Aug 06 2023	30634	0	0	0
Aug 07 2023	30634	0	0	0
Aug 08 2023	30634	0	0	0
Aug 09 2023	30634	0	0	0
Aug 10 2023	30634	0	0	0
Aug 11 2023	30634	0	0	0
Aug 12 2023	30634	0	0	0
Aug 13 2023	30634	0	0	0
Aug 14 2023	30634	0	0	0
Aug 15 2023	30634	0	0	0
Aug 16 2023	30634	0	0	0
Aug 17 2023	30634	0	0	0
Aug 18 2023	30634	0	0	0
Aug 19 2023	30634	0	0	0
Aug 20 2023	30634	0	0	0
Aug 21 2023	30634	0	0	0
Aug 22 2023	30634	0	0	0
Aug 23 2023	30634	0	0	0
Aug 24 2023	30634	0	0	0
Aug 25 2023	30634	0	0	0
Aug 26 2023	30634	0	0	0
Aug 27 2023	30634	0	0	0
Aug 28 2023	30634	0	0	0
Aug 29 2023	30634	0	0	0
Aug 30 2023	30634	0	0	0
Aug 31 2023	30634	0	0	0
Sep 01 2023	30634	0	0	0
Sep 02 2023	30634	0	0	0
Sep 03 2023	30634	0	0	0
Sep 04 2023	30634	0	0	0
Sep 05 2023	30634	0	0	0
Sep 06 2023	30634	0	0	0
Sep 07 2023	30634	0	0	0
Sep 08 2023	30634	0	0	0
Sep 09 2023	30634	0	0	0
Sep 10 2023	30634	0	0	0
Sep 11 2023	30634	0	0	0
Sep 12 2023	30634	0	0	0
Sep 13 2023	30634	0	0	0
Sep 14 2023	30634	0	0	0
Sep 15 2023	30634	0	0	0
Sep 16 2023	30634	0	0	0
Sep 17 2023	30634	0	0	0
Sep 18 2023	30634	0	0	0
Sep 19 2023	30634	0	0	0
Sep 20 2023	30634	0	0	0
Sep 21 2023	30634	0	0	0
Sep 22 2023	30634	0	0	0
Sep 23 2023	30634	0	0	0
Sep 24 2023	30634	0	0	0
Sep 25 2023	30634	0	0	0
Sep 26 2023	30634	0	0	0
Sep 27 2023	30634	0	0	0
Sep 28 2023	30634	0	0	0
Sep 29 2023	30634	0	0	0
Sep 30 2023	30634	0	0	0
Oct 01 2023	30634	0	0	0
Oct 02 2023	30634	0	0	0
Oct 03 2023	30634	0	0	0
Oct 04 2023	30634	0	0	0
Oct 05 2023	30634	0	0	0
Oct 06 2023	30634	0	0	0
Oct 07 2023	30634	0	0	0
Oct 08 2023	30634	0	0	0
Oct 09 2023	30634	0	0	0
Oct 10 2023	30634	0	0	0
Oct 11 2023	30634	0	0	0
Oct 12 2023	30634	0	0	0
Oct 13 2023	30634	0	0	0
Oct 14 2023	30634	0	0	0
Oct 15 2023	30634	0	0	0
Oct 16 2023	30634	0	0	0
Oct 17 2023	30634	0	0	0
Oct 18 2023	30634	0	0	0
Oct 19 2023	30634	0	0	0
Oct 20 2023	30634	0	0	0
Oct 21 2023	30634	0	0	0
Oct 22 2023	30634	0	0	0
Oct 23 2023	30634	0	0	0
Oct 24 2023	30634	0	0	0
Oct 25 2023	30634	0	0	0
Oct 26 2023	30634	0	0	0
Oct 27 2023	30634	0	0	0
Oct 28 2023	30634	0	0	0
Oct 29 2023	30634	0	0	0
Oct 30 2023	30634	0	0	0
Oct 31 2023	30634	0	0	0
Nov 01 2023	30634	0	0	0
Nov 02 2023	30634	0	0	0
Nov 03 2023	30634	0	0	0
Nov 04 2023	30634	0	0	0
Nov 05 2023	30634	0	0	0
Nov 06 2023	30634	0	0	0
Nov 07 2023	30634	0	0	0
Nov 08 2023	30634	0	0	0
Nov 09 2023	30634	0	0	0
Nov 10 2023	30634	0	0	0
Nov 11 2023	30634	0	0	0
Nov 12 2023	30634	0	0	0
Nov 13 2023	30634	0	0	0
Nov 14 2023	30634	0	0	0
Nov 15 2023	30634	0	0	0
Nov 16 2023	30634	0	0	0
Nov 17 2023	30634	0	0	0
Nov 18 2023	30634	0	0	0
Nov 19 2023	30634	0	0	0
Nov 20 2023	30634	0	0	0
Nov 21 2023	30634	0	0	0
Nov 22 2023	30634	0	0	0
Nov 23 2023	30634	0	0	0
Nov 24 2023	30634	0	0	0
Nov 25 2023	30634	0	0	0
Nov 26 2023	30634	0	0	0
Nov 27 2023	30634	0	0	0
Nov 28 2023	30634	0	0	0
Nov 29 2023	30634	0	0	0
Nov 30 2023	30634	0	0	0
Dec 01 2023	30634	0	0	0
Dec 02 2023	30634	0	0	0
Dec 03 2023	30634	0	0	0
Dec 04 2023	30634	0	0	0
Dec 05 2023	30634	0	0	0
Dec 06 2023	30634	0	0	0
Dec 07 2023	30634	0	0	0
Dec 08 2023	30634	0	0	0
Dec 09 2023	30634	0	0	0
Dec 10 2023	30634	0	0	0
Dec 11 2023	30634	0	0	0
Dec 12 2023	30634	0	0	0
Dec 13 2023	30634	0	0	0
Dec 14 2023	30634	0	0	0
Dec 15 2023	30634	0	0	0
Dec 16 2023	30634	0	0	0
Dec 17 2023	30634	0	0	0
Dec 18 2023	30634	0	0	0
Dec 19 2023	30634	0	0	0
Dec 20 2023	30634	0	0	0
Dec 21 2023	30634	0	0	0
Dec 22 2023	30634	0	0	0
Dec 23 2023	30634	0	0	0
Dec 24 2023	30634	0	0	0
Dec 25 2023	30634	0	0	0
Dec 26 2023	30634	0	0	0
Dec 27 2023	30634	0	0	0
Dec 28 2023	30634	0	0	0
Dec 29 2023	30634	0	0	0
Dec 30 2023	30634	0	0	0
Dec 31 2023	30634	0	0	0
Jan 01 2024	30634	0	0	0
Jan 02 2024	30634	0	0	0
Jan 03 2024	30634	0	0	0
Jan 04 2024	30634	0	0	0
Jan 05 2024	30634	0	0	0
Jan 06 2024	30634	0	0	0
Jan 07 2024	30634	0	0	0
Jan 08 2024	30634	0	0	0
Jan 09 2024	30634	0	0	0
Jan 10 2024	30634	0	0	0
Jan 11 2024	30634	0	0	0
Jan 12 2024	30634	0	0	0
Jan 13 2024	30634	0	0	0
Jan 14 2024	30634	0	0	0
Jan 15 2024	30634	0	0	0
Jan 16 2024	30634	0	0	0
Jan 17 2024	30634	0	0	0
Jan 18 2024	30634	0	0	0
Jan 19 2024	30634	0	0	0
Jan 20 2024	30634	0	0	0
Jan 21 2024	30634	0	0	0
Jan 22 2024	30634	0	0	0
Jan 23 2024	30634	0	0	0
Jan 24 2024	30634	0	0	0
Jan 25 2024	30634	0	0	0
Jan 26 2024	30634	0	0	0
Jan 27 2024	30634	0	0	0
Jan 28 2024	30634	0	0	0
Jan 29 2024	30634	0	0	0
Jan 30 2024	30634	0	0	0
Jan 31 2024	30634	0	0	0
Feb 01 2024	30634	0	0	0
Feb 02 2024	30634	0	0	0
Feb 03 2024	30634	0	0	0
Feb 04 2024	30634	0	0	0
Feb 05 2024	30634	0	0	0
Feb 06 2024	30634	0	0	0
Feb 07 2024	30634	0	0	0
Feb 08 2024	30634	0	0	0
Feb 09 2024	30634	0	0	0
Feb 10 2024	30634	0	0	0
Feb 11 2024	30634	0	0	0
Feb 12 2024	30634	0	0	0
Feb 13 2024	30634	0	0	0
Feb 14 2024	30634	0	0	0
Feb 15 2024	30634	0	0	0
Feb 16 2024	30634	0	0	0
Feb 17 2024	30634	0	0	0
Feb 18 2024	30634	0	0	0
Feb 19 2024	30634	0	0	0
Feb 20 2024	30634	0	0	0
Feb 21 2024	30634	0	0	0
Feb 22 2024	30634	0	0	0
Feb 23 2024	30634	0	0	0
Feb 24 2024	30634	0	0	0
Feb 25 2024	30634	0	0	0
Feb 26 2024	30634	0	0	0
Feb 27 2024	30634	0	0	0
Feb 28 2024	30634	0	0	0
Feb 29 2024	30634	0	0	0
Mar 01 2024	30634	0	0	0
Mar 02 2024	30634	0	0	0
Mar 03 2024	30634	0	0	0
Mar 04 2024	30634	0	0	0
Mar 05 2024	30634	0	0	0
Mar 06 2024	30634	0	0	0
Mar 07 2024	30634	0	0	0
Mar 08 2024	30634	0	0	0
Mar 09 2024	30634	0	0	0
Mar 10 2024	30634	0	0	0
Mar 11 2024	30634	0	0	0
Mar 12 2024	30634	0	0	0
Mar 13 2024	30634	0	0	0
Mar 14 2024	30634	0	0	0
Mar 15 2024	30634	0	0	0
Mar 16 2024	30634	0	0	0
Mar 17 2024	30634	0	0	0
Mar 18 2024	30634	0	0	0
Mar 19 2024	30634	0	0	0
Mar 20 2024	30634	0	0	0
Mar 21 2024	30634	0	0	0
Mar 22 2024	30634	0	0	0
Mar 23 2024	30634	0	0	0
Mar 24 2024	30634	0	0	0
Mar 25 2024	30634	0	0	0
Mar 26 2024	30634	0	0	0
Mar 27 2024	30634	0	0	0
Mar 28 2024	30634	0	0	0
Mar 29 2024	30634	0	0	0
Mar 30 2024	30634	0	0	0
Mar 31 2024	30634	0	0	0
Apr 01 2024	30634	0	0	0
Apr 02 2024	30634	0	0	0
Apr 03 2024	30634	0	0	0
Apr 04 2024	30634	0	0	0
Apr 05 2024	30634	0	0	0
Apr 06 2024	30634	0	0	0
