Date	Active Cases	Daily Death	New cases	Recoverd Cases
Feb 15 2020	0	0	0	0
Feb 16 2020	0	0	0	0
Feb 17 2020	0	0	0	0
Feb 18 2020	0	0	0	0
Feb 19 2020	0	0	0	0
Feb 20 2020	0	0	0	0
Feb 21 2020	0	0	0	0
Feb 22 2020	0	0	0	0
Feb 23 2020	0	0	0	0
Feb 24 2020	0	0	0	0
Feb 25 2020	0	0	0	0
Feb 26 2020	0	0	0	0
Feb 27 2020	0	0	0	0
Feb 28 2020	0	0	0	0
Feb 29 2020	0	0	0	0
Mar 01 2020	0	0	0	0
Mar 02 2020	0	0	3	0
Mar 03 2020	0	0	1	0
Mar 04 2020	0	0	22	0
Mar 05 2020	0	0	1	0
Mar 06 2020	0	0	1	0
Mar 07 2020	0	0	3	0
Mar 08 2020	0	0	6	0
Mar 09 2020	0	0	7	1
Mar 10 2020	0	0	15	0
Mar 11 2020	0	0	0	0
Mar 12 2020	0	1	12	0
Mar 13 2020	0	1	8	6
Mar 14 2020	0	0	18	0
Mar 15 2020	0	0	14	3
Mar 16 2020	0	0	15	0
Mar 17 2020	0	1	14	1
Mar 18 2020	0	0	26	0
Mar 19 2020	0	1	25	6
Mar 20 2020	0	1	55	3
Mar 21 2020	0	0	83	0
Mar 22 2020	0	3	64	1
Mar 23 2020	0	3	103	10
Mar 24 2020	0	0	37	6
Mar 25 2020	0	2	121	3
Mar 26 2020	0	8	70	2
Mar 27 2020	0	0	160	28
Mar 28 2020	0	4	100	11
Mar 29 2020	0	3	37	11
Mar 30 2020	0	5	227	7
Mar 31 2020	0	3	146	21
Apr 01 2020	0	23	601	25
Apr 02 2020	0	14	545	43
Apr 03 2020	0	14	516	1
Apr 04 2020	0	13	529	37
Apr 05 2020	0	19	701	99
Apr 06 2020	0	18	489	47
Apr 07 2020	0	24	573	93
Apr 08 2020	0	18	565	38
Apr 09 2020	0	49	809	129
Apr 10 2020	0	22	875	139
Apr 11 2020	0	39	846	195
Apr 12 2020	0	43	759	111
Apr 13 2020	0	27	1248	101
Apr 14 2020	0	35	1034	178
Apr 15 2020	0	29	883	149
Apr 16 2020	0	26	1060	260
Apr 17 2020	0	38	922	273
Apr 18 2020	0	36	2013	422
Apr 19 2020	0	38	1250	391
Apr 20 2020	0	33	924	419
Apr 21 2020	0	53	1541	702
Apr 22 2020	0	36	1290	395
Apr 23 2020	0	40	1669	642
Apr 24 2020	0	59	1408	484
Apr 25 2020	0	45	1836	443
Apr 26 2020	0	56	1607	584
Apr 27 2020	0	58	1561	614
Apr 28 2020	0	70	1873	610
Apr 29 2020	0	72	1738	690
Apr 30 2020	0	76	1801	631
May 01 2020	0	71	2394	939
May 02 2020	0	103	2442	812
May 03 2020	0	69	2806	956
May 04 2020	0	177	3932	1072
May 05 2020	0	129	2963	1295
May 06 2020	0	93	3587	1189
May 07 2020	0	107	3364	1445
May 08 2020	0	97	3344	1111
May 09 2020	0	118	3113	1414
May 10 2020	0	114	4353	1668
May 11 2020	0	83	3607	1580
May 12 2020	0	123	3524	1871
May 13 2020	0	139	3763	1980
May 14 2020	0	100	3942	1569
May 15 2020	0	106	3787	2289
May 16 2020	0	121	4864	3966
May 17 2020	0	156	5050	2571
May 18 2020	0	134	4630	2438
May 19 2020	0	148	6147	3076
May 20 2020	0	134	5553	3113
May 21 2020	0	152	6198	3131
May 22 2020	0	145	6568	3271
May 23 2020	0	144	6629	2561
May 24 2020	0	158	7113	3307
May 25 2020	0	151	6414	3014
May 26 2020	0	175	5843	3571
May 27 2020	0	195	7293	3472
May 28 2020	0	179	7300	3171
May 29 2020	0	275	8105	11707
May 30 2020	0	215	8336	4309
May 31 2020	0	230	8782	4916
Jun 01 2020	0	206	7761	3902
Jun 02 2020	0	228	8821	4531
Jun 03 2020	0	266	9633	3786
Jun 04 2020	0	283	9889	4379
Jun 05 2020	0	293	9471	4783
Jun 06 2020	0	304	10438	5462
Jun 07 2020	0	268	10864	5153
Jun 08 2020	0	273	8442	5247
Jun 09 2020	0	253	8852	5070
Jun 10 2020	0	397	12375	6814
Jun 11 2020	0	402	11128	5993
Jun 12 2020	0	398	11320	7259
Jun 13 2020	0	316	12023	8095
Jun 14 2020	0	330	11157	7363
Jun 15 2020	0	404	10243	10631
Jun 16 2020	0	2048	11135	7232
Jun 17 2020	0	349	13103	6886
Jun 18 2020	0	354	13827	10744
Jun 19 2020	0	378	14721	9024
Jun 20 2020	0	314	15915	13975
Jun 21 2020	0	435	15183	9071
Jun 22 2020	0	320	13540	10885
Jun 23 2020	0	478	15665	10437
Jun 24 2020	0	433	16870	13114
Jun 25 2020	0	410	18185	13983
Jun 26 2020	0	389	18276	10246
Jun 27 2020	0	423	20131	14229
Jun 28 2020	0	395	19620	11628
Jun 29 2020	0	426	18339	13497
Jun 30 2020	0	520	18256	12565
Jul 01 2020	0	450	19428	12060
Jul 02 2020	0	389	21948	20006
Jul 03 2020	0	456	22721	14417
Jul 04 2020	0	627	24015	14743
Jul 05 2020	0	430	23932	15829
Jul 06 2020	0	488	22510	15259
Jul 07 2020	0	489	23135	16908
Jul 08 2020	0	502	25571	19496
Jul 09 2020	0	495	25790	19406
Jul 10 2020	0	532	27761	20246
Jul 11 2020	0	558	27755	20025
Jul 12 2020	0	515	29108	18198
Jul 13 2020	0	557	28179	17683
Jul 14 2020	0	609	29842	20968
Jul 15 2020	0	638	32682	20655
Jul 16 2020	0	702	35468	22867
Jul 17 2020	0	694	34820	17476
Jul 18 2020	0	556	37407	23552
Jul 19 2020	0	690	40243	22769
Jul 20 2020	0	616	36810	24303
Jul 21 2020	0	693	39168	27691
Jul 22 2020	0	1151	45599	31873
Jul 23 2020	0	774	48446	33327
Jul 24 2020	0	784	48892	32514
Jul 25 2020	0	713	48472	36128
Jul 26 2020	0	744	50525	32500
Jul 27 2020	0	654	46484	34454
Jul 28 2020	0	802	49632	35581
Jul 29 2020	0	798	52249	32841
Jul 30 2020	0	808	54966	37482
Jul 31 2020	0	790	57704	36554
Aug 01 2020	0	879	54865	51232
Aug 02 2020	0	781	52783	40349
Aug 03 2020	0	836	50629	43212
Aug 04 2020	0	875	51282	51220
Aug 05 2020	0	953	56626	45540
Aug 06 2020	0	931	62170	50184
Aug 07 2020	0	969	61455	50285
Aug 08 2020	0	907	65156	52135
Aug 09 2020	0	1042	62117	54474
Aug 10 2020	0	920	53016	47362
Aug 11 2020	0	863	61252	56461
Aug 12 2020	0	977	67066	57759
Aug 13 2020	0	1035	64142	54776
Aug 14 2020	0	1024	65609	56920
Aug 15 2020	0	981	63986	53116
Aug 16 2020	0	998	58108	57404
Aug 17 2020	0	902	54288	58172
Aug 18 2020	0	1125	65022	60455
Aug 19 2020	0	1009	69196	59365
Aug 20 2020	0	1007	68507	61873
Aug 21 2020	0	984	69039	62858
Aug 22 2020	0	946	70068	59101
Aug 23 2020	0	870	61749	56896
Aug 24 2020	0	883	59696	66305
Aug 25 2020	0	1101	66873	64151
Aug 26 2020	0	1046	75995	56191
Aug 27 2020	0	1095	76826	59620
Aug 28 2020	0	1050	76665	64475
Aug 29 2020	0	968	78472	64982
Aug 30 2020	0	988	79457	60408
Aug 31 2020	0	838	68770	64449
Sep 01 2020	0	1058	78169	62144
Sep 02 2020	0	1057	82860	67875
Sep 03 2020	0	1110	84156	67491
Sep 04 2020	0	1098	87115	69625
Sep 05 2020	0	1073	90600	73161
Sep 06 2020	0	1033	91723	69624
Sep 07 2020	0	1158	75022	74123
Sep 08 2020	0	1134	89852	74607
Sep 09 2020	0	1199	95529	73057
Sep 10 2020	0	1245	96760	70899
Sep 11 2020	0	1235	97654	81455
Sep 12 2020	0	1140	94409	77860
Sep 13 2020	0	1174	93215	77746
Sep 14 2020	0	1083	81911	79202
Sep 15 2020	0	1313	91120	82865
Sep 16 2020	0	1172	97859	82938
Sep 17 2020	0	1203	96793	87779
Sep 18 2020	0	1249	92789	95373
Sep 19 2020	0	1174	92755	94523
Sep 20 2020	0	1161	87382	92926
Sep 21 2020	0	1082	74493	102070
Sep 22 2020	0	1080	80391	87100
Sep 23 2020	0	1177	89688	90030
Sep 24 2020	0	1171	85919	81141
Sep 25 2020	0	1119	85468	93177
Sep 26 2020	0	1152	89010	92520
Sep 27 2020	0	1063	82767	74679
Sep 28 2020	0	796	69671	85206
Sep 29 2020	0	1203	80500	86061
Sep 30 2020	0	1210	86748	85373
Oct 01 2020	0	1121	81693	78646
Oct 02 2020	0	1097	79974	76424
Oct 03 2020	0	958	75479	81655
Oct 04 2020	0	922	74767	76721
Oct 05 2020	0	911	59893	75657
Oct 06 2020	0	1014	72106	82143
Oct 07 2020	0	985	78809	83209
Oct 08 2020	0	989	70824	78745
Oct 09 2020	0	953	73196	82298
Oct 10 2020	0	947	74535	89358
Oct 11 2020	0	830	67757	71564
Oct 12 2020	0	733	54265	78365
Oct 13 2020	0	743	63517	73913
Oct 14 2020	0	713	67988	81751
Oct 15 2020	0	856	60439	68202
Oct 16 2020	0	911	65126	72976
Oct 17 2020	0	1061	62092	72765
Oct 18 2020	0	595	55511	65496
Oct 19 2020	0	613	46498	70722
Oct 20 2020	0	736	54422	61933
Oct 21 2020	0	725	56000	79345
Oct 22 2020	0	703	54482	74430
Oct 23 2020	0	676	54028	67244
Oct 24 2020	0	594	50224	62154
Oct 25 2020	0	477	45158	58271
Oct 26 2020	0	522	36838	64721
Oct 27 2020	0	534	42965	58479
Oct 28 2020	0	522	49912	57757
Oct 29 2020	0	585	49281	56947
Oct 30 2020	0	567	48120	59013
Oct 31 2020	0	481	46715	58292
Nov 01 2020	0	508	46441	53702
Nov 02 2020	0	510	37592	58524
Nov 03 2020	0	526	46033	53328
Nov 04 2020	0	724	50465	55873
Nov 05 2020	0	695	47622	54133
Nov 06 2020	0	595	49851	53795
Nov 07 2020	0	574	46318	48733
Nov 08 2020	0	507	46661	48369
Nov 09 2020	0	465	37211	41546
Nov 10 2020	0	525	44679	54638
Nov 11 2020	0	564	48285	52704
Nov 12 2020	0	535	43861	48797
Nov 13 2020	0	554	45343	48122
Nov 14 2020	0	462	41659	42270
Nov 15 2020	0	447	30715	44213
Nov 16 2020	0	463	28555	40219
Nov 17 2020	0	485	38532	44844
Nov 18 2020	0	606	45439	48757
Nov 19 2020	0	604	46182	45246
Nov 20 2020	0	576	46288	48881
Nov 21 2020	0	512	45295	44142
Nov 22 2020	0	524	44404	41405
Nov 23 2020	0	494	37410	42131
Nov 24 2020	0	503	44276	37829
Nov 25 2020	0	531	44699	36582
Nov 26 2020	0	505	43174	39723
Nov 27 2020	0	500	41353	41177
Nov 28 2020	0	509	41815	42275
Nov 29 2020	0	456	39036	45152
Nov 30 2020	0	495	31179	42282
Dec 01 2020	0	513	36456	43203
Dec 02 2020	0	512	33761	38306
Dec 03 2020	0	587	38309	45580
Dec 04 2020	0	523	36638	42319
Dec 05 2020	0	493	36111	41943
Dec 06 2020	0	384	32272	38225
Dec 07 2020	0	413	27107	39474
Dec 08 2020	0	414	32067	37161
Dec 09 2020	0	347	26351	29699
Dec 10 2020	0	500	34666	45683
Dec 11 2020	0	452	30034	33604
Dec 12 2020	0	405	30354	33087
Dec 13 2020	0	349	27336	30729
Dec 14 2020	0	364	21791	34224
Dec 15 2020	0	395	26401	33961
Dec 16 2020	0	367	18164	33350
Dec 17 2020	0	354	26762	30901
Dec 18 2020	0	353	26991	29879
Dec 19 2020	0	354	26834	29758
Dec 20 2020	0	342	24589	25709
Dec 21 2020	0	313	19174	30224
Dec 22 2020	0	342	23886	27083
Dec 23 2020	0	313	24236	29364
Dec 24 2020	0	361	23924	25137
Dec 25 2020	0	258	22350	22184
Dec 26 2020	0	290	18574	21466
Dec 27 2020	0	290	20333	21097
Dec 28 2020	0	258	16072	24822
Dec 29 2020	0	293	20529	26572
Dec 30 2020	0	309	21957	26423
Dec 31 2020	0	253	19046	22024
Jan 01 2021	0	193	17080	20143
Jan 02 2021	0	274	21222	24598
Jan 03 2021	0	222	16660	19604
Jan 04 2021	0	208	16278	29209
Jan 05 2021	0	276	17909	21161
Jan 06 2021	0	231	20460	19662
Jan 07 2021	0	243	18106	20559
Jan 08 2021	0	238	18482	19213
Jan 09 2021	0	220	18820	19460
Jan 10 2021	0	155	16085	16735
Jan 11 2021	0	172	12482	18580
Jan 12 2021	0	209	15903	17747
Jan 13 2021	0	208	17015	17797
Jan 14 2021	0	194	15677	15828
Jan 15 2021	0	179	15151	16801
Jan 16 2021	0	186	15051	17301
Jan 17 2021	0	150	13962	14513
Jan 18 2021	0	141	9975	17155
Jan 19 2021	0	164	13795	17240
Jan 20 2021	0	156	15277	20071
Jan 21 2021	0	166	14481	17726
Jan 22 2021	0	159	14344	17174
Jan 23 2021	0	160	14891	16033
Jan 24 2021	0	136	13239	13148
Jan 25 2021	0	121	9036	16034
Jan 26 2021	0	131	12569	13050
Jan 27 2021	0	139	11752	14490
Jan 28 2021	0	165	18940	20344
Jan 29 2021	0	141	13055	14872
Jan 30 2021	0	133	13065	14075
Jan 31 2021	0	119	11528	11879
Feb 01 2021	0	96	8587	13462
Feb 02 2021	0	118	11000	14256
Feb 03 2021	0	111	12917	17802
Feb 04 2021	0	123	12410	15893
Feb 05 2021	0	96	11689	14389
Feb 06 2021	0	74	11948	11619
Feb 07 2021	0	88	11673	11667
Feb 08 2021	0	83	8947	13829
Feb 09 2021	0	87	10510	12699
Feb 10 2021	0	122	12760	12025
Feb 11 2021	0	87	9353	15722
Feb 12 2021	0	107	12137	11358
Feb 13 2021	0	87	12188	11079
Feb 14 2021	0	93	11434	9295
Feb 15 2021	0	78	9139	11809
Feb 16 2021	0	112	11795	12011
Feb 17 2021	0	91	12440	11803
Feb 18 2021	0	87	12643	10362
Feb 19 2021	0	120	14587	10814
Feb 20 2021	0	102	14315	11656
Feb 21 2021	0	81	13980	9476
Feb 22 2021	0	82	10792	13469
Feb 23 2021	0	103	13463	13661
Feb 24 2021	0	147	17144	12406
Feb 25 2021	0	122	16568	12209
Feb 26 2021	0	112	16056	12380
Feb 27 2021	0	120	17346	12136
Feb 28 2021	0	110	15616	11293
Mar 01 2021	0	81	11563	11990
Mar 02 2021	0	112	15704	13604
Mar 03 2021	0	88	17425	14071
Mar 04 2021	0	116	16824	13788
Mar 05 2021	0	112	18292	14153
Mar 06 2021	0	101	18716	14362
Mar 07 2021	0	102	18691	14344
Mar 08 2021	0	78	15353	16606
Mar 09 2021	0	115	16846	20138
Mar 10 2021	0	137	22841	18179
Mar 11 2021	0	115	21668	11449
Mar 12 2021	0	160	27512	24095
Mar 13 2021	0	162	25153	16508
Mar 14 2021	0	123	26514	17590
Mar 15 2021	0	133	24437	20186
Mar 16 2021	0	192	28869	17746
Mar 17 2021	0	174	35838	17793
Mar 18 2021	0	158	39643	20338
Mar 19 2021	0	194	40950	23641
Mar 20 2021	0	203	43815	22970
Mar 21 2021	0	220	47009	21205
Mar 22 2021	0	204	40611	29735
Mar 23 2021	0	284	47264	23957
Mar 24 2021	0	256	53419	26575
Mar 25 2021	0	264	59069	32912
Mar 26 2021	0	300	62291	30346
Mar 27 2021	0	319	62631	28729
Mar 28 2021	0	303	68206	32149
Mar 29 2021	0	273	56119	37102
Mar 30 2021	0	364	53158	41223
Mar 31 2021	0	468	72182	40442
Apr 01 2021	0	481	81441	50390
Apr 02 2021	0	734	89019	44176
Apr 03 2021	0	528	92998	60062
Apr 04 2021	0	490	103793	52836
Apr 05 2021	0	459	96557	50087
Apr 06 2021	0	650	115269	59714
Apr 07 2021	0	705	126315	59146
Apr 08 2021	0	826	131893	61836
Apr 09 2021	0	796	144829	77199
Apr 10 2021	0	864	152682	90393
Apr 11 2021	0	932	169914	75380
Apr 12 2021	0	908	160694	96727
Apr 13 2021	0	1065	185248	82248
Apr 14 2021	0	1081	199569	93458
Apr 15 2021	0	1232	216850	117832
Apr 16 2021	0	1384	233943	122911
Apr 17 2021	0	1562	260778	138205
Apr 18 2021	0	1688	275306	143754
Apr 19 2021	0	1836	256947	154372
Apr 20 2021	0	2114	294290	166643
Apr 21 2021	0	2200	315802	179543
Apr 22 2021	0	2361	332503	192200
Apr 23 2021	0	2733	345147	220513
Apr 24 2021	0	2895	349313	215962
Apr 25 2021	0	2933	354531	218559
Apr 26 2021	0	2890	319435	248702
Apr 27 2021	0	3437	362902	262362
Apr 28 2021	0	3808	379459	270572
Apr 29 2021	0	3662	386888	295489
Apr 30 2021	0	3677	402110	299238
May 01 2021	0	4409	392562	308769
May 02 2021	0	3817	370059	299966
May 03 2021	0	3965	355828	318965
May 04 2021	0	4449	382691	337697
May 05 2021	0	4515	412618	330676
May 06 2021	0	4333	414433	328334
May 07 2021	0	4662	401326	319675
May 08 2021	0	4569	409300	394413
May 09 2021	0	4154	366499	353768
May 10 2021	0	4472	329517	355941
May 11 2021	0	4938	348499	355443
May 12 2021	0	4805	362406	351786
May 13 2021	0	4624	343288	344931
May 14 2021	0	4971	326123	352956
May 15 2021	0	4960	310822	362715
May 16 2021	0	4469	281860	378571
May 17 2021	0	4813	263045	422394
May 18 2021	0	5071	267174	389700
May 19 2021	0	4264	276261	368980
May 20 2021	0	4924	259269	357218
May 21 2021	0	4804	254395	353116
May 22 2021	0	4166	243777	359506
May 23 2021	0	5121	222835	302396
May 24 2021	0	3968	195815	326841
May 25 2021	0	4878	208886	295539
May 26 2021	0	4390	211553	282715
May 27 2021	0	3933	179770	264312
May 28 2021	0	3957	171726	280626
May 29 2021	0	3908	174041	275868
May 30 2021	0	3425	153485	237709
May 31 2021	0	3346	126698	254975
Jun 01 2021	0	3779	133228	231488
Jun 02 2021	0	3413	134105	211905
Jun 03 2021	0	3231	131371	205911
Jun 04 2021	0	3739	121476	198322
Jun 05 2021	0	2821	114537	189481
Jun 06 2021	0	2589	101232	174116
Jun 07 2021	0	2244	87345	186072
Jun 08 2021	0	2340	91227	159399
Jun 09 2021	0	2287	93896	149027
Jun 10 2021	0	2111	91266	133669
Jun 11 2021	0	2016	84695	122794
Jun 12 2021	0	1914	81005	134198
Jun 13 2021	0	1842	68400	113091
Jun 14 2021	0	1519	62597	123803
Jun 15 2021	0	1538	62226	107854
Jun 16 2021	0	1475	67294	103910
Jun 17 2021	0	1383	62409	88477
Jun 18 2021	0	1798	60800	97858
Jun 19 2021	0	1740	58588	87568
Jun 20 2021	0	1598	53009	78082
Jun 21 2021	0	1155	39096	76662
Jun 22 2021	0	1488	54393	74120
Jun 23 2021	0	1384	54319	69298
Jun 24 2021	0	1385	51248	63731
Jun 25 2021	0	1238	49052	65219
Jun 26 2021	0	1313	49851	57776
Jun 27 2021	0	1027	46643	58925
Jun 28 2021	0	949	37037	56948
Jun 29 2021	0	853	45699	60289
Jun 30 2021	0	1038	48878	62025
Jul 01 2021	0	826	43360	54565
Jul 02 2021	0	827	47252	61651
Jul 03 2021	0	985	43296	52431
Jul 04 2021	0	772	40387	42817
Jul 05 2021	0	574	34067	51845
Jul 06 2021	0	967	43957	47136
Jul 07 2021	0	848	45674	44498
Jul 08 2021	0	945	43538	44259
Jul 09 2021	0	1253	42648	45159
Jul 10 2021	0	933	41475	41595
Jul 11 2021	0	736	37676	39722
Jul 12 2021	0	556	30827	48930
Jul 13 2021	0	637	40215	40966
Jul 14 2021	0	593	41854	39387
Jul 15 2021	0	554	39072	39823
Jul 16 2021	0	572	38112	43877
Jul 17 2021	0	527	41283	42050
Jul 18 2021	0	511	38325	38529
Jul 19 2021	0	380	29424	45369
Jul 20 2021	0	499	42123	36870
Jul 21 2021	0	520	41697	38812
Jul 22 2021	0	490	34865	38491
Jul 23 2021	0	551	39498	35134
Jul 24 2021	0	552	40284	40052
Jul 25 2021	0	419	38153	35909
Jul 26 2021	0	426	30844	42539
Jul 27 2021	0	654	42928	41452
Jul 28 2021	0	655	43211	38732
Jul 29 2021	0	559	44673	42119
Jul 30 2021	0	612	41499	37314
Jul 31 2021	0	552	41790	39318
Aug 01 2021	0	432	40784	36808
Aug 02 2021	0	428	30031	39021
Aug 03 2021	0	573	42566	36646
Aug 04 2021	0	542	42817	41875
Aug 05 2021	0	473	45001	40659
Aug 06 2021	0	630	38700	40271
Aug 07 2021	0	501	39070	43944
Aug 08 2021	0	455	36035	39825
Aug 09 2021	0	384	27429	41461
Aug 10 2021	0	477	36316	37241
Aug 11 2021	0	529	43641	41985
Aug 12 2021	0	596	40078	41709
Aug 13 2021	0	486	38775	36189
Aug 14 2021	0	501	36127	37953
Aug 15 2021	0	429	33221	35499
Aug 16 2021	0	446	24725	37301
Aug 17 2021	0	448	35201	37145
Aug 18 2021	0	521	35797	37819
Aug 19 2021	0	571	37312	37908
Aug 20 2021	0	384	34296	36254
Aug 21 2021	0	409	31043	38614
Aug 22 2021	0	393	25420	44103
Aug 23 2021	0	273	11385	17575
Aug 24 2021	0	753	51016	55948
Aug 25 2021	0	622	46397	34420
Aug 26 2021	0	503	44558	32926
Aug 27 2021	0	524	46805	31341
Aug 28 2021	0	466	45058	35815
Aug 29 2021	0	537	43381	34841
Aug 30 2021	0	211	30251	36244
Aug 31 2021	0	471	43072	34109
Sep 01 2021	0	515	45971	34775
Sep 02 2021	0	365	45482	34988
Sep 03 2021	0	348	42346	36032
Sep 04 2021	0	318	42924	38459
Sep 05 2021	0	224	39521	43917
Sep 06 2021	0	296	30184	42969
Sep 07 2021	0	376	38130	39090
Sep 08 2021	0	347	43406	40622
Sep 09 2021	0	270	24148	24109
Sep 10 2021	0	311	37873	36963
Sep 11 2021	0	346	31291	37885
Sep 12 2021	0	225	31374	40573
Sep 13 2021	0	348	24479	39943
Sep 14 2021	0	287	27491	37982
Sep 15 2021	0	440	30361	38361
Sep 16 2021	0	325	34649	37878
Sep 17 2021	0	291	35367	33850
Sep 18 2021	0	313	31121	39633
Sep 19 2021	0	303	30809	43238
Sep 20 2021	0	257	24925	34470
Sep 21 2021	0	393	27333	34148
Sep 22 2021	0	285	31957	31968
Sep 23 2021	0	326	31458	32549
Sep 24 2021	0	297	29580	28048
Sep 25 2021	0	264	28149	25990
Sep 26 2021	0	283	27022	29658
Sep 27 2021	0	183	14905	24237
Sep 28 2021	0	383	21901	29900
Sep 29 2021	0	316	23139	28728
Sep 30 2021	0	288	27300	28239
Oct 01 2021	0	239	23910	25456
Oct 02 2021	0	247	23161	25045
Oct 03 2021	0	185	21684	27619
Oct 04 2021	0	260	16762	29322
Oct 05 2021	0	291	19380	25089
Oct 06 2021	0	322	22617	24624
Oct 07 2021	0	283	21463	24958
Oct 08 2021	0	254	19870	23066
Oct 09 2021	0	219	17940	23593
Oct 10 2021	0	198	19018	21583
Oct 11 2021	0	179	13186	26572
Oct 12 2021	0	235	16021	22850
Oct 13 2021	0	255	19180	19796
Oct 14 2021	0	386	17004	19388
Oct 15 2021	0	165	16003	17868
Oct 16 2021	0	148	14073	19785
Oct 17 2021	0	167	14289	19578
Oct 18 2021	0	166	12338	19454
Oct 19 2021	0	205	14936	19451
Oct 20 2021	0	162	18359	17560
Oct 21 2021	0	238	15759	18636
Oct 22 2021	0	680	16331	17633
Oct 23 2021	0	571	16071	16500
Oct 24 2021	0	450	14641	18699
Oct 25 2021	0	365	11873	15974
Oct 26 2021	0	597	13508	14049
Oct 27 2021	0	750	16342	17047
Oct 28 2021	0	819	14323	13223
Oct 29 2021	0	562	14189	13482
Oct 30 2021	0	454	12958	14755
Oct 31 2021	0	257	12935	13170
Nov 01 2021	0	447	9769	14543
Nov 02 2021	0	301	10796	13600
Nov 03 2021	0	467	13965	14873
Nov 04 2021	0	220	12265	11357
Nov 05 2021	0	401	11680	13201
Nov 06 2021	0	529	10879	12003
Nov 07 2021	0	262	11648	12562
Nov 08 2021	0	311	7841	9749
Nov 09 2021	0	489	12331	12816
Nov 10 2021	0	370	14884	10994
Nov 11 2021	0	511	12516	13878
Nov 12 2021	0	566	11850	13155
Nov 13 2021	0	291	11271	12403
Nov 14 2021	0	127	10229	11376
Nov 15 2021	0	203	8865	11926
Nov 16 2021	0	308	10197	11971
Nov 17 2021	0	479	11919	12134
Nov 18 2021	0	468	11106	11242
Nov 19 2021	0	273	10302	12789
Nov 20 2021	0	320	10488	11787
Nov 21 2021	0	255	8488	12329
Nov 22 2021	0	242	7579	12510
Nov 23 2021	0	445	9283	12202
Nov 24 2021	0	404	9119	10949
Nov 25 2021	0	498	10549	10264
Nov 26 2021	0	474	8318	9868
Nov 27 2021	0	635	8774	10967
Nov 28 2021	0	242	8309	9481
Nov 29 2021	0	194	6990	9905
Nov 30 2021	0	273	8954	10116
Dec 01 2021	0	486	9765	10207
Dec 02 2021	0	399	9216	8548
Dec 03 2021	0	423	8603	8612
Dec 04 2021	0	378	8895	8190
Dec 05 2021	0	216	8306	6918
Dec 06 2021	0	225	6822	8834
Dec 07 2021	0	199	8439	10004
Dec 08 2021	0	160	9419	9525
Dec 09 2021	0	635	8503	8251
Dec 10 2021	0	399	7992	7678
Dec 11 2021	0	311	7774	9265
Dec 12 2021	0	207	7350	8464
Dec 13 2021	0	257	5784	7973
Dec 14 2021	0	252	6986	7995
Dec 15 2021	0	349	8039	8168
Dec 16 2021	0	397	7380	7948
Dec 17 2021	0	294	7145	7886
Dec 18 2021	0	269	7081	8706
Dec 19 2021	0	133	6563	7469
Dec 20 2021	0	460	5326	8077
Dec 21 2021	0	323	6317	8043
Dec 22 2021	0	440	7495	6906
Dec 23 2021	0	380	6681	6960
Dec 24 2021	0	393	7158	7051
Dec 25 2021	0	163	6987	7286
Dec 26 2021	0	320	6531	7091
Dec 27 2021	0	298	6358	7141
Dec 28 2021	0	307	9195	6450
Dec 29 2021	0	273	13154	7347
Dec 30 2021	0	225	16764	7486
Dec 31 2021	0	412	22775	7585
Jan 01 2022	0	289	27553	18198
Jan 02 2022	0	124	33750	0
Jan 03 2022	0	125	37379	10846
Jan 04 2022	0	541	58097	26396
Jan 05 2022	0	331	90928	20452
Jan 06 2022	0	307	117100	29590
Jan 07 2022	0	290	141986	40895
Jan 08 2022	0	333	159632	40863
Jan 09 2022	0	147	180438	46569
Jan 10 2022	0	282	167348	69959
Jan 11 2022	0	448	194720	60405
Jan 12 2022	0	386	247417	84825
Jan 13 2022	0	320	264202	109345
Jan 14 2022	0	436	268833	122684
Jan 15 2022	0	319	271202	138331
Jan 16 2022	0	394	258089	151740
Jan 17 2022	0	307	238018	157421
Jan 18 2022	0	448	282970	188157
Jan 19 2022	0	500	317532	223990
Jan 20 2022	0	714	347254	251777
Jan 21 2022	0	496	337704	242676
Jan 22 2022	0	518	333533	259168
Jan 23 2022	0	481	306064	243495
Jan 24 2022	0	575	255874	267753
Jan 25 2022	0	703	285914	299073
Jan 26 2022	0	584	286384	306357
Jan 27 2022	0	638	251209	347443
Jan 28 2022	0	875	235532	335939
Jan 29 2022	0	905	234281	352784
Jan 30 2022	0	955	209918	262628
Jan 31 2022	0	1236	167059	254076
Feb 01 2022	0	1755	161386	281109
Feb 02 2022	0	1008	172433	259107
Feb 03 2022	0	1118	149394	246674
Feb 04 2022	0	1073	127952	230814
Feb 05 2022	0	878	107474	213246
Feb 06 2022	0	910	83876	199054
Feb 07 2022	0	1191	67597	180456
Feb 08 2022	0	1249	71365	172211
Feb 09 2022	0	1260	67084	167882
Feb 10 2022	0	670	58077	150407
Feb 11 2022	0	816	50407	136962
Feb 12 2022	0	664	44877	117591
Feb 13 2022	0	384	34113	91930
Feb 14 2022	0	351	27409	82817
Feb 15 2022	0	522	30615	82988
Feb 16 2022	0	545	30757	67538
Feb 17 2022	0	503	25920	66254
Feb 18 2022	0	331	22270	60298
Feb 19 2022	0	684	19968	48847
Feb 20 2022	0	211	16051	37901
Feb 21 2022	0	235	13405	34226
Feb 22 2022	0	286	15102	31377
Feb 23 2022	0	307	14148	30009
Feb 24 2022	0	309	13166	26988
Feb 25 2022	0	259	11499	23598
Feb 26 2022	0	249	10273	20439
Feb 27 2022	0	88	8013	16765
Feb 28 2022	0	216	6915	16864
Mar 01 2022	0	195	7554	14123
Mar 02 2022	0	174	6561	14947
Mar 03 2022	0	206	6396	13450
Mar 04 2022	0	293	5921	11651
Mar 05 2022	0	156	5476	9754
Mar 06 2022	0	71	4362	9620
Mar 07 2022	0	109	3993	8055
Mar 08 2022	0	146	4575	7416
Mar 09 2022	0	105	4184	6554
Mar 10 2022	0	259	4194	6208
Mar 11 2022	0	89	3614	5185
Mar 12 2022	0	17	3116	5559
Mar 13 2022	0	57	2503	4377
Mar 14 2022	0	99	2568	4722
Mar 15 2022	0	99	2876	3884
Mar 16 2022	0	59	2539	4491
Mar 17 2022	0	151	2528	3997
Mar 18 2022	0	70	2075	3383
Mar 19 2022	0	130	1761	3196
Mar 20 2022	0	6	1549	2652
Mar 21 2022	0	58	1581	2741
Mar 22 2022	0	62	1778	2542
Mar 23 2022	0	67	1938	2531
Mar 24 2022	0	82	1685	2499
Mar 25 2022	0	95	1660	2349
Mar 26 2022	0	149	1421	1826
Mar 27 2022	0	32	1270	1567
Mar 28 2022	0	32	1259	1705
Mar 29 2022	0	33	1233	1876
Mar 30 2022	0	28	1225	1594
Mar 31 2022	0	52	1335	1918
Apr 01 2022	0	82	1260	1404
Apr 02 2022	0	81	1096	1447
Apr 03 2022	0	14	913	1316
Apr 04 2022	0	58	795	1280
Apr 05 2022	0	72	1086	1198
Apr 06 2022	0	42	1033	1222
Apr 07 2022	0	44	1109	1213
Apr 08 2022	0	82	1150	1194
Apr 09 2022	0	9	1054	1258
Apr 10 2022	0	27	861	929
Apr 11 2022	0	42	796	946
Apr 12 2022	0	30	1088	1081
Apr 13 2022	0	30	1007	818
Apr 14 2022	0	40	949	810
Apr 15 2022	0	35	975	796
Apr 16 2022	0	35	1150	954
Apr 17 2022	0	31	2183	1985
Apr 18 2022	0	31	1247	928
Apr 19 2022	0	10	2067	1547
Apr 20 2022	0	56	2380	1231
Apr 21 2022	0	54	2451	1589
Apr 22 2022	0	33	2527	1656
Apr 23 2022	0	44	2593	1755
Apr 24 2022	0	30	2541	1862
Apr 25 2022	0	0	2011	1970
Apr 26 2022	0	151	3569	2252
Apr 27 2022	0	39	3133	2563
Apr 28 2022	0	60	3687	2496
Apr 29 2022	0	50	3378	2755
Apr 30 2022	0	40	3324	2876
May 01 2022	0	26	3314	2723
May 02 2022	0	20	2664	2911
May 03 2022	0	31	3235	2802
May 04 2022	0	55	2992	3010
May 05 2022	0	27	3155	0
May 06 2022	0	22	4195	6717
May 07 2022	0	40	3765	3079
May 08 2022	0	29	2893	3410
May 09 2022	0	10	2288	3044
May 10 2022	0	54	2897	2986
May 11 2022	0	24	2827	3230
May 12 2022	0	9	3187	3295
May 13 2022	0	11	2512	3355
May 14 2022	0	13	2487	2878
May 15 2022	0	27	2202	2550
May 16 2022	0	19	1569	2467
May 17 2022	0	33	1829	2549
May 18 2022	0	10	2364	2582
May 19 2022	0	20	2259	2614
May 20 2022	0	25	2510	2346
May 21 2022	0	65	2039	2202
May 22 2022	0	46	2022	2099
May 23 2022	0	31	1675	1635
May 24 2022	0	17	2124	1977
May 25 2022	0	18	2628	2167
May 26 2022	0	14	2710	2296
May 27 2022	0	33	2685	2158
May 28 2022	0	14	2828	2035
May 29 2022	0	25	2706	2070
May 30 2022	0	19	2833	2134
May 31 2022	0	6	2784	2236
Jun 01 2022	0	5	4372	2584
Jun 02 2022	0	10	3861	2363
Jun 03 2022	0	16	2273	2697
Jun 04 2022	0	25	6208	2619
Jun 05 2022	0	9	3255	2779
Jun 06 2022	0	7	3714	2513
Jun 07 2022	0	7	5233	3345
Jun 08 2022	0	8	7240	3591
Jun 09 2022	0	24	9743	3791
Jun 10 2022	0	10	6170	4216
Jun 11 2022	0	4	8582	4435
Jun 12 2022	0	10	9987	4592
Jun 13 2022	0	6	4691	4035
Jun 14 2022	0	15	8822	5718
Jun 15 2022	0	11	14090	7624
Jun 16 2022	0	14	10970	7985
Jun 17 2022	0	23	13216	8148
Jun 18 2022	0	15	12899	8518
Jun 19 2022	0	18	14357	8537
Jun 20 2022	0	17	9796	7293
Jun 21 2022	0	13	13812	9862
Jun 22 2022	0	38	12940	10972
Jun 23 2022	0	13	17419	13029
Jun 24 2022	0	20	16048	12425
Jun 25 2022	0	25	10267	10917
Jun 26 2022	0	21	15715	15208
Jun 27 2022	0	27	13562	9486
Jun 28 2022	0	30	15825	11574
Jun 29 2022	0	39	15731	13827
Jun 30 2022	0	23	19118	14413
Jul 01 2022	0	29	17237	14684
Jul 02 2022	0	31	13910	13929
Jul 03 2022	0	24	16135	13958
Jul 04 2022	0	19	14224	12456
Jul 05 2022	0	28	15021	15394
Jul 06 2022	0	35	21075	14650
Jul 07 2022	0	38	18418	15899
Jul 08 2022	0	43	17092	16104
Jul 09 2022	0	42	20441	14553
Jul 10 2022	0	26	14494	14629
Jul 11 2022	0	20	13615	13265
Jul 12 2022	0	45	19211	15447
Jul 13 2022	0	38	17834	16482
Jul 14 2022	0	47	20038	16994
Jul 15 2022	0	56	20044	18301
Jul 16 2022	0	49	20528	17790
Jul 17 2022	0	51	16935	16069
Jul 18 2022	0	25	15528	16113
Jul 19 2022	0	40	20557	18517
Jul 20 2022	0	45	21566	18294
Jul 21 2022	0	60	21880	21219
Jul 22 2022	0	67	21411	20726
Jul 23 2022	0	36	20279	18143
Jul 24 2022	0	41	16866	18148
Jul 25 2022	0	36	14830	0
Jul 26 2022	0	57	18313	18159
Jul 27 2022	0	44	20557	39958
Jul 28 2022	0	47	20409	22697
Jul 29 2022	0	54	20408	20958
Jul 30 2022	0	45	19673	19336
Jul 31 2022	0	39	16464	16112
Aug 01 2022	0	34	13734	17897
Aug 02 2022	0	47	17135	19823
Aug 03 2022	0	53	19893	20419
Aug 04 2022	0	70	20551	21595
Aug 05 2022	0	49	19406	19928
Aug 06 2022	0	40	18738	18558
Aug 07 2022	0	41	16167	15549
Aug 08 2022	0	42	12751	16412
Aug 09 2022	0	54	16047	19539
Aug 10 2022	0	53	16299	19431
Aug 11 2022	0	49	16561	18053
Aug 12 2022	0	68	15815	20018
Aug 13 2022	0	41	14092	16454
Aug 14 2022	0	32	14917	14238
Aug 15 2022	0	29	8813	15040
Aug 16 2022	0	36	9062	15220
Aug 17 2022	0	72	12608	16251
Aug 18 2022	0	47	15754	15220
Aug 19 2022	0	36	13272	0
Aug 20 2022	0	43	11539	26683
Aug 21 2022	0	36	9531	11726
Aug 22 2022	0	48	8586	9680
Aug 23 2022	0	36	10649	10677
Aug 24 2022	0	36	10725	13084
Aug 25 2022	0	68	10256	13528
Aug 26 2022	0	41	9520	12875
Aug 27 2022	0	157	9436	9999
Aug 28 2022	0	45	7591	9206
Aug 29 2022	0	30	3948	22031
Aug 30 2022	0	45	9587	10828
Aug 31 2022	0	37	7081	9828
Sep 01 2022	0	21	6168	9685
Sep 02 2022	0	33	7219	9651
Sep 03 2022	0	26	6809	8414
Sep 04 2022	0	16	5910	7034
Sep 05 2022	0	23	4417	6032
Sep 06 2022	0	27	5379	7094
Sep 07 2022	0	33	6395	6614
Sep 08 2022	0	13	1709	0
Sep 09 2022	0	36	9938	13090
Sep 10 2022	0	11	5076	5970
Sep 11 2022	0	15	5221	5975
Sep 12 2022	0	20	4369	5178
Sep 13 2022	0	31	5108	5675
Sep 14 2022	0	34	6422	5748
Sep 15 2022	0	23	6298	5916
Sep 16 2022	0	29	5747	5618
Sep 17 2022	0	35	5664	4555
Sep 18 2022	0	18	4858	4735
Sep 19 2022	0	15	4043	4676
Sep 20 2022	0	33	4510	5640
Sep 21 2022	0	26	5443	5291
Sep 22 2022	0	20	5383	6424
Sep 23 2022	0	38	4912	5719
Sep 24 2022	0	23	4777	5196
Sep 25 2022	0	20	4129	4688
Sep 26 2022	0	32	3230	4255
Sep 27 2022	0	22	3615	4972
Sep 28 2022	0	27	4272	4474
Sep 29 2022	0	18	3947	5096
Sep 30 2022	0	26	3805	5069
Oct 01 2022	0	18	3375	4206
Oct 02 2022	0	28	3011	4301
Oct 03 2022	0	15	1968	3481
Oct 04 2022	0	17	2468	3731
Oct 05 2022	0	12	2529	3553
Oct 06 2022	0	9	1997	3908
Oct 07 2022	0	24	2797	3884
Oct 08 2022	0	21	2756	3393
Oct 09 2022	0	15	2424	2923
Oct 10 2022	0	8	1957	2654
Oct 11 2022	0	13	2139	3208
Oct 12 2022	0	12	2786	2557
Oct 13 2022	0	10	2678	2594
Oct 14 2022	0	17	2430	2378
Oct 15 2022	0	21	2401	2373
Oct 16 2022	0	10	2060	1841
Oct 17 2022	0	8	1542	1919
Oct 18 2022	0	10	1946	2417
Oct 19 2022	0	20	2141	2579
Oct 20 2022	0	10	2119	2582
Oct 21 2022	0	4	2112	3102
Oct 22 2022	0	4	1994	2601
Oct 23 2022	0	16	1334	1557
Oct 24 2022	0	3	862	1503
Oct 25 2022	0	1	830	1771
Oct 26 2022	0	6	1112	1892
Oct 27 2022	0	12	2208	3619
Oct 28 2022	0	9	1626	2161
Oct 29 2022	0	8	1552	2081
Oct 30 2022	0	8	1326	1723
Oct 31 2022	0	53	1046	1287
Nov 01 2022	0	6	1190	1190
Nov 02 2022	0	9	1321	1457
Nov 03 2022	0	18	1216	1591
Nov 04 2022	0	7	1082	1580
Nov 05 2022	0	14	1132	1479
Nov 06 2022	0	9	937	1252
Nov 07 2022	0	0	625	1119
Nov 08 2022	0	2	811	1271
Nov 09 2022	0	3	1016	1385
Nov 10 2022	0	6	842	1271
Nov 11 2022	0	8	833	1024
Nov 12 2022	0	3	734	977
Nov 13 2022	0	1	547	3385
Nov 14 2022	0	1	327	800
Nov 15 2022	0	2	493	856
Nov 16 2022	0	11	554	1010
Nov 17 2022	0	7	653	790
Nov 18 2022	0	0	576	0
Nov 19 2022	0	21	490	1572
Nov 20 2022	0	12	421	481
Nov 21 2022	0	5	349	482
Nov 22 2022	0	5	332	518
Nov 23 2022	0	5	419	568
Nov 24 2022	0	3	268	709
Nov 25 2022	0	4	498	506
Nov 26 2022	0	4	329	471
Nov 27 2022	0	2	194	429
Nov 28 2022	0	1	343	355
Nov 29 2022	0	5	209	401
Nov 30 2022	0	2	480	377
Dec 01 2022	0	2	125	368
Dec 02 2022	0	3	211	325
Dec 03 2022	0	1	264	293
Dec 04 2022	0	2	208	319
Dec 05 2022	0	3	207	251
Dec 06 2022	0	5	295	251
Dec 07 2022	0	9	119	243
Dec 08 2022	0	6	221	259
Dec 09 2022	0	1	224	390
Dec 10 2022	0	4	180	303
Dec 11 2022	0	0	161	166
Dec 12 2022	0	0	172	175
Dec 13 2022	0	0	122	151
Dec 14 2022	0	5	162	274
Dec 15 2022	0	0	161	238
Dec 16 2022	0	4	220	246
Dec 17 2022	0	5	143	227
Dec 18 2022	0	2	155	126
Dec 19 2022	0	3	137	178
Dec 20 2022	0	3	103	210
Dec 21 2022	0	1	145	190
Dec 22 2022	0	9	226	176
Dec 23 2022	0	1	188	183
Dec 24 2022	0	2	170	198
Dec 25 2022	0	2	201	190
Dec 26 2022	0	1	169	163
Dec 27 2022	0	0	215	141
Dec 28 2022	0	2	174	182
Dec 29 2022	0	1	329	185
Dec 30 2022	0	3	147	179
Dec 31 2022	0	3	151	1209
Jan 01 2023	0	2	341	207
Jan 02 2023	0	0	193	222
Jan 03 2023	0	0	163	187
Jan 04 2023	0	0	141	0
Jan 05 2023	0	7	202	476
Jan 06 2023	0	4	264	204
Jan 07 2023	0	2	149	247
Jan 08 2023	0	1	153	221
Jan 09 2023	0	1	185	172
Jan 10 2023	0	0	168	148
Jan 11 2023	0	0	170	0
Jan 12 2023	0	0	191	0
Jan 13 2023	0	4	0	661
Jan 14 2023	0	0	0	182
Jan 15 2023	0	0	0	144
Jan 16 2023	0	0	0	163
Jan 17 2023	0	2	0	173
Jan 18 2023	0	0	0	170
Jan 19 2023	0	0	0	161
Jan 20 2023	0	2	0	135
Jan 21 2023	0	3	37	117
Jan 22 2023	0	2	94	118
Jan 23 2023	0	2	89	0
Jan 24 2023	0	0	102	201
Jan 25 2023	0	1	132	147
Jan 26 2023	0	1	99	108
Jan 27 2023	0	0	93	147
Jan 28 2023	0	1	109	108
Jan 29 2023	0	0	80	74
Jan 30 2023	0	0	65	158
Jan 31 2023	0	0	111	83
Feb 01 2023	0	0	128	0
Feb 02 2023	0	1	99	245
Feb 03 2023	0	4	128	96
Feb 04 2023	0	0	113	88
Feb 05 2023	0	0	91	91
Feb 06 2023	0	0	89	135
Feb 07 2023	0	1	96	81
Feb 08 2023	0	2	109	111
Feb 09 2023	0	2	114	96
Feb 10 2023	0	0	132	109
Feb 11 2023	0	0	124	101
Feb 12 2023	0	3	82	85
Feb 13 2023	0	0	74	93
Feb 14 2023	0	3	102	94
Feb 15 2023	0	1	126	113
Feb 16 2023	0	0	156	129
Feb 17 2023	0	0	117	112
Feb 18 2023	0	3	142	107
Feb 19 2023	0	1	120	102
Feb 20 2023	0	0	95	90
Feb 21 2023	0	1	125	110
Feb 22 2023	0	1	193	127
Feb 23 2023	0	1	169	152
Feb 24 2023	0	0	180	106
Feb 25 2023	0	5	218	154
Feb 26 2023	0	1	185	104
Feb 27 2023	0	1	169	140
Feb 28 2023	0	1	240	161
Mar 01 2023	0	0	268	164
Mar 02 2023	0	0	283	197
Mar 03 2023	0	3	334	170
Mar 04 2023	0	0	324	219
Mar 05 2023	0	0	281	171
Mar 06 2023	0	0	266	197
Mar 07 2023	0	0	326	220
Mar 08 2023	0	1	379	277
Mar 09 2023	0	3	440	320
Mar 10 2023	0	1	456	0
Mar 11 2023	0	1	524	654
Mar 12 2023	0	1	444	252
Mar 13 2023	0	2	402	306
Mar 14 2023	0	5	618	319
Mar 15 2023	0	1	754	327
Mar 16 2023	0	5	796	388
Mar 17 2023	0	4	843	476
Mar 18 2023	0	3	1071	542
Mar 19 2023	0	4	918	479
Mar 20 2023	0	2	646	435
Mar 21 2023	0	5	1134	662
Mar 22 2023	0	3	1300	718
Mar 23 2023	0	2	1249	925
Mar 24 2023	0	6	1590	910
Mar 25 2023	0	7	1890	1051
Mar 26 2023	0	6	1805	932
Mar 27 2023	0	4	1573	888
Mar 28 2023	0	7	2151	1222
Mar 29 2023	0	14	3016	1396
Mar 30 2023	0	5	3094	1390
Mar 31 2023	0	9	2995	1840
Apr 01 2023	0	5	3824	1784
Apr 02 2023	0	11	3641	1800
Apr 03 2023	0	9	3038	2069
Apr 04 2023	0	15	4435	2508
Apr 05 2023	0	13	5335	2826
Apr 06 2023	0	14	6050	3320
Apr 07 2023	0	11	6155	3253
Apr 08 2023	0	11	5357	3726
Apr 09 2023	0	14	5880	3481
Apr 10 2023	0	21	5676	3761
Apr 11 2023	0	16	7830	4692
Apr 12 2023	0	19	10158	5356
Apr 13 2023	0	29	11109	6456
Apr 14 2023	0	27	10753	6628
Apr 15 2023	0	23	10093	6248
Apr 16 2023	0	27	9111	6313
Apr 17 2023	0	11	7633	6702
Apr 18 2023	0	38	10542	8175
Apr 19 2023	0	40	12591	10827
Apr 20 2023	0	28	11692	10780
Apr 21 2023	0	42	12193	10765
Apr 22 2023	0	29	10112	9833
Apr 23 2023	0	16	6904	9011
Apr 24 2023	0	24	6934	9213
Apr 25 2023	0	29	9629	11967
Apr 26 2023	0	26	9355	12932
Apr 27 2023	0	44	7533	11047
Apr 28 2023	0	40	7171	9669
Apr 29 2023	0	25	5874	8148
Apr 30 2023	0	14	4282	6037
May 01 2023	0	17	3325	6379
May 02 2023	0	20	3720	7698
May 03 2023	0	22	3962	7873
May 04 2023	0	36	3611	6587
May 05 2023	0	17	2961	6135
May 06 2023	0	21	2380	5188
May 07 2023	0	12	1839	3861
May 08 2023	0	15	1331	3752
May 09 2023	0	15	2109	3430
May 10 2023	0	14	1690	3469
May 11 2023	0	17	1580	3167
May 12 2023	0	14	1223	2720
May 13 2023	0	3	1272	2252
May 14 2023	0	8	801	1815
May 15 2023	0	12	656	2100
May 16 2023	0	4	1021	2661
May 17 2023	0	20	906	2100
May 18 2023	0	4	865	1948
May 19 2023	0	6	782	1193
May 20 2023	0	8	756	1308
May 21 2023	0	7	473	958
May 22 2023	0	4	405	920
May 23 2023	0	6	552	1059
May 24 2023	0	5	535	953
May 25 2023	0	2	490	949
May 26 2023	0	3	425	870
May 27 2023	0	5	403	685
May 28 2023	0	2	310	571
May 29 2023	0	1	224	429
May 30 2023	0	3	310	588
May 31 2023	0	2	288	583
Jun 01 2023	0	2	267	454
Jun 02 2023	0	4	237	467
Jun 03 2023	0	2	202	359
Jun 04 2023	0	2	174	322
Jun 05 2023	0	2	124	314
Jun 06 2023	0	0	214	384
Jun 07 2023	0	2	199	341
Jun 08 2023	0	2	169	299
Jun 09 2023	0	0	186	240
Jun 10 2023	0	3	140	188
Jun 11 2023	0	0	0	0
Jun 12 2023	0	1	0	373
Jun 13 2023	0	0	292	220
Jun 14 2023	0	1	106	186
Jun 15 2023	0	0	96	146
Jun 16 2023	0	0	108	142
Jun 17 2023	0	2	90	146
Jun 18 2023	0	1	63	77
Jun 19 2023	0	1	36	101
Jun 20 2023	0	1	92	149
Jun 21 2023	0	2	95	95
Jun 22 2023	0	2	51	121
Jun 23 2023	0	1	55	113
Jun 24 2023	0	0	80	63
Jun 25 2023	0	0	47	62
Jun 26 2023	0	0	0	0
Jun 27 2023	0	0	33	82
Jun 28 2023	0	2	112	167
Jun 29 2023	0	0	0	0
Jun 30 2023	0	1	84	119
Jul 01 2023	0	1	53	75
Jul 02 2023	0	0	0	0
Jul 03 2023	0	1	70	91
Jul 04 2023	0	2	56	69
Jul 05 2023	0	0	0	0
Jul 06 2023	0	2	87	83
Jul 07 2023	0	0	0	0
Jul 08 2023	0	1	81	81
Jul 09 2023	0	0	24	47
Jul 10 2023	0	0	20	31
Jul 11 2023	0	0	46	53
Jul 12 2023	0	0	0	0
Jul 13 2023	0	1	100	116
Jul 14 2023	0	0	54	42
Jul 15 2023	0	1	59	34
Jul 16 2023	0	0	43	34
Jul 17 2023	0	0	0	0
Jul 18 2023	0	0	0	0
Jul 19 2023	0	0	134	99
Jul 20 2023	0	0	0	0
Jul 21 2023	0	0	0	0
Jul 22 2023	0	0	0	0
Jul 23 2023	0	0	256	268
Jul 24 2023	0	0	0	0
Jul 25 2023	0	0	81	76
Jul 26 2023	0	0	42	59
Jul 27 2023	0	0	52	49
Jul 28 2023	0	0	50	49
Jul 29 2023	0	1	52	43
Jul 30 2023	0	1	41	37
Jul 31 2023	0	0	36	29
Aug 01 2023	0	0	0	0
Aug 02 2023	0	1	137	77
Aug 03 2023	0	0	0	0
Aug 04 2023	0	0	131	111
Aug 05 2023	0	0	47	48
Aug 06 2023	0	0	54	32
Aug 07 2023	0	0	0	0
Aug 08 2023	0	0	78	113
Aug 09 2023	0	2	39	71
Aug 10 2023	0	0	47	47
Aug 11 2023	0	0	38	56
Aug 12 2023	0	1	38	54
Aug 13 2023	0	0	39	37
Aug 14 2023	0	1	22	41
Aug 15 2023	0	0	58	60
Aug 16 2023	0	2	33	45
Aug 17 2023	0	0	50	45
Aug 18 2023	0	1	72	60
Aug 19 2023	0	0	51	35
Aug 20 2023	0	1	54	46
Aug 21 2023	0	0	23	28
Aug 22 2023	0	0	56	51
Aug 23 2023	0	0	54	45
Aug 24 2023	0	1	73	48
Aug 25 2023	0	1	60	64
Aug 26 2023	0	0	44	45
Aug 27 2023	0	1	70	47
Aug 28 2023	0	0	23	38
Aug 29 2023	0	0	61	48
Aug 30 2023	0	1	50	51
Aug 31 2023	0	0	0	0
Sep 01 2023	0	0	6	0
Sep 02 2023	0	0	153	1076
Sep 03 2023	0	0	0	0
Sep 04 2023	0	0	0	0
Sep 05 2023	0	0	140	158
Sep 06 2023	0	0	71	68
Sep 07 2023	0	0	46	55
Sep 08 2023	0	0	59	64
Sep 09 2023	0	0	68	56
Sep 10 2023	0	0	70	52
Sep 11 2023	0	0	40	42
Sep 12 2023	0	0	97	64
Sep 13 2023	0	0	58	63
Sep 14 2023	0	0	60	50
Sep 15 2023	0	0	72	59
Sep 16 2023	0	0	55	59
Sep 17 2023	0	0	55	60
Sep 18 2023	0	0	26	50
Sep 19 2023	0	0	51	90
Sep 20 2023	0	0	44	53
Sep 21 2023	0	0	55	65
Sep 22 2023	0	0	70	65
Sep 23 2023	0	0	62	59
Sep 24 2023	0	0	40	53
Sep 25 2023	0	0	38	31
Sep 26 2023	0	0	47	44
Sep 27 2023	0	0	51	41
Sep 28 2023	0	0	40	50
Sep 29 2023	0	0	41	63
Sep 30 2023	0	0	56	59
Oct 01 2023	0	0	36	45
Oct 02 2023	0	0	42	47
Oct 03 2023	0	0	38	66
Oct 04 2023	0	0	250	267
Oct 05 2023	0	0	39	55
Oct 06 2023	0	0	42	44
Oct 07 2023	0	0	43	35
Oct 08 2023	0	0	38	43
Oct 09 2023	0	0	26	52
Oct 10 2023	0	0	46	35
Oct 11 2023	0	0	0	0
Oct 12 2023	0	0	72	69
Oct 13 2023	0	0	51	41
Oct 14 2023	0	0	0	0
Oct 15 2023	0	0	0	0
Oct 16 2023	0	0	0	0
Oct 17 2023	0	0	119	172
Oct 18 2023	0	0	48	47
Oct 19 2023	0	0	37	41
Oct 20 2023	0	0	0	0
Oct 21 2023	0	0	0	0
Oct 22 2023	0	0	0	0
Oct 23 2023	0	0	1287	0
Oct 24 2023	0	0	0	0
Oct 25 2023	0	2	98	183
Oct 26 2023	0	0	0	0
Oct 27 2023	0	0	61	36
Oct 28 2023	0	0	0	0
Oct 29 2023	0	0	57	75
Oct 30 2023	0	0	0	0
Oct 31 2023	0	0	0	0
Nov 01 2023	0	0	0	0
Nov 02 2023	0	0	0	0
Nov 03 2023	0	0	0	0
Nov 04 2023	0	0	0	0
Nov 05 2023	0	0	0	0
Nov 06 2023	0	0	0	0
Nov 07 2023	0	0	0	0
Nov 08 2023	0	2	140	218
Nov 09 2023	0	0	0	0
Nov 10 2023	0	0	0	0
Nov 11 2023	0	0	0	0
Nov 12 2023	0	0	56	84
Nov 13 2023	0	0	0	0
Nov 14 2023	0	0	28	24
Nov 15 2023	0	0	18	12
Nov 16 2023	0	0	26	0
Nov 17 2023	0	0	0	0
Nov 18 2023	0	0	0	0
Nov 19 2023	0	0	57	55
Nov 20 2023	0	0	13	14
Nov 21 2023	0	0	0	0
Nov 22 2023	0	0	49	27
Nov 23 2023	0	2	36	26
Nov 24 2023	0	0	42	16
Nov 25 2023	0	0	0	0
Nov 26 2023	0	1	52	41
Nov 27 2023	0	0	22	16
Nov 28 2023	0	0	0	0
Nov 29 2023	0	0	137	76
Nov 30 2023	0	0	71	37
Dec 01 2023	0	0	0	0
Dec 02 2023	0	0	0	0
Dec 03 2023	0	0	0	0
Dec 04 2023	0	3	306	143
Dec 05 2023	0	0	0	0
Dec 06 2023	0	4	240	115
Dec 07 2023	0	0	0	0
Dec 08 2023	0	0	0	0
Dec 09 2023	0	0	0	0
Dec 10 2023	0	0	0	0
Dec 11 2023	0	2	780	398
Dec 12 2023	0	0	0	0
Dec 13 2023	0	2	489	315
Dec 14 2023	0	0	0	0
Dec 15 2023	0	0	0	0
Dec 16 2023	0	0	0	0
Dec 17 2023	0	0	0	0
Dec 18 2023	0	0	0	0
Dec 19 2023	0	0	0	0
Dec 20 2023	0	0	0	0
Dec 21 2023	0	0	0	0
Dec 22 2023	0	19	3382	1551
Dec 23 2023	0	4	752	325
Dec 24 2023	0	1	656	333
Dec 25 2023	0	0	0	0
Dec 26 2023	0	4	1040	608
Dec 27 2023	0	3	529	0
Dec 28 2023	0	6	702	0
Dec 29 2023	0	5	797	0
Dec 30 2023	0	7	743	2923
Dec 31 2023	0	3	841	526
Jan 01 2024	0	3	636	548
Jan 02 2024	0	2	573	400
Jan 03 2024	0	5	602	722
Jan 04 2024	0	2	760	775
Jan 05 2024	0	12	761	838
Jan 06 2024	0	2	774	919
Jan 07 2024	0	5	756	889
Jan 08 2024	0	4	605	731
Jan 09 2024	0	6	475	469
Jan 10 2024	0	4	605	1098
Jan 11 2024	0	3	514	511
Jan 12 2024	0	3	609	660
Jan 13 2024	0	0	441	571
Jan 14 2024	0	2	375	536
Jan 15 2024	0	0	272	357
Jan 16 2024	0	3	189	372
Jan 17 2024	0	3	269	514
Jan 18 2024	0	3	305	419
Jan 19 2024	0	2	355	461
Jan 20 2024	0	3	313	600
Jan 21 2024	0	6	290	266
Jan 22 2024	0	2	203	226
Jan 23 2024	0	3	236	236
Jan 24 2024	0	2	160	303
Jan 25 2024	0	1	198	319
Jan 26 2024	0	1	187	276
Jan 27 2024	0	1	159	209
Jan 28 2024	0	1	182	279
Jan 29 2024	0	0	112	177
Jan 30 2024	0	0	124	169
Jan 31 2024	0	2	133	157
Feb 01 2024	0	1	160	210
Feb 02 2024	0	3	187	141
Feb 03 2024	0	0	0	0
Feb 04 2024	0	3	347	252
Feb 05 2024	0	0	122	73
Feb 06 2024	0	1	124	137
Feb 07 2024	0	2	157	167
Feb 08 2024	0	1	211	228
Feb 09 2024	0	0	0	0
Feb 10 2024	0	3	22	623
Feb 11 2024	0	1	376	379
Feb 12 2024	0	0	74	73
Feb 13 2024	0	4	123	114
Feb 14 2024	0	1	120	149
Feb 15 2024	0	1	120	148
Feb 16 2024	0	2	166	122
Feb 17 2024	0	2	144	161
Feb 18 2024	0	0	155	128
Feb 19 2024	0	0	110	84
Feb 20 2024	0	1	105	122
Feb 21 2024	0	2	161	155
Feb 22 2024	0	1	136	159
Feb 23 2024	0	0	0	0
Feb 24 2024	0	1	322	294
Feb 25 2024	0	1	148	132
Feb 26 2024	0	0	0	0
Feb 27 2024	0	6	239	196
Feb 28 2024	0	1	181	200
Feb 29 2024	0	4	193	151
Mar 01 2024	0	2	204	153
Mar 02 2024	0	0	182	133
Mar 03 2024	0	4	178	141
Mar 04 2024	0	1	120	92
Mar 05 2024	0	3	135	189
Mar 06 2024	0	0	0	0
Mar 07 2024	0	0	0	0
Mar 08 2024	0	0	0	0
Mar 09 2024	0	0	0	0
Mar 10 2024	0	11	947	862
Mar 11 2024	0	0	148	117
Mar 12 2024	0	0	138	220
Mar 13 2024	0	2	197	213
Mar 14 2024	0	1	199	219
Mar 15 2024	0	0	0	0
Mar 16 2024	0	0	0	0
Mar 17 2024	0	8	559	452
Mar 18 2024	0	2	129	95
Mar 19 2024	0	2	86	143
Mar 20 2024	0	0	0	0
Mar 21 2024	0	8	331	430
Mar 22 2024	0	2	131	139
Mar 23 2024	0	2	180	180
Mar 24 2024	0	2	132	204
Mar 25 2024	0	1	121	112
Mar 26 2024	0	0	57	85
Mar 27 2024	0	0	71	124
Mar 28 2024	0	3	129	155
Mar 29 2024	0	4	114	127
Mar 30 2024	0	0	0	0
Mar 31 2024	0	0	0	0
Apr 01 2024	0	0	0	0
Apr 02 2024	0	0	0	0
Apr 03 2024	0	0	0	0
Apr 04 2024	0	0	0	0
Apr 05 2024	0	0	0	0
Apr 06 2024	0	0	0	0
