Date	Active Cases	Daily Death	New cases	Recoverd Cases
Feb 15 2020	0	0	0	0
Feb 16 2020	0	0	0	0
Feb 17 2020	0	0	0	0
Feb 18 2020	0	0	0	0
Feb 19 2020	0	0	0	0
Feb 20 2020	0	0	0	0
Feb 21 2020	0	0	0	0
Feb 22 2020	0	0	0	0
Feb 23 2020	0	0	0	0
Feb 24 2020	0	0	0	0
Feb 25 2020	0	0	0	0
Feb 26 2020	0	0	0	0
Feb 27 2020	0	0	0	0
Feb 28 2020	0	0	0	0
Feb 29 2020	0	0	0	0
Mar 01 2020	0	0	0	0
Mar 02 2020	0	0	0	0
Mar 03 2020	0	0	0	0
Mar 04 2020	0	0	0	0
Mar 05 2020	0	0	0	0
Mar 06 2020	0	0	0	0
Mar 07 2020	0	0	0	0
Mar 08 2020	0	0	0	0
Mar 09 2020	0	0	0	0
Mar 10 2020	2	0	0	0
Mar 11 2020	2	0	0	0
Mar 12 2020	3	0	1	0
Mar 13 2020	10	0	7	0
Mar 14 2020	10	0	0	0
Mar 15 2020	10	0	0	0
Mar 16 2020	11	0	1	0
Mar 17 2020	12	0	1	0
Mar 18 2020	12	0	0	0
Mar 19 2020	15	0	3	0
Mar 20 2020	16	0	1	0
Mar 21 2020	19	0	3	0
Mar 22 2020	24	0	5	0
Mar 23 2020	27	0	3	0
Mar 24 2020	29	0	2	0
Mar 25 2020	32	0	3	0
Mar 26 2020	61	0	29	0
Mar 27 2020	61	0	0	0
Mar 28 2020	74	0	13	0
Mar 29 2020	80	0	7	0
Mar 30 2020	92	4	16	0
Mar 31 2020	99	3	10	0
Apr 01 2020	105	1	8	0
Apr 02 2020	112	1	8	0
Apr 03 2020	120	1	9	0
Apr 04 2020	126	1	7	0
Apr 05 2020	143	0	18	0
Apr 06 2020	168	1	26	0
Apr 07 2020	175	4	11	0
Apr 08 2020	190	1	16	0
Apr 09 2020	240	4	54	0
Apr 10 2020	243	1	4	0
Apr 11 2020	249	1	7	0
Apr 12 2020	269	5	25	0
Apr 13 2020	295	4	30	0
Apr 14 2020	314	1	24	0
Apr 15 2020	356	0	43	0
Apr 16 2020	392	1	44	0
Apr 17 2020	401	3	24	0
Apr 18 2020	424	0	28	0
Apr 19 2020	450	1	27	0
Apr 20 2020	493	1	44	0
Apr 21 2020	520	1	34	0
Apr 22 2020	520	4	11	0
Apr 23 2020	579	4	63	0
Apr 24 2020	606	4	31	0
Apr 25 2020	699	1	104	0
Apr 26 2020	735	3	59	0
Apr 27 2020	808	5	84	0
Apr 28 2020	850	4	64	0
Apr 29 2020	874	3	39	0
Apr 30 2020	919	5	57	0
May 01 2020	957	4	57	0
May 02 2020	1012	5	62	0
May 03 2020	1222	6	241	0
May 04 2020	1333	6	124	0
May 05 2020	1404	8	87	0
May 06 2020	1507	5	121	0
May 07 2020	1574	6	84	0
May 08 2020	1734	14	195	0
May 09 2020	1896	5	185	0
May 10 2020	2036	10	171	0
May 11 2020	2135	5	119	0
May 12 2020	2379	5	275	0
May 13 2020	2490	8	133	0
May 14 2020	2630	18	184	0
May 15 2020	2824	13	224	0
May 16 2020	2936	15	205	0
May 17 2020	3145	1	249	0
May 18 2020	3382	5	262	0
May 19 2020	3541	6	175	0
May 20 2020	3710	19	218	0
May 21 2020	4115	13	438	0
May 22 2020	4354	21	268	0
May 23 2020	4713	19	392	0
May 24 2020	5002	13	336	0
May 25 2020	5317	13	348	0
May 26 2020	5682	14	397	0
May 27 2020	6111	17	476	0
May 28 2020	6723	8	632	0
May 29 2020	7276	17	619	0
May 30 2020	7600	9	344	0
May 31 2020	8308	13	861	0
Jun 01 2020	8615	4	390	0
Jun 02 2020	8955	40	549	0
Jun 03 2020	9210	44	460	0
Jun 04 2020	9616	32	647	0
Jun 05 2020	10053	19	607	0
Jun 06 2020	10440	15	483	0
Jun 07 2020	10871	36	630	0
Jun 08 2020	10958	14	285	0
Jun 09 2020	11178	13	306	0
Jun 10 2020	11827	15	695	0
Jun 11 2020	12360	33	637	0
Jun 12 2020	13105	28	884	0
Jun 13 2020	13775	35	764	0
Jun 14 2020	14316	35	913	0
Jun 15 2020	14553	35	617	0
Jun 16 2020	14822	28	614	0
Jun 17 2020	15274	36	810	0
Jun 18 2020	15799	27	802	0
Jun 19 2020	16590	23	814	0
Jun 20 2020	16876	23	977	0
Jun 21 2020	17463	33	1036	0
Jun 22 2020	17927	44	876	0
Jun 23 2020	18567	62	1105	0
Jun 24 2020	18985	35	896	0
Jun 25 2020	19548	40	1098	0
Jun 26 2020	19972	49	1016	0
Jun 27 2020	20466	28	920	0
Jun 28 2020	21250	47	1253	0
Jun 29 2020	21681	58	848	0
Jun 30 2020	21795	76	601	0
Jul 01 2020	22409	68	1094	0
Jul 02 2020	22889	104	1008	0
Jul 03 2020	23503	93	1301	0
Jul 04 2020	24321	64	1290	0
Jul 05 2020	24991	77	1253	0
Jul 06 2020	25749	73	1226	0
Jul 07 2020	26644	55	1212	0
Jul 08 2020	27140	71	1036	0
Jul 09 2020	28032	62	1439	0
Jul 10 2020	28609	81	1129	0
Jul 11 2020	29412	85	1452	0
Jul 12 2020	30564	68	1635	0
Jul 13 2020	30972	69	987	0
Jul 14 2020	31506	78	1063	0
Jul 15 2020	32556	42	1617	0
Jul 16 2020	33311	58	1351	0
Jul 17 2020	34572	55	1938	0
Jul 18 2020	35529	86	1946	0
Jul 19 2020	37171	76	2036	0
Jul 20 2020	38203	59	1444	0
Jul 21 2020	39201	89	1409	0
Jul 22 2020	40080	72	1366	0
Jul 23 2020	41355	72	1778	0
Jul 24 2020	42058	105	1117	0
Jul 25 2020	42590	88	1204	0
Jul 26 2020	43996	82	1825	0
Jul 27 2020	44863	63	1148	0
Jul 28 2020	46221	85	1752	0
Jul 29 2020	46777	97	1146	0
Jul 30 2020	47332	117	1207	0
Jul 31 2020	48119	114	1700	0
Aug 01 2020	49287	110	1555	0
Aug 02 2020	50790	115	2004	0
Aug 03 2020	51844	118	1360	0
Aug 04 2020	53083	100	1693	0
Aug 05 2020	53596	122	1515	0
Aug 06 2020	54243	86	1780	0
Aug 07 2020	54483	106	1282	0
Aug 08 2020	55107	78	1468	0
Aug 09 2020	55423	83	1164	0
Aug 10 2020	55394	69	944	0
Aug 11 2020	55919	96	1636	0
Aug 12 2020	56618	64	1693	0
Aug 13 2020	57196	88	1743	0
Aug 14 2020	57618	76	1388	0
Aug 15 2020	58034	72	1491	0
Aug 16 2020	58230	85	1196	0
Aug 17 2020	58503	72	1198	0
Aug 18 2020	58316	86	879	0
Aug 19 2020	58896	64	1796	0
Aug 20 2020	59504	81	2031	0
Aug 21 2020	59277	96	1015	0
Aug 22 2020	59536	81	1370	0
Aug 23 2020	58681	101	992	0
Aug 24 2020	57805	89	722	0
Aug 25 2020	57058	92	999	0
Aug 26 2020	55970	114	851	0
Aug 27 2020	55461	82	1095	0
Aug 28 2020	54286	86	1035	0
Aug 29 2020	53101	72	1280	0
Aug 30 2020	52089	122	945	0
Aug 31 2020	50915	40	614	0
Sep 01 2020	49553	81	630	0
Sep 02 2020	48407	99	669	0
Sep 03 2020	46982	136	661	0
Sep 04 2020	45912	113	853	0
Sep 05 2020	44679	72	799	0
Sep 06 2020	43546	72	661	0
Sep 07 2020	42110	41	528	0
Sep 08 2020	41237	47	835	0
Sep 09 2020	39949	44	704	0
Sep 10 2020	38818	50	1037	0
Sep 11 2020	37363	48	860	0
Sep 12 2020	36515	58	967	0
Sep 13 2020	35721	48	810	0
Sep 14 2020	34992	48	809	0
Sep 15 2020	34857	51	828	0
Sep 16 2020	34452	54	667	0
Sep 17 2020	34191	32	586	0
Sep 18 2020	34019	34	547	0
Sep 19 2020	33870	40	632	0
Sep 20 2020	33677	37	419	0
Sep 21 2020	33266	32	206	0
Sep 22 2020	32915	38	310	0
Sep 23 2020	32729	40	467	0
Sep 24 2020	32524	39	537	0
Sep 25 2020	32572	35	628	0
Sep 26 2020	32373	36	604	0
Sep 27 2020	32176	29	370	0
Sep 28 2020	32069	31	309	0
Sep 29 2020	31815	43	322	0
Sep 30 2020	31630	32	418	0
Oct 01 2020	31631	35	670	0
Oct 02 2020	31363	37	405	0
Oct 03 2020	31332	45	503	0
Oct 04 2020	31202	29	350	0
Oct 05 2020	31030	29	299	0
Oct 06 2020	30780	29	239	0
Oct 07 2020	30578	28	361	0
Oct 08 2020	30053	37	238	0
Oct 09 2020	29735	37	263	0
Oct 10 2020	29422	35	257	0
Oct 11 2020	29189	31	237	0
Oct 12 2020	28967	16	111	0
Oct 13 2020	28650	18	121	0
Oct 14 2020	28291	26	227	0
Oct 15 2020	27924	27	219	0
Oct 16 2020	27214	31	178	0
Oct 17 2020	27027	33	243	0
Oct 18 2020	26845	24	148	0
Oct 19 2020	26607	18	61	0
Oct 20 2020	26231	21	119	0
Oct 21 2020	25785	24	147	0
Oct 22 2020	25139	33	191	0
Oct 23 2020	24709	27	217	0
Oct 24 2020	24169	24	167	0
Oct 25 2020	23883	19	167	0
Oct 26 2020	23348	18	74	0
Oct 27 2020	22864	13	99	0
Oct 28 2020	22481	14	172	0
Oct 29 2020	22122	22	197	0
Oct 30 2020	21818	11	163	0
Oct 31 2020	21536	10	147	0
Nov 01 2020	21327	10	126	0
Nov 02 2020	21052	6	76	0
Nov 03 2020	20869	10	34	0
Nov 04 2020	20457	10	69	0
Nov 05 2020	20260	7	126	0
Nov 06 2020	19845	10	139	0
Nov 07 2020	19461	13	142	0
Nov 08 2020	19210	9	84	0
Nov 09 2020	19012	5	48	0
Nov 10 2020	18676	7	86	0
Nov 11 2020	18455	6	103	0
Nov 12 2020	18038	10	112	0
Nov 13 2020	17725	7	113	0
Nov 14 2020	17527	10	180	0
Nov 15 2020	17310	6	112	0
Nov 16 2020	17058	8	65	0
Nov 17 2020	16856	10	125	0
Nov 18 2020	16616	7	102	0
Nov 19 2020	16159	9	96	0
Nov 20 2020	15974	14	187	0
Nov 21 2020	15723	11	98	0
Nov 22 2020	15636	4	68	0
Nov 23 2020	15531	3	56	0
Nov 24 2020	15368	9	56	0
Nov 25 2020	15182	12	113	0
Nov 26 2020	14932	5	129	0
Nov 27 2020	14529	6	114	0
Nov 28 2020	14299	4	104	0
Nov 29 2020	14161	6	98	0
Nov 30 2020	13996	3	30	0
Dec 01 2020	13847	5	86	0
Dec 02 2020	13150	6	102	0
Dec 03 2020	12147	9	184	0
Dec 04 2020	11987	10	192	0
Dec 05 2020	11746	5	139	0
Dec 06 2020	11702	5	167	0
Dec 07 2020	11564	3	68	0
Dec 08 2020	11477	2	97	0
Dec 09 2020	11412	5	189	0
Dec 10 2020	11364	2	214	0
Dec 11 2020	11459	4	325	0
Dec 12 2020	11596	5	312	0
Dec 13 2020	11722	1	333	0
Dec 14 2020	11709	4	120	0
Dec 15 2020	11680	6	195	0
Dec 16 2020	11768	2	371	0
Dec 17 2020	12033	3	498	0
Dec 18 2020	12277	2	451	0
Dec 19 2020	12374	2	484	0
Dec 20 2020	12718	2	621	0
Dec 21 2020	12816	1	253	0
Dec 22 2020	12832	7	362	0
Dec 23 2020	13265	9	674	0
Dec 24 2020	13745	13	1005	0
Dec 25 2020	14456	11	1057	0
Dec 26 2020	14551	7	469	0
Dec 27 2020	15085	10	759	0
Dec 28 2020	15321	5	494	0
Dec 29 2020	15666	8	751	0
Dec 30 2020	16639	30	1293	0
Dec 31 2020	17441	14	1485	0
Jan 01 2021	18659	16	1752	0
Jan 02 2021	19097	10	861	0
Jan 03 2021	19653	11	1070	0
Jan 04 2021	20010	15	606	0
Jan 05 2021	20578	18	1010	0
Jan 06 2021	21321	22	1597	0
Jan 07 2021	22304	47	1713	0
Jan 08 2021	23117	17	1910	0
Jan 09 2021	24740	24	2263	0
Jan 10 2021	25539	23	1644	0
Jan 11 2021	26228	26	1098	0
Jan 12 2021	26858	40	1392	0
Jan 13 2021	27428	40	1473	0
Jan 14 2021	28446	40	2057	0
Jan 15 2021	29541	38	2198	0
Jan 16 2021	31529	42	2573	0
Jan 17 2021	32925	26	2091	0
Jan 18 2021	33898	41	1503	0
Jan 19 2021	34613	45	1550	0
Jan 20 2021	35617	43	2357	0
Jan 21 2021	37188	43	2655	0
Jan 22 2021	38615	55	2648	0
Jan 23 2021	39419	54	1864	0
Jan 24 2021	39949	57	1732	0
Jan 25 2021	40394	59	1048	0
Jan 26 2021	41078	67	1781	0
Jan 27 2021	42327	55	2390	0
Jan 28 2021	43308	63	2866	0
Jan 29 2021	44555	60	2652	0
Jan 30 2021	45626	54	2666	0
Jan 31 2021	46343	52	2005	0
Feb 01 2021	47008	50	1438	0
Feb 02 2021	47307	61	1464	0
Feb 03 2021	47920	76	2127	0
Feb 04 2021	48308	59	2021	0
Feb 05 2021	48470	63	1787	0
Feb 06 2021	48545	55	1676	0
Feb 07 2021	48788	67	1218	0
Feb 08 2021	48897	44	839	0
Feb 09 2021	48673	69	1220	0
Feb 10 2021	48594	66	1544	0
Feb 11 2021	48559	68	1771	0
Feb 12 2021	48243	49	1352	0
Feb 13 2021	47794	64	1244	0
Feb 14 2021	47359	49	938	0
Feb 15 2021	47514	48	696	0
Feb 16 2021	46611	33	412	0
Feb 17 2021	46034	41	562	0
Feb 18 2021	45610	30	789	0
Feb 19 2021	45392	51	1029	0
Feb 20 2021	45207	38	1152	0
Feb 21 2021	45390	28	1095	0
Feb 22 2021	45449	24	521	0
Feb 23 2021	45340	30	884	0
Feb 24 2021	43978	39	1204	0
Feb 25 2021	44090	40	1339	0
Feb 26 2021	43913	31	1103	0
Feb 27 2021	44080	33	1069	0
Feb 28 2021	44114	19	656	0
Mar 01 2021	44077	21	463	0
Mar 02 2021	44197	17	757	0
Mar 03 2021	44231	38	790	0
Mar 04 2021	44304	32	834	0
Mar 05 2021	44639	28	969	0
Mar 06 2021	44521	29	937	0
Mar 07 2021	44460	18	653	0
Mar 08 2021	43958	16	323	0
Mar 09 2021	43635	22	463	0
Mar 10 2021	43665	13	885	0
Mar 11 2021	43421	27	841	0
Mar 12 2021	42864	19	778	0
Mar 13 2021	42670	28	1084	0
Mar 14 2021	42591	14	680	0
Mar 15 2021	42360	14	385	0
Mar 16 2021	42199	16	670	0
Mar 17 2021	42147	23	929	0
Mar 18 2021	42140	18	1068	0
Mar 19 2021	40813	13	885	0
Mar 20 2021	40773	13	867	0
Mar 21 2021	40646	10	603	0
Mar 22 2021	40210	9	223	0
Mar 23 2021	40184	14	573	0
Mar 24 2021	39956	19	879	0
Mar 25 2021	39706	14	973	0
Mar 26 2021	39387	24	774	0
Mar 27 2021	39207	12	878	0
Mar 28 2021	38958	22	591	0
Mar 29 2021	38681	21	326	0
Mar 30 2021	38488	26	719	0
Mar 31 2021	38064	29	1072	0
Apr 01 2021	37932	18	992	0
Apr 02 2021	37863	23	916	0
Apr 03 2021	37621	26	620	0
Apr 04 2021	37342	11	520	0
Apr 05 2021	37351	8	467	0
Apr 06 2021	37304	20	458	0
Apr 07 2021	37476	22	1498	0
Apr 08 2021	37508	19	1076	0
Apr 09 2021	37497	28	1241	0
Apr 10 2021	37938	16	1442	0
Apr 11 2021	38059	14	921	0
Apr 12 2021	37836	9	525	0
Apr 13 2021	37931	18	989	0
Apr 14 2021	37778	28	1099	0
Apr 15 2021	37913	23	1108	0
Apr 16 2021	37751	86	823	0
Apr 17 2021	38015	22	1246	0
Apr 18 2021	38333	9	1185	0
Apr 19 2021	37958	14	521	0
Apr 20 2021	38237	18	1296	0
Apr 21 2021	38378	30	1313	0
Apr 22 2021	38500	37	1386	0
Apr 23 2021	38301	28	1330	0
Apr 24 2021	38761	26	1501	0
Apr 25 2021	39222	30	1293	0
Apr 26 2021	38932	12	474	0
Apr 27 2021	38973	38	1119	0
Apr 28 2021	39141	24	1480	0
Apr 29 2021	39536	36	1573	0
Apr 30 2021	40128	32	1901	0
May 01 2021	40682	24	1862	0
May 02 2021	40464	35	933	0
May 03 2021	40860	12	1034	0
May 04 2021	40992	14	1423	0
May 05 2021	41287	48	1588	0
May 06 2021	41731	42	1835	0
May 07 2021	42694	29	1783	0
May 08 2021	43262	32	1963	0
May 09 2021	43626	23	1394	0
May 10 2021	43552	23	1063	0
May 11 2021	43702	31	1599	0
May 12 2021	43973	51	2369	0
May 13 2021	44730	38	2290	0
May 14 2021	45560	65	2356	0
May 15 2021	46711	43	2509	0
May 16 2021	47273	43	1783	0
May 17 2021	47076	24	1051	0
May 18 2021	47570	50	2257	0
May 19 2021	48451	70	2617	0
May 20 2021	49678	59	2766	0
May 21 2021	51284	90	2858	0
May 22 2021	52576	79	3005	0
May 23 2021	53115	54	2117	0
May 24 2021	53384	56	1466	0
May 25 2021	54178	60	2517	0
May 26 2021	55757	103	3179	0
May 27 2021	57391	105	3213	0
May 28 2021	58858	89	3018	0
May 29 2021	60079	66	2990	0
May 30 2021	60648	59	2144	0
May 31 2021	60983	37	1760	0
Jun 01 2021	61174	54	2805	0
Jun 02 2021	62188	118	3439	0
Jun 03 2021	63520	96	3310	0
Jun 04 2021	64148	103	2429	0
Jun 05 2021	64881	69	3000	0
Jun 06 2021	65214	83	2277	0
Jun 07 2021	64998	44	1428	0
Jun 08 2021	65619	59	2832	0
Jun 09 2021	66133	98	2981	0
Jun 10 2021	67796	71	3839	0
Jun 11 2021	69094	76	3233	0
Jun 12 2021	69962	99	3244	0
Jun 13 2021	69864	69	2056	0
Jun 14 2021	69414	58	1607	0
Jun 15 2021	69130	73	2152	0
Jun 16 2021	69117	128	2571	0
Jun 17 2021	68198	91	2836	0
Jun 18 2021	68265	101	2682	0
Jun 19 2021	67672	88	2118	0
Jun 20 2021	67388	81	1648	0
Jun 21 2021	66461	45	1086	0
Jun 22 2021	65327	43	764	0
Jun 23 2021	63274	70	1667	0
Jun 24 2021	63186	88	2270	0
Jun 25 2021	63493	87	2430	0
Jun 26 2021	63189	84	2182	0
Jun 27 2021	63071	56	1653	0
Jun 28 2021	62425	31	922	0
Jun 29 2021	62001	51	1633	0
Jun 30 2021	61708	72	2055	0
Jul 01 2021	61568	66	2001	0
Jul 02 2021	60669	56	1662	0
Jul 03 2021	60109	58	1598	0
Jul 04 2021	59865	42	1206	0
Jul 05 2021	59323	32	878	0
Jul 06 2021	58631	35	1394	0
Jul 07 2021	58693	29	1851	0
Jul 08 2021	58626	55	1474	0
Jul 09 2021	58051	60	1537	0
Jul 10 2021	57818	48	1452	0
Jul 11 2021	57289	28	919	0
Jul 12 2021	56149	19	646	0
Jul 13 2021	55867	32	1195	0
Jul 14 2021	55712	38	1379	0
Jul 15 2021	55615	59	1397	0
Jul 16 2021	55236	31	1367	0
Jul 17 2021	55055	32	1239	0
Jul 18 2021	54722	38	896	0
Jul 19 2021	53572	15	440	0
Jul 20 2021	52723	17	971	0
Jul 21 2021	52290	31	1052	0
Jul 22 2021	52071	42	1174	0
Jul 23 2021	51446	31	967	0
Jul 24 2021	50752	38	1025	0
Jul 25 2021	50306	24	632	0
Jul 26 2021	49707	14	448	0
Jul 27 2021	49096	21	759	0
Jul 28 2021	48528	45	842	0
Jul 29 2021	48281	39	905	0
Jul 30 2021	47935	31	1029	0
Jul 31 2021	47549	22	855	0
Aug 01 2021	47367	15	693	0
Aug 02 2021	47097	18	393	0
Aug 03 2021	46525	20	639	0
Aug 04 2021	46164	23	727	0
Aug 05 2021	45970	29	832	0
Aug 06 2021	45563	26	698	0
Aug 07 2021	45094	24	467	0
Aug 08 2021	44672	12	434	0
Aug 09 2021	44337	12	367	0
Aug 10 2021	43744	21	608	0
Aug 11 2021	43531	80	788	0
Aug 12 2021	43149	28	770	0
Aug 13 2021	42882	24	717	0
Aug 14 2021	42496	19	685	0
Aug 15 2021	42183	27	500	0
Aug 16 2021	41871	7	297	0
Aug 17 2021	41844	13	597	0
Aug 18 2021	41713	24	706	0
Aug 19 2021	41650	14	715	0
Aug 20 2021	41364	20	738	0
Aug 21 2021	41110	13	742	0
Aug 22 2021	40844	28	468	0
Aug 23 2021	40317	6	249	0
Aug 24 2021	39991	11	488	0
Aug 25 2021	39859	17	590	0
Aug 26 2021	39665	20	682	0
Aug 27 2021	39167	21	530	0
Aug 28 2021	38735	20	514	0
Aug 29 2021	38397	11	355	0
Aug 30 2021	37899	9	254	0
Aug 31 2021	37173	18	411	0
Sep 01 2021	36330	23	412	0
Sep 02 2021	35978	21	461	0
Sep 03 2021	35244	13	419	0
Sep 04 2021	34585	11	461	0
Sep 05 2021	34164	10	289	0
Sep 06 2021	33687	5	171	0
Sep 07 2021	33006	2	435	0
Sep 08 2021	32632	15	403	0
Sep 09 2021	32191	12	396	0
Sep 10 2021	31546	17	379	0
Sep 11 2021	31053	10	371	0
Sep 12 2021	30471	14	230	0
Sep 13 2021	29987	6	141	0
Sep 14 2021	29378	9	237	0
Sep 15 2021	28805	9	340	0
Sep 16 2021	28316	13	420	0
Sep 17 2021	27777	12	322	0
Sep 18 2021	27256	20	346	0
Sep 19 2021	26850	7	250	0
Sep 20 2021	26352	6	150	0
Sep 21 2021	25926	6	286	0
Sep 22 2021	25280	9	290	0
Sep 23 2021	24552	10	308	0
Sep 24 2021	24174	7	347	0
Sep 25 2021	23262	8	264	0
Sep 26 2021	22778	2	195	0
Sep 27 2021	22278	2	105	0
Sep 28 2021	21867	7	307	0
Sep 29 2021	21632	9	446	0
Sep 30 2021	21490	10	442	0
Oct 01 2021	21305	9	355	0
Oct 02 2021	21128	15	378	0
Oct 03 2021	20988	12	356	0
Oct 04 2021	20751	2	183	0
Oct 05 2021	20491	2	254	0
Oct 06 2021	20439	4	431	0
Oct 07 2021	20267	5	503	0
Oct 08 2021	20254	5	472	0
Oct 09 2021	20140	9	410	0
Oct 10 2021	19965	6	303	0
Oct 11 2021	19646	3	187	0
Oct 12 2021	19343	5	199	0
Oct 13 2021	19290	3	480	0
Oct 14 2021	19238	5	556	0
Oct 15 2021	19366	7	542	0
Oct 16 2021	19009	6	451	0
Oct 17 2021	18816	8	327	0
Oct 18 2021	18480	2	177	0
Oct 19 2021	18198	5	480	0
Oct 20 2021	18178	6	549	0
Oct 21 2021	18220	4	483	0
Oct 22 2021	18259	4	536	0
Oct 23 2021	18358	5	574	0
Oct 24 2021	18384	2	433	0
Oct 25 2021	18100	3	210	0
Oct 26 2021	18009	2	551	0
Oct 27 2021	18197	4	677	0
Oct 28 2021	18417	4	707	0
Oct 29 2021	18639	4	606	0
Oct 30 2021	18845	9	652	0
Oct 31 2021	18842	1	472	0
Nov 01 2021	18554	3	226	0
Nov 02 2021	18547	2	482	0
Nov 03 2021	18545	6	387	0
Nov 04 2021	18663	6	694	0
Nov 05 2021	19001	9	880	0
Nov 06 2021	19515	9	976	0
Nov 07 2021	19617	4	673	0
Nov 08 2021	19515	3	364	0
Nov 09 2021	19550	3	604	0
Nov 10 2021	19910	6	799	0
Nov 11 2021	20316	9	884	0
Nov 12 2021	20901	13	965	0
Nov 13 2021	21515	6	1012	0
Nov 14 2021	21723	12	614	0
Nov 15 2021	21361	1	341	0
Nov 16 2021	21546	5	776	0
Nov 17 2021	21648	8	926	0
Nov 18 2021	21989	13	1119	0
Nov 19 2021	22547	6	1074	0
Nov 20 2021	23002	2	1027	0
Nov 21 2021	23103	11	668	0
Nov 22 2021	23007	6	411	0
Nov 23 2021	23102	12	883	0
Nov 24 2021	23243	16	1059	0
Nov 25 2021	23793	8	1203	0
Nov 26 2021	24440	17	1125	0
Nov 27 2021	25094	16	1359	0
Nov 28 2021	25053	17	642	0
Nov 29 2021	25002	7	715	0
Nov 30 2021	25104	10	1087	0
Dec 01 2021	25155	17	1088	0
Dec 02 2021	25492	8	1115	0
Dec 03 2021	25952	9	1107	0
Dec 04 2021	26229	5	1220	0
Dec 05 2021	26166	5	770	0
Dec 06 2021	25918	7	531	0
Dec 07 2021	26273	26	1276	0
Dec 08 2021	26963	17	1489	0
Dec 09 2021	27676	13	1737	0
Dec 10 2021	28293	6	1746	0
Dec 11 2021	28943	24	1878	0
Dec 12 2021	29208	0	1070	0
Dec 13 2021	28917	13	522	0
Dec 14 2021	29797	14	1891	0
Dec 15 2021	30499	26	1766	0
Dec 16 2021	31653	17	1800	0
Dec 17 2021	32402	19	2119	0
Dec 18 2021	32980	17	1954	0
Dec 19 2021	32975	20	1220	0
Dec 20 2021	33678	12	889	0
Dec 21 2021	34040	19	1844	0
Dec 22 2021	35389	21	2376	0
Dec 23 2021	36195	16	1909	0
Dec 24 2021	36626	20	2242	0
Dec 25 2021	37249	14	2129	0
Dec 26 2021	37256	16	1355	0
Dec 27 2021	37001	8	1206	0
Dec 28 2021	38132	22	2882	0
Dec 29 2021	41853	47	4934	0
Dec 30 2021	46779	29	6149	0
Dec 31 2021	52859	31	7980	0
Jan 01 2022	58353	32	7728	0
Jan 02 2022	60186	11	3550	0
Jan 03 2022	62295	11	3910	0
Jan 04 2022	67798	31	7371	0
Jan 05 2022	75650	48	9242	0
Jan 06 2022	84116	39	10263	0
Jan 07 2022	92455	41	11002	0
Jan 08 2022	99769	46	11190	0
Jan 09 2022	102835	24	7823	0
Jan 10 2022	101931	27	5334	0
Jan 11 2022	104429	16	8857	0
Jan 12 2022	112360	58	11213	0
Jan 13 2022	122536	48	14063	0
Jan 14 2022	130081	47	14160	0
Jan 15 2022	137100	40	14461	0
Jan 16 2022	138262	51	9150	0
Jan 17 2022	136480	16	5265	0
Jan 18 2022	138070	38	9057	0
Jan 19 2022	142874	88	10835	0
Jan 20 2022	148186	63	10867	0
Jan 21 2022	150194	66	9993	0
Jan 22 2022	151253	67	9590	0
Jan 23 2022	148712	39	5551	0
Jan 24 2022	144821	22	3381	0
Jan 25 2022	145165	42	6974	0
Jan 26 2022	147158	50	7649	0
Jan 27 2022	148213	55	6938	0
Jan 28 2022	150507	51	6587	0
Jan 29 2022	149319	42	5423	0
Jan 30 2022	146295	27	3017	0
Jan 31 2022	141704	29	2083	0
Feb 01 2022	138600	33	3425	0
Feb 02 2022	137807	61	3825	0
Feb 03 2022	138590	35	4145	0
Feb 04 2022	136514	29	3396	0
Feb 05 2022	132521	30	2821	0
Feb 06 2022	129894	28	1857	0
Feb 07 2022	126429	21	1062	0
Feb 08 2022	122798	21	2095	0
Feb 09 2022	119422	29	2233	0
Feb 10 2022	117248	20	1783	0
Feb 11 2022	115473	21	1969	0
Feb 12 2022	113299	21	1758	0
Feb 13 2022	111332	23	733	0
Feb 14 2022	108804	17	352	0
Feb 15 2022	107344	13	1270	0
Feb 16 2022	105951	17	1104	0
Feb 17 2022	104499	11	981	0
Feb 18 2022	103211	16	1086	0
Feb 19 2022	100568	14	1336	0
Feb 20 2022	100568	0	0	0
Feb 21 2022	92145	6	236	0
Feb 22 2022	88671	8	673	0
Feb 23 2022	87618	14	692	0
Feb 24 2022	87219	6	739	0
Feb 25 2022	86037	8	686	0
Feb 26 2022	85112	5	511	0
Feb 27 2022	84072	7	175	0
Feb 28 2022	83030	6	107	0
Mar 01 2022	81842	6	65	0
Mar 02 2022	81046	3	117	0
Mar 03 2022	79508	2	263	0
Mar 04 2022	78528	10	425	0
Mar 05 2022	76871	2	351	0
Mar 06 2022	75933	6	416	0
Mar 07 2022	74744	2	131	0
Mar 08 2022	73440	6	326	0
Mar 09 2022	72137	1	430	0
Mar 10 2022	71119	0	461	0
Mar 11 2022	70365	2	429	0
Mar 12 2022	69350	1	354	0
Mar 13 2022	68341	0	287	0
Mar 14 2022	66983	0	104	0
Mar 15 2022	66075	2	481	0
Mar 16 2022	65002	1	494	0
Mar 17 2022	64155	1	477	0
Mar 18 2022	62922	3	276	0
Mar 19 2022	61594	2	307	0
Mar 20 2022	60346	0	173	0
Mar 21 2022	59040	1	90	0
Mar 22 2022	57634	0	212	0
Mar 23 2022	56234	0	261	0
Mar 24 2022	54748	1	297	0
Mar 25 2022	53167	3	288	0
Mar 26 2022	51469	0	263	0
Mar 27 2022	49690	0	184	0
Mar 28 2022	48291	0	75	0
Mar 29 2022	46682	2	220	0
Mar 30 2022	45111	0	165	0
Mar 31 2022	43538	0	191	0
Apr 01 2022	41680	1	192	0
Apr 02 2022	40301	0	181	0
Apr 03 2022	39019	1	132	0
Apr 04 2022	38005	0	49	0
Apr 05 2022	36788	1	108	0
Apr 06 2022	35796	0	144	0
Apr 07 2022	35127	0	171	0
Apr 08 2022	34490	2	142	0
Apr 09 2022	33827	0	182	0
Apr 10 2022	33142	0	62	0
Apr 11 2022	32715	0	90	0
Apr 12 2022	32147	0	81	0
Apr 13 2022	31599	0	107	0
Apr 14 2022	31087	2	93	0
Apr 15 2022	30613	0	99	0
Apr 16 2022	30211	2	52	0
Apr 17 2022	29769	0	60	0
Apr 18 2022	29399	0	20	0
Apr 19 2022	29044	1	121	0
Apr 20 2022	28710	1	97	0
Apr 21 2022	28229	1	86	0
Apr 22 2022	27812	1	82	0
Apr 23 2022	27812	0	0	0
Apr 24 2022	27050	1	152	0
Apr 25 2022	26767	0	33	0
Apr 26 2022	26337	0	97	0
Apr 27 2022	25807	1	81	0
Apr 28 2022	25371	1	101	0
Apr 29 2022	24916	4	125	0
Apr 30 2022	24621	5	91	0
May 01 2022	24198	4	67	0
May 02 2022	24009	0	33	0
May 03 2022	23811	0	23	0
May 04 2022	23504	0	53	0
May 05 2022	22991	1	62	0
May 06 2022	22419	0	60	0
May 07 2022	22027	1	83	0
May 08 2022	21818	0	73	0
May 09 2022	21489	0	25	0
May 10 2022	21328	0	77	0
May 11 2022	21044	1	125	0
May 12 2022	20881	0	165	0
May 13 2022	20849	0	174	0
May 14 2022	20706	17	89	0
May 15 2022	20538	0	63	0
May 16 2022	20389	0	75	0
May 17 2022	20210	0	112	0
May 18 2022	19960	0	129	0
May 19 2022	19851	0	135	0
May 20 2022	19729	0	146	0
May 21 2022	19663	0	270	0
May 22 2022	19601	1	211	0
May 23 2022	19351	1	83	0
May 24 2022	18957	0	158	0
May 25 2022	18950	0	302	0
May 26 2022	18731	1	191	0
May 27 2022	18548	0	179	0
May 28 2022	18226	1	246	0
May 29 2022	17975	0	142	0
May 30 2022	17714	0	134	0
May 31 2022	17409	1	203	0
Jun 01 2022	17053	0	248	0
Jun 02 2022	16894	0	262	0
Jun 03 2022	16739	0	261	0
Jun 04 2022	16482	0	286	0
Jun 05 2022	16128	1	215	0
Jun 06 2022	15833	0	94	0
Jun 07 2022	15679	0	288	0
Jun 08 2022	15546	0	316	0
Jun 09 2022	15496	1	356	0
Jun 10 2022	15510	0	447	0
Jun 11 2022	15442	1	400	0
Jun 12 2022	15242	0	237	0
Jun 13 2022	14977	0	201	0
Jun 14 2022	14848	0	396	0
Jun 15 2022	14835	0	493	0
Jun 16 2022	14910	0	512	0
Jun 17 2022	14848	0	378	0
Jun 18 2022	14969	0	575	0
Jun 19 2022	15031	0	397	0
Jun 20 2022	14848	0	276	0
Jun 21 2022	15010	1	592	0
Jun 22 2022	15297	0	539	0
Jun 23 2022	15904	0	906	0
Jun 24 2022	16501	0	1014	0
Jun 25 2022	17224	0	1186	0
Jun 26 2022	17571	1	858	0
Jun 27 2022	17738	0	509	0
Jun 28 2022	18129	0	1017	0
Jun 29 2022	18966	0	1402	0
Jun 30 2022	20153	0	1573	0
Jul 01 2022	21021	0	1622	0
Jul 02 2022	22207	2	1732	0
Jul 03 2022	22670	2	1094	0
Jul 04 2022	22260	1	629	0
Jul 05 2022	22902	0	1782	0
Jul 06 2022	24397	1	2280	0
Jul 07 2022	26337	4	2467	0
Jul 08 2022	28242	0	2910	0
Jul 09 2022	29392	1	2695	0
Jul 10 2022	29907	5	1979	0
Jul 11 2022	29745	0	1332	0
Jul 12 2022	31286	1	3037	0
Jul 13 2022	34024	3	3801	0
Jul 14 2022	37486	4	4173	0
Jul 15 2022	40061	2	4150	0
Jul 16 2022	42666	0	4479	0
Jul 17 2022	43634	0	2954	0
Jul 18 2022	42614	3	1440	0
Jul 19 2022	44795	7	4353	0
Jul 20 2022	48937	2	5733	0
Jul 21 2022	53582	8	5892	0
Jul 22 2022	57073	8	6050	0
Jul 23 2022	59355	6	5935	0
Jul 24 2022	59459	4	3598	0
Jul 25 2022	59665	4	2187	0
Jul 26 2022	61008	4	4519	0
Jul 27 2022	64176	7	6333	0
Jul 28 2022	68629	4	6426	0
Jul 29 2022	70993	9	6014	0
Jul 30 2022	71650	8	5331	0
Jul 31 2022	70888	3	3570	0
Aug 01 2022	68144	5	1907	0
Aug 02 2022	67828	8	4339	0
Aug 03 2022	70278	3	5359	0
Aug 04 2022	73061	8	4832	0
Aug 05 2022	73894	3	4348	0
Aug 06 2022	73093	6	4106	0
Aug 07 2022	71316	2	2288	0
Aug 08 2022	68414	4	1633	0
Aug 09 2022	66777	7	2933	0
Aug 10 2022	66474	8	3183	0
Aug 11 2022	67901	3	3072	0
Aug 12 2022	67237	7	3222	0
Aug 13 2022	65713	6	2556	0
Aug 14 2022	64712	3	1835	0
Aug 15 2022	63048	6	1046	0
Aug 16 2022	61225	9	1761	0
Aug 17 2022	61466	6	2334	0
Aug 18 2022	61805	5	1944	0
Aug 19 2022	60568	9	1706	0
Aug 20 2022	59650	3	1471	0
Aug 21 2022	58186	1	1052	0
Aug 22 2022	56750	3	698	0
Aug 23 2022	55878	4	1067	0
Aug 24 2022	55216	2	1338	0
Aug 25 2022	55035	6	1221	0
Aug 26 2022	54297	3	1183	0
Aug 27 2022	53334	5	1007	0
Aug 28 2022	52438	3	684	0
Aug 29 2022	51730	1	394	0
Aug 30 2022	50789	1	708	0
Aug 31 2022	50409	2	832	0
Sep 01 2022	50122	2	725	0
Sep 02 2022	49333	1	631	0
Sep 03 2022	48461	4	548	0
Sep 04 2022	47804	3	333	0
Sep 05 2022	46945	1	213	0
Sep 06 2022	46055	0	319	0
Sep 07 2022	45584	2	437	0
Sep 08 2022	45345	1	378	0
Sep 09 2022	44603	2	307	0
Sep 10 2022	44114	2	269	0
Sep 11 2022	43615	0	223	0
Sep 12 2022	42964	1	107	0
Sep 13 2022	42257	1	177	0
Sep 14 2022	41887	0	219	0
Sep 15 2022	41457	1	192	0
Sep 16 2022	40730	7	170	0
Sep 17 2022	40057	1	149	0
Sep 18 2022	39702	1	90	0
Sep 19 2022	39194	0	62	0
Sep 20 2022	38676	1	119	0
Sep 21 2022	38259	0	136	0
Sep 22 2022	37932	0	127	0
Sep 23 2022	37397	0	106	0
Sep 24 2022	36681	3	93	0
Sep 25 2022	36346	0	71	0
Sep 26 2022	35871	0	55	0
Sep 27 2022	35464	1	55	0
Sep 28 2022	35064	0	92	0
Sep 29 2022	34677	1	74	0
Sep 30 2022	34172	0	66	0
Oct 01 2022	33545	3	67	0
Oct 02 2022	33088	0	54	0
Oct 03 2022	32768	0	31	0
Oct 04 2022	32215	0	68	0
Oct 05 2022	31843	0	57	0
Oct 06 2022	31339	0	55	0
Oct 07 2022	30858	0	68	0
Oct 08 2022	30392	0	53	0
Oct 09 2022	29946	0	44	0
Oct 10 2022	29369	0	10	0
Oct 11 2022	28777	0	66	0
Oct 12 2022	28040	0	50	0
Oct 13 2022	27459	0	47	0
Oct 14 2022	26891	0	38	0
Oct 15 2022	26385	0	45	0
Oct 16 2022	25935	0	30	0
Oct 17 2022	25554	0	18	0
Oct 18 2022	25099	0	41	0
Oct 19 2022	24712	0	48	0
Oct 20 2022	24360	0	38	0
Oct 21 2022	23927	0	48	0
Oct 22 2022	23464	2	41	0
Oct 23 2022	23065	0	26	0
Oct 24 2022	22747	0	14	0
Oct 25 2022	22250	0	25	0
Oct 26 2022	21876	0	32	0
Oct 27 2022	21876	0	0	0
Oct 28 2022	20894	0	76	0
Oct 29 2022	20407	0	32	0
Oct 30 2022	19866	0	20	0
Oct 31 2022	19322	0	10	0
Nov 01 2022	18820	0	14	0
Nov 02 2022	18343	0	30	0
Nov 03 2022	17858	0	21	0
Nov 04 2022	17337	0	17	0
Nov 05 2022	16867	1	52	0
Nov 06 2022	16373	0	20	0
Nov 07 2022	15855	0	12	0
Nov 08 2022	15383	0	39	0
Nov 09 2022	14885	1	38	0
Nov 10 2022	14399	0	40	0
Nov 11 2022	13909	2	33	0
Nov 12 2022	13438	0	34	0
Nov 13 2022	12974	0	25	0
Nov 14 2022	12530	0	16	0
Nov 15 2022	12223	1	51	0
Nov 16 2022	12053	0	59	0
Nov 17 2022	11915	0	66	0
Nov 18 2022	11710	0	50	0
Nov 19 2022	11584	0	56	0
Nov 20 2022	11475	0	50	0
Nov 21 2022	11345	0	20	0
Nov 22 2022	11266	0	66	0
Nov 23 2022	11179	0	68	0
Nov 24 2022	11145	0	89	0
Nov 25 2022	11072	0	92	0
Nov 26 2022	11022	1	103	0
Nov 27 2022	10962	1	93	0
Nov 28 2022	10910	0	65	0
Nov 29 2022	10867	1	111	0
Nov 30 2022	10970	0	209	0
Dec 01 2022	11153	1	271	0
Dec 02 2022	11287	0	289	0
Dec 03 2022	11538	0	380	0
Dec 04 2022	11720	1	283	0
Dec 05 2022	11788	1	192	0
Dec 06 2022	12150	1	496	0
Dec 07 2022	12846	1	811	0
Dec 08 2022	13830	0	1106	0
Dec 09 2022	14881	1	1203	0
Dec 10 2022	16004	0	1315	0
Dec 11 2022	16659	0	956	0
Dec 12 2022	16986	0	531	0
Dec 13 2022	18246	0	1593	0
Dec 14 2022	20201	0	2271	0
Dec 15 2022	21453	9	2263	0
Dec 16 2022	23472	0	2538	0
Dec 17 2022	25268	4	2581	0
Dec 18 2022	25792	0	1512	0
Dec 19 2022	25527	3	878	0
Dec 20 2022	26756	2	2491	0
Dec 21 2022	28685	3	2797	0
Dec 22 2022	31113	3	2989	0
Dec 23 2022	32562	0	2997	0
Dec 24 2022	33328	3	2912	0
Dec 25 2022	32991	2	1772	0
Dec 26 2022	31542	1	834	0
Dec 27 2022	30137	1	860	0
Dec 28 2022	31613	6	2805	0
Dec 29 2022	33874	1	3145	0
Dec 30 2022	34529	8	2791	0
Dec 31 2022	33983	0	2070	0
Jan 01 2023	33191	5	1504	0
Jan 02 2023	32490	1	583	0
Jan 03 2023	30838	0	731	0
Jan 04 2023	31090	5	1539	0
Jan 05 2023	32010	3	1650	0
Jan 06 2023	32741	2	1686	0
Jan 07 2023	31833	3	1656	0
Jan 08 2023	30344	1	1033	0
Jan 09 2023	29099	1	705	0
Jan 10 2023	28321	3	1034	0
Jan 11 2023	28626	1	1555	0
Jan 12 2023	29069	2	1445	0
Jan 13 2023	29100	3	1222	0
Jan 14 2023	28673	0	1139	0
Jan 15 2023	27905	4	695	0
Jan 16 2023	27049	2	430	0
Jan 17 2023	26596	2	751	0
Jan 18 2023	26534	0	975	0
Jan 19 2023	26376	2	864	0
Jan 20 2023	25950	1	759	0
Jan 21 2023	24718	2	731	0
Jan 22 2023	23673	1	449	0
Jan 23 2023	22788	0	228	0
Jan 24 2023	22070	0	207	0
Jan 25 2023	21872	0	377	0
Jan 26 2023	21862	0	782	0
Jan 27 2023	21313	1	766	0
Jan 28 2023	20776	1	578	0
Jan 29 2023	20357	0	390	0
Jan 30 2023	19877	0	203	0
Jan 31 2023	19497	1	301	0
Feb 01 2023	19403	3	394	0
Feb 02 2023	19137	0	359	0
Feb 03 2023	18992	1	363	0
Feb 04 2023	18704	2	355	0
Feb 05 2023	18081	1	216	0
Feb 06 2023	17617	1	117	0
Feb 07 2023	17292	0	159	0
Feb 08 2023	17077	0	313	0
Feb 09 2023	16840	0	249	0
Feb 10 2023	16502	0	189	0
Feb 11 2023	16273	0	218	0
Feb 12 2023	16106	1	172	0
Feb 13 2023	15974	0	82	0
Feb 14 2023	15762	0	170	0
Feb 15 2023	15681	1	150	0
Feb 16 2023	15664	2	201	0
Feb 17 2023	15527	1	199	0
Feb 18 2023	15527	0	0	0
Feb 19 2023	15527	0	0	0
Feb 20 2023	14666	3	312	0
Feb 21 2023	14466	0	42	0
Feb 22 2023	14243	0	37	0
Feb 23 2023	14104	1	75	0
Feb 24 2023	13793	0	156	0
Feb 25 2023	13511	1	182	0
Feb 26 2023	13412	1	192	0
Feb 27 2023	13250	0	45	0
Feb 28 2023	13004	0	76	0
Mar 01 2023	12819	0	247	0
Mar 02 2023	12796	0	162	0
Mar 03 2023	12745	0	232	0
Mar 04 2023	12629	0	165	0
Mar 05 2023	12507	0	93	0
Mar 06 2023	12297	0	62	0
Mar 07 2023	12140	0	99	0
Mar 08 2023	11633	0	118	0
Mar 09 2023	11437	0	90	0
Mar 10 2023	11266	1	110	0
Mar 11 2023	11266	0	0	0
Mar 12 2023	11266	0	0	0
Mar 13 2023	10789	1	226	0
Mar 14 2023	10699	0	74	0
Mar 15 2023	10640	0	107	0
Mar 16 2023	10577	0	96	0
Mar 17 2023	10420	1	83	0
Mar 18 2023	10343	0	91	0
Mar 19 2023	10215	0	48	0
Mar 20 2023	10101	0	59	0
Mar 21 2023	10060	4	60	0
Mar 22 2023	9997	0	50	0
Mar 23 2023	9961	0	85	0
Mar 24 2023	9886	0	89	0
Mar 25 2023	9802	0	66	0
Mar 26 2023	9700	0	47	0
Mar 27 2023	9656	1	25	0
Mar 28 2023	9557	0	58	0
Mar 29 2023	9437	1	65	0
Mar 30 2023	9419	0	52	0
Mar 31 2023	9316	0	45	0
Apr 01 2023	9268	0	67	0
Apr 02 2023	9199	0	31	0
Apr 03 2023	9183	0	27	0
Apr 04 2023	9189	0	43	0
Apr 05 2023	9102	1	50	0
Apr 06 2023	9133	0	73	0
Apr 07 2023	9102	0	59	0
Apr 08 2023	9102	0	0	0
Apr 09 2023	9102	0	0	0
Apr 10 2023	8960	0	98	0
Apr 11 2023	8908	0	30	0
Apr 12 2023	8940	0	79	0
Apr 13 2023	8950	0	46	0
Apr 14 2023	8926	0	48	0
Apr 15 2023	8892	0	30	0
Apr 16 2023	8836	0	50	0
Apr 17 2023	8723	0	26	0
Apr 18 2023	8678	1	39	0
Apr 19 2023	8690	0	57	0
Apr 20 2023	8689	0	51	0
Apr 21 2023	8688	0	52	0
Apr 22 2023	8688	0	0	0
Apr 23 2023	8611	0	94	0
Apr 24 2023	8598	0	28	0
Apr 25 2023	8615	0	67	0
Apr 26 2023	8631	1	64	0
Apr 27 2023	8644	0	52	0
Apr 28 2023	8663	0	77	0
Apr 29 2023	8693	0	88	0
Apr 30 2023	8678	0	40	0
May 01 2023	8662	0	39	0
May 02 2023	8660	0	47	0
May 03 2023	8659	0	42	0
May 04 2023	8668	0	51	0
May 05 2023	8655	0	73	0
May 06 2023	8543	1	83	0
May 07 2023	8519	2	36	0
May 08 2023	8487	1	20	0
May 09 2023	8465	1	61	0
May 10 2023	8487	0	57	0
May 11 2023	8513	0	70	0
May 12 2023	8534	0	62	0
May 13 2023	8545	0	63	0
May 14 2023	8530	0	55	0
May 15 2023	8491	0	12	0
May 16 2023	8471	0	58	0
May 17 2023	8418	0	61	0
May 18 2023	8342	1	69	0
May 19 2023	8358	0	76	0
May 20 2023	8350	0	90	0
May 21 2023	8315	0	56	0
May 22 2023	8270	0	26	0
May 23 2023	8270	0	0	0
May 24 2023	8270	0	0	0
May 25 2023	8393	1	295	0
May 26 2023	8403	0	77	0
May 27 2023	8403	0	0	0
May 28 2023	8403	0	0	0
May 29 2023	8403	0	0	0
May 30 2023	8387	0	265	0
May 31 2023	8396	0	123	0
Jun 01 2023	8453	0	100	0
Jun 02 2023	8453	0	0	0
Jun 03 2023	8546	0	243	0
Jun 04 2023	8566	0	105	0
Jun 05 2023	8536	1	40	0
Jun 06 2023	8561	1	88	0
Jun 07 2023	8633	0	140	0
Jun 08 2023	8704	0	162	0
Jun 09 2023	8713	0	109	0
Jun 10 2023	8730	0	118	0
Jun 11 2023	8694	0	103	0
Jun 12 2023	8644	0	59	0
Jun 13 2023	8673	0	117	0
Jun 14 2023	8757	1	193	0
Jun 15 2023	8844	0	196	0
Jun 16 2023	8922	0	210	0
Jun 17 2023	9019	0	198	0
Jun 18 2023	9054	0	170	0
Jun 19 2023	9039	0	74	0
Jun 20 2023	9039	0	131	0
Jun 21 2023	9125	0	217	0
Jun 22 2023	9231	0	152	0
Jun 23 2023	9253	0	131	0
Jun 24 2023	9278	3	221	0
Jun 25 2023	9352	0	187	0
Jun 26 2023	9317	0	66	0
Jun 27 2023	9317	0	0	0
Jun 28 2023	9425	2	310	0
Jun 29 2023	9460	0	166	0
Jun 30 2023	9460	0	0	0
Jul 01 2023	9460	0	0	0
Jul 02 2023	9460	0	0	0
Jul 03 2023	9460	0	0	0
Jul 04 2023	9460	0	0	0
Jul 05 2023	9460	0	0	0
Jul 06 2023	9460	0	0	0
Jul 07 2023	9460	0	0	0
Jul 08 2023	9460	0	0	0
Jul 09 2023	9460	0	0	0
Jul 10 2023	9460	0	0	0
Jul 11 2023	9460	0	0	0
Jul 12 2023	9460	0	0	0
Jul 13 2023	9460	0	0	0
Jul 14 2023	9460	0	0	0
Jul 15 2023	9460	0	0	0
Jul 16 2023	9460	0	0	0
Jul 17 2023	9460	0	0	0
Jul 18 2023	9460	0	0	0
Jul 19 2023	9897	7	2493	0
Jul 20 2023	9828	0	64	0
Jul 21 2023	9828	0	0	0
Jul 22 2023	9791	0	80	0
Jul 23 2023	9753	0	71	0
Jul 24 2023	9717	0	31	0
Jul 25 2023	9700	0	76	0
Jul 26 2023	9660	0	78	0
Jul 27 2023	9641	0	89	0
Jul 28 2023	9623	0	81	0
Jul 29 2023	9575	0	56	0
Jul 30 2023	9518	0	49	0
Jul 31 2023	9463	0	30	0
Aug 01 2023	9394	0	38	0
Aug 02 2023	9303	0	84	0
Aug 03 2023	9216	0	48	0
Aug 04 2023	9094	0	89	0
Aug 05 2023	9094	0	0	0
Aug 06 2023	9094	0	0	0
Aug 07 2023	8708	0	105	0
Aug 08 2023	8571	0	14	0
Aug 09 2023	8451	0	48	0
Aug 10 2023	8350	0	55	0
Aug 11 2023	8264	0	66	0
Aug 12 2023	8171	0	57	0
Aug 13 2023	8059	0	42	0
Aug 14 2023	8059	0	0	0
Aug 15 2023	7791	0	53	0
Aug 16 2023	7662	0	57	0
Aug 17 2023	7662	0	0	0
Aug 18 2023	7662	0	0	0
Aug 19 2023	7662	0	0	0
Aug 20 2023	7662	0	0	0
Aug 21 2023	7662	0	0	0
Aug 22 2023	7662	0	0	0
Aug 23 2023	7662	0	0	0
Aug 24 2023	7662	0	0	0
Aug 25 2023	7662	0	0	0
Aug 26 2023	7662	0	0	0
Aug 27 2023	7662	0	0	0
Aug 28 2023	7662	0	0	0
Aug 29 2023	7662	0	0	0
Aug 30 2023	7662	0	0	0
Aug 31 2023	7662	0	0	0
Sep 01 2023	7662	0	0	0
Sep 02 2023	7662	0	0	0
Sep 03 2023	7662	0	0	0
Sep 04 2023	7662	0	0	0
Sep 05 2023	7662	0	0	0
Sep 06 2023	7662	0	0	0
Sep 07 2023	7662	0	0	0
Sep 08 2023	7662	0	0	0
Sep 09 2023	7662	0	0	0
Sep 10 2023	7662	0	0	0
Sep 11 2023	7662	0	0	0
Sep 12 2023	7662	0	0	0
Sep 13 2023	7662	0	0	0
Sep 14 2023	7662	0	0	0
Sep 15 2023	7662	0	0	0
Sep 16 2023	7662	0	0	0
Sep 17 2023	7662	0	0	0
Sep 18 2023	7662	0	0	0
Sep 19 2023	7662	0	0	0
Sep 20 2023	7662	0	0	0
Sep 21 2023	7662	0	0	0
Sep 22 2023	7662	0	0	0
Sep 23 2023	7662	0	0	0
Sep 24 2023	7662	0	0	0
Sep 25 2023	7662	0	0	0
Sep 26 2023	7662	0	0	0
Sep 27 2023	7662	0	0	0
Sep 28 2023	7662	0	0	0
Sep 29 2023	7662	0	0	0
Sep 30 2023	7662	0	0	0
Oct 01 2023	7662	0	0	0
Oct 02 2023	7662	0	0	0
Oct 03 2023	7662	0	0	0
Oct 04 2023	7662	0	0	0
Oct 05 2023	7662	0	0	0
Oct 06 2023	7662	0	0	0
Oct 07 2023	7662	0	0	0
Oct 08 2023	9532	5	1875	0
Oct 09 2023	9532	0	0	0
Oct 10 2023	9532	0	0	0
Oct 11 2023	9532	0	0	0
Oct 12 2023	9532	0	0	0
Oct 13 2023	9532	0	0	0
Oct 14 2023	9532	0	0	0
Oct 15 2023	9532	0	0	0
Oct 16 2023	9532	0	0	0
Oct 17 2023	9532	0	0	0
Oct 18 2023	9532	0	0	0
Oct 19 2023	9532	0	0	0
Oct 20 2023	9882	0	350	0
Oct 21 2023	9882	0	0	0
Oct 22 2023	9882	0	0	0
Oct 23 2023	9882	0	0	0
Oct 24 2023	9882	0	0	0
Oct 25 2023	9882	0	0	0
Oct 26 2023	9882	0	0	0
Oct 27 2023	9882	0	0	0
Oct 28 2023	9882	0	0	0
Oct 29 2023	9882	0	0	0
Oct 30 2023	9882	0	0	0
Oct 31 2023	9882	0	0	0
Nov 01 2023	9882	0	0	0
Nov 02 2023	9882	0	0	0
Nov 03 2023	9882	0	0	0
Nov 04 2023	9882	0	0	0
Nov 05 2023	9882	0	0	0
Nov 06 2023	9882	0	0	0
Nov 07 2023	9882	0	0	0
Nov 08 2023	9882	0	0	0
Nov 09 2023	9882	0	0	0
Nov 10 2023	9882	0	0	0
Nov 11 2023	9882	0	0	0
Nov 12 2023	9882	0	0	0
Nov 13 2023	9882	0	0	0
Nov 14 2023	10067	3	188	0
Nov 15 2023	10067	0	0	0
Nov 16 2023	10067	0	0	0
Nov 17 2023	10067	0	0	0
Nov 18 2023	10067	0	0	0
Nov 19 2023	10067	0	0	0
Nov 20 2023	10067	0	0	0
Nov 21 2023	10570	0	503	0
Nov 22 2023	10570	0	0	0
Nov 23 2023	10570	0	0	0
Nov 24 2023	10570	0	0	0
Nov 25 2023	10570	0	0	0
Nov 26 2023	10570	0	0	0
Nov 27 2023	10570	0	0	0
Nov 28 2023	10570	0	0	0
Nov 29 2023	10570	0	0	0
Nov 30 2023	10570	0	0	0
Dec 01 2023	10570	0	0	0
Dec 02 2023	10570	0	0	0
Dec 03 2023	10570	0	0	0
Dec 04 2023	10601	0	31	0
Dec 05 2023	10601	0	0	0
Dec 06 2023	10601	0	0	0
Dec 07 2023	10601	0	0	0
Dec 08 2023	10601	0	0	0
Dec 09 2023	10601	0	0	0
Dec 10 2023	10601	0	0	0
Dec 11 2023	10881	0	280	0
Dec 12 2023	10881	0	0	0
Dec 13 2023	10881	0	0	0
Dec 14 2023	10881	0	0	0
Dec 15 2023	10881	0	0	0
Dec 16 2023	10881	0	0	0
Dec 17 2023	10881	0	0	0
Dec 18 2023	10881	0	0	0
Dec 19 2023	10881	0	0	0
Dec 20 2023	10881	0	0	0
Dec 21 2023	10881	0	0	0
Dec 22 2023	10881	0	0	0
Dec 23 2023	10881	0	0	0
Dec 24 2023	11340	0	459	0
Dec 25 2023	11340	0	0	0
Dec 26 2023	11340	0	0	0
Dec 27 2023	11340	0	0	0
Dec 28 2023	11340	0	0	0
Dec 29 2023	11340	0	0	0
Dec 30 2023	11340	0	0	0
Dec 31 2023	12164	0	824	0
Jan 01 2024	12164	0	0	0
Jan 02 2024	12164	0	0	0
Jan 03 2024	12164	0	0	0
Jan 04 2024	12164	0	0	0
Jan 05 2024	12164	0	0	0
Jan 06 2024	12164	0	0	0
Jan 07 2024	12164	0	0	0
Jan 08 2024	12164	0	0	0
Jan 09 2024	12164	0	0	0
Jan 10 2024	12164	0	0	0
Jan 11 2024	12164	0	0	0
Jan 12 2024	12164	0	0	0
Jan 13 2024	12164	0	0	0
Jan 14 2024	12164	0	0	0
Jan 15 2024	12164	0	0	0
Jan 16 2024	12164	0	0	0
Jan 17 2024	12164	0	0	0
Jan 18 2024	12164	0	0	0
Jan 19 2024	12164	0	0	0
Jan 20 2024	12164	0	0	0
Jan 21 2024	12164	0	0	0
Jan 22 2024	12164	0	0	0
Jan 23 2024	12164	0	0	0
Jan 24 2024	12164	0	0	0
Jan 25 2024	12164	0	0	0
Jan 26 2024	12164	0	0	0
Jan 27 2024	12164	0	0	0
Jan 28 2024	12164	0	0	0
Jan 29 2024	12164	0	0	0
Jan 30 2024	12164	0	0	0
Jan 31 2024	12164	0	0	0
Feb 01 2024	12164	0	0	0
Feb 02 2024	12164	0	0	0
Feb 03 2024	12164	0	0	0
Feb 04 2024	12164	0	0	0
Feb 05 2024	12164	0	0	0
Feb 06 2024	12164	0	0	0
Feb 07 2024	12164	0	0	0
Feb 08 2024	12164	0	0	0
Feb 09 2024	12164	0	0	0
Feb 10 2024	12164	0	0	0
Feb 11 2024	12164	0	0	0
Feb 12 2024	12164	0	0	0
Feb 13 2024	12164	0	0	0
Feb 14 2024	12164	0	0	0
Feb 15 2024	12164	0	0	0
Feb 16 2024	12164	0	0	0
Feb 17 2024	12164	0	0	0
Feb 18 2024	12164	0	0	0
Feb 19 2024	12164	0	0	0
Feb 20 2024	12164	0	0	0
Feb 21 2024	12164	0	0	0
Feb 22 2024	12164	0	0	0
Feb 23 2024	12164	0	0	0
Feb 24 2024	12164	0	0	0
Feb 25 2024	12164	0	0	0
Feb 26 2024	12164	0	0	0
Feb 27 2024	12164	0	0	0
Feb 28 2024	12164	0	0	0
Feb 29 2024	12164	0	0	0
Mar 01 2024	12164	0	0	0
Mar 02 2024	12164	0	0	0
Mar 03 2024	12164	0	0	0
Mar 04 2024	12164	0	0	0
Mar 05 2024	12164	0	0	0
Mar 06 2024	12164	0	0	0
Mar 07 2024	12164	0	0	0
Mar 08 2024	12164	0	0	0
Mar 09 2024	12164	0	0	0
Mar 10 2024	12164	0	0	0
Mar 11 2024	12164	0	0	0
Mar 12 2024	12164	0	0	0
Mar 13 2024	12164	0	0	0
Mar 14 2024	12164	0	0	0
Mar 15 2024	12164	0	0	0
Mar 16 2024	12164	0	0	0
Mar 17 2024	12164	0	0	0
Mar 18 2024	12164	0	0	0
Mar 19 2024	12164	0	0	0
Mar 20 2024	12164	0	0	0
Mar 21 2024	12164	0	0	0
Mar 22 2024	12164	0	0	0
Mar 23 2024	12164	0	0	0
Mar 24 2024	12164	0	0	0
Mar 25 2024	12164	0	0	0
Mar 26 2024	12164	0	0	0
Mar 27 2024	12164	0	0	0
