Date	Active Cases	Daily Death	New cases	Recoverd Cases
Feb 15 2020	0	0	0	0
Feb 16 2020	0	0	0	0
Feb 17 2020	0	0	0	0
Feb 18 2020	0	0	0	0
Feb 19 2020	0	0	0	0
Feb 20 2020	0	0	0	0
Feb 21 2020	0	0	0	0
Feb 22 2020	0	0	0	0
Feb 23 2020	0	0	0	0
Feb 24 2020	0	0	0	0
Feb 25 2020	0	0	0	0
Feb 26 2020	0	0	0	0
Feb 27 2020	0	0	0	0
Feb 28 2020	0	0	0	0
Feb 29 2020	0	0	0	0
Mar 01 2020	0	0	0	0
Mar 02 2020	0	0	0	0
Mar 03 2020	0	0	0	0
Mar 04 2020	0	0	0	0
Mar 05 2020	0	0	0	0
Mar 06 2020	0	0	0	0
Mar 07 2020	0	0	0	0
Mar 08 2020	0	0	0	0
Mar 09 2020	0	0	0	0
Mar 10 2020	0	0	0	0
Mar 11 2020	0	0	0	0
Mar 12 2020	0	0	0	0
Mar 13 2020	4	0	0	0
Mar 14 2020	6	0	2	0
Mar 15 2020	6	0	0	0
Mar 16 2020	29	0	23	0
Mar 17 2020	50	0	21	0
Mar 18 2020	79	0	29	0
Mar 19 2020	79	0	0	0
Mar 20 2020	110	0	31	0
Mar 21 2020	110	0	0	0
Mar 22 2020	158	0	48	0
Mar 23 2020	162	0	4	0
Mar 24 2020	189	0	27	0
Mar 25 2020	217	0	28	0
Mar 26 2020	238	0	21	0
Mar 27 2020	238	0	0	0
Mar 28 2020	303	0	66	0
Mar 29 2020	303	0	0	0
Mar 30 2020	294	0	16	0
Mar 31 2020	296	0	18	0
Apr 01 2020	286	1	12	0
Apr 02 2020	284	2	0	0
Apr 03 2020	296	0	36	0
Apr 04 2020	302	1	14	0
Apr 05 2020	296	1	6	0
Apr 06 2020	286	0	9	0
Apr 07 2020	267	1	9	0
Apr 08 2020	257	0	32	0
Apr 09 2020	257	0	0	0
Apr 10 2020	260	0	17	0
Apr 11 2020	273	0	21	0
Apr 12 2020	274	0	18	0
Apr 13 2020	227	1	-29	0
Apr 14 2020	224	0	9	0
Apr 15 2020	212	1	1	0
Apr 16 2020	207	0	9	0
Apr 17 2020	207	0	0	0
Apr 18 2020	210	0	15	0
Apr 19 2020	209	1	0	0
Apr 20 2020	212	0	18	0
Apr 21 2020	207	2	8	0
Apr 22 2020	200	0	6	0
Apr 23 2020	200	0	0	0
Apr 24 2020	182	0	14	0
Apr 25 2020	182	0	0	0
Apr 26 2020	212	2	33	0
Apr 27 2020	216	1	10	0
Apr 28 2020	219	0	14	0
Apr 29 2020	216	0	5	0
Apr 30 2020	209	2	18	0
May 01 2020	196	0	5	0
May 02 2020	195	0	4	0
May 03 2020	196	0	3	0
May 04 2020	193	0	2	0
May 05 2020	185	0	13	0
May 06 2020	170	0	3	0
May 07 2020	175	0	11	0
May 08 2020	170	1	10	0
May 09 2020	171	0	8	0
May 10 2020	171	1	5	0
May 11 2020	169	0	4	0
May 12 2020	166	0	6	0
May 13 2020	155	0	2	0
May 14 2020	158	0	5	0
May 15 2020	160	0	8	0
May 16 2020	156	0	1	0
May 17 2020	150	1	1	0
May 18 2020	148	0	3	0
May 19 2020	139	0	1	0
May 20 2020	138	0	8	0
May 21 2020	135	0	3	0
May 22 2020	130	0	4	0
May 23 2020	126	2	11	0
May 24 2020	129	0	5	0
May 25 2020	136	0	18	0
May 26 2020	129	0	2	0
May 27 2020	131	0	14	0
May 28 2020	135	0	8	0
May 29 2020	114	0	5	0
May 30 2020	117	0	5	0
May 31 2020	116	0	2	0
Jun 01 2020	113	1	2	0
Jun 02 2020	112	0	1	0
Jun 03 2020	107	0	2	0
Jun 04 2020	100	0	4	0
Jun 05 2020	90	0	2	0
Jun 06 2020	96	0	11	0
Jun 07 2020	92	0	0	0
Jun 08 2020	84	0	0	0
Jun 09 2020	69	0	1	0
Jun 10 2020	66	0	1	0
Jun 11 2020	52	0	0	0
Jun 12 2020	44	0	0	0
Jun 13 2020	40	0	0	0
Jun 14 2020	37	0	1	0
Jun 15 2020	33	0	0	0
Jun 16 2020	24	1	1	0
Jun 17 2020	15	0	0	0
Jun 18 2020	12	0	1	0
Jun 19 2020	15	0	3	0
Jun 20 2020	19	1	6	0
Jun 21 2020	37	0	17	0
Jun 22 2020	42	0	6	0
Jun 23 2020	45	0	3	0
Jun 24 2020	61	1	17	0
Jun 25 2020	63	0	5	0
Jun 26 2020	75	0	12	0
Jun 27 2020	80	0	5	0
Jun 28 2020	84	1	5	0
Jun 29 2020	83	0	3	0
Jun 30 2020	85	0	4	0
Jul 01 2020	90	1	7	0
Jul 02 2020	91	0	4	0
Jul 03 2020	87	0	5	0
Jul 04 2020	87	0	3	0
Jul 05 2020	79	0	1	0
Jul 06 2020	73	1	4	0
Jul 07 2020	71	0	5	0
Jul 08 2020	74	0	9	0
Jul 09 2020	70	0	3	0
Jul 10 2020	70	0	8	0
Jul 11 2020	60	1	1	0
Jul 12 2020	60	1	1	0
Jul 13 2020	55	0	2	0
Jul 14 2020	61	0	8	0
Jul 15 2020	69	0	12	0
Jul 16 2020	78	1	17	0
Jul 17 2020	88	0	11	0
Jul 18 2020	90	1	7	0
Jul 19 2020	99	0	10	0
Jul 20 2020	104	0	10	0
Jul 21 2020	134	0	32	0
Jul 22 2020	149	1	21	0
Jul 23 2020	167	0	24	0
Jul 24 2020	186	0	25	0
Jul 25 2020	193	0	8	0
Jul 26 2020	210	0	18	0
Jul 27 2020	216	1	10	0
Jul 28 2020	225	0	16	0
Jul 29 2020	235	0	19	0
Jul 30 2020	230	0	6	0
Jul 31 2020	235	0	21	0
Aug 01 2020	239	0	14	0
Aug 02 2020	239	1	8	0
Aug 03 2020	232	0	5	0
Aug 04 2020	215	1	9	0
Aug 05 2020	207	0	9	0
Aug 06 2020	202	0	9	0
Aug 07 2020	193	0	7	0
Aug 08 2020	186	0	10	0
Aug 09 2020	191	0	18	0
Aug 10 2020	181	0	11	0
Aug 11 2020	191	0	21	0
Aug 12 2020	193	0	8	0
Aug 13 2020	192	0	16	0
Aug 14 2020	201	1	12	0
Aug 15 2020	202	0	13	0
Aug 16 2020	202	0	6	0
Aug 17 2020	212	2	17	0
Aug 18 2020	226	0	28	0
Aug 19 2020	225	0	8	0
Aug 20 2020	223	1	13	0
Aug 21 2020	225	1	10	0
Aug 22 2020	215	0	5	0
Aug 23 2020	209	0	6	0
Aug 24 2020	196	0	6	0
Aug 25 2020	184	1	3	0
Aug 26 2020	178	0	7	0
Aug 27 2020	175	0	8	0
Aug 28 2020	161	0	5	0
Aug 29 2020	162	1	14	0
Aug 30 2020	163	0	15	0
Aug 31 2020	142	0	10	0
Sep 01 2020	148	0	16	0
Sep 02 2020	149	0	15	0
Sep 03 2020	155	0	10	0
Sep 04 2020	162	1	17	0
Sep 05 2020	165	0	16	0
Sep 06 2020	175	0	10	0
Sep 07 2020	182	0	14	0
Sep 08 2020	191	0	19	0
Sep 09 2020	218	0	29	0
Sep 10 2020	230	0	18	0
Sep 11 2020	238	0	14	0
Sep 12 2020	233	0	7	0
Sep 13 2020	250	0	28	0
Sep 14 2020	239	0	4	0
Sep 15 2020	237	0	15	0
Sep 16 2020	252	0	29	0
Sep 17 2020	248	1	20	0
Sep 18 2020	241	0	14	0
Sep 19 2020	246	0	14	0
Sep 20 2020	250	0	13	0
Sep 21 2020	247	0	10	0
Sep 22 2020	243	0	7	0
Sep 23 2020	238	1	12	0
Sep 24 2020	233	0	13	0
Sep 25 2020	210	0	8	0
Sep 26 2020	235	0	31	0
Sep 27 2020	233	0	10	0
Sep 28 2020	208	0	2	0
Sep 29 2020	214	1	23	0
Sep 30 2020	207	0	13	0
Oct 01 2020	204	0	15	0
Oct 02 2020	225	0	36	0
Oct 03 2020	243	0	25	0
Oct 04 2020	253	0	23	0
Oct 05 2020	245	0	10	0
Oct 06 2020	250	1	22	0
Oct 07 2020	267	0	29	0
Oct 08 2020	273	0	20	0
Oct 09 2020	285	0	25	0
Oct 10 2020	288	1	17	0
Oct 11 2020	302	0	26	0
Oct 12 2020	312	1	19	0
Oct 13 2020	299	0	24	0
Oct 14 2020	330	0	51	0
Oct 15 2020	341	0	29	0
Oct 16 2020	357	0	33	0
Oct 17 2020	398	0	51	0
Oct 18 2020	375	0	30	0
Oct 19 2020	388	0	29	0
Oct 20 2020	429	1	63	0
Oct 21 2020	438	1	40	0
Oct 22 2020	444	0	38	0
Oct 23 2020	465	0	58	0
Oct 24 2020	453	0	48	0
Oct 25 2020	447	0	44	0
Oct 26 2020	407	1	21	0
Oct 27 2020	407	0	44	0
Oct 28 2020	445	1	65	0
Oct 29 2020	483	2	63	0
Oct 30 2020	492	1	38	0
Oct 31 2020	506	0	42	0
Nov 01 2020	489	1	25	0
Nov 02 2020	447	1	16	0
Nov 03 2020	408	1	31	0
Nov 04 2020	414	0	49	0
Nov 05 2020	434	0	64	0
Nov 06 2020	456	0	61	0
Nov 07 2020	477	0	71	0
Nov 08 2020	509	1	73	0
Nov 09 2020	505	0	46	0
Nov 10 2020	524	0	60	0
Nov 11 2020	559	1	80	0
Nov 12 2020	629	0	95	0
Nov 13 2020	684	1	88	0
Nov 14 2020	718	0	74	0
Nov 15 2020	732	1	73	0
Nov 16 2020	753	2	74	0
Nov 17 2020	792	1	104	0
Nov 18 2020	824	0	88	0
Nov 19 2020	829	1	81	0
Nov 20 2020	861	0	100	0
Nov 21 2020	874	0	87	0
Nov 22 2020	949	2	135	0
Nov 23 2020	928	0	64	0
Nov 24 2020	971	1	107	0
Nov 25 2020	992	1	118	0
Nov 26 2020	1022	1	129	0
Nov 27 2020	1122	0	186	0
Nov 28 2020	1251	1	208	0
Nov 29 2020	1373	1	205	0
Nov 30 2020	1423	1	141	0
Dec 01 2020	1463	1	167	0
Dec 02 2020	1561	2	201	0
Dec 03 2020	1668	0	230	0
Dec 04 2020	1825	0	276	0
Dec 05 2020	1938	1	234	0
Dec 06 2020	2159	1	338	0
Dec 07 2020	2182	1	202	0
Dec 08 2020	2305	3	301	0
Dec 09 2020	2453	1	298	0
Dec 10 2020	2650	3	383	0
Dec 11 2020	2818	0	362	0
Dec 12 2020	2934	1	331	0
Dec 13 2020	3258	1	528	0
Dec 14 2020	3341	3	321	0
Dec 15 2020	3425	3	389	0
Dec 16 2020	3649	4	475	0
Dec 17 2020	3925	3	543	0
Dec 18 2020	4142	4	514	0
Dec 19 2020	4441	5	607	0
Dec 20 2020	4602	5	491	0
Dec 21 2020	4670	0	429	0
Dec 22 2020	4754	1	524	0
Dec 23 2020	5008	8	709	0
Dec 24 2020	5282	7	747	0
Dec 25 2020	5226	8	391	0
Dec 26 2020	5224	4	370	0
Dec 27 2020	5204	11	510	0
Dec 28 2020	5180	2	578	0
Dec 29 2020	5288	8	656	0
Dec 30 2020	5310	6	518	0
Dec 31 2020	5470	7	639	0
Jan 01 2021	5570	12	634	0
Jan 02 2021	5482	8	522	0
Jan 03 2021	5494	3	548	0
Jan 04 2021	5676	7	603	0
Jan 05 2021	5968	6	678	0
Jan 06 2021	6287	4	944	0
Jan 07 2021	6478	10	759	0
Jan 08 2021	6422	9	532	0
Jan 09 2021	6354	8	635	0
Jan 10 2021	6917	8	1212	0
Jan 11 2021	7084	6	715	0
Jan 12 2021	7478	7	945	0
Jan 13 2021	7467	6	629	0
Jan 14 2021	8024	5	1514	0
Jan 15 2021	8232	11	957	0
Jan 16 2021	8235	7	723	0
Jan 17 2021	8157	13	709	0
Jan 18 2021	7926	8	485	0
Jan 19 2021	7706	11	583	0
Jan 20 2021	7840	6	848	0
Jan 21 2021	7718	11	698	0
Jan 22 2021	8091	17	1178	0
Jan 23 2021	8053	3	797	0
Jan 24 2021	7987	9	666	0
Jan 25 2021	7508	14	408	0
Jan 26 2021	7418	11	639	0
Jan 27 2021	7323	6	648	0
Jan 28 2021	7166	8	559	0
Jan 29 2021	6958	10	642	0
Jan 30 2021	6836	6	652	0
Jan 31 2021	6619	5	557	0
Feb 01 2021	6149	8	390	0
Feb 02 2021	6036	9	539	0
Feb 03 2021	5931	11	548	0
Feb 04 2021	5917	12	589	0
Feb 05 2021	5858	2	499	0
Feb 06 2021	5862	3	509	0
Feb 07 2021	5845	9	499	0
Feb 08 2021	5476	7	339	0
Feb 09 2021	5375	9	503	0
Feb 10 2021	5493	10	625	0
Feb 11 2021	5304	8	476	0
Feb 12 2021	5335	3	574	0
Feb 13 2021	5421	6	631	0
Feb 14 2021	5485	2	450	0
Feb 15 2021	5333	6	451	0
Feb 16 2021	5119	5	365	0
Feb 17 2021	5174	7	483	0
Feb 18 2021	5218	5	544	0
Feb 19 2021	5416	5	625	0
Feb 20 2021	5713	6	786	0
Feb 21 2021	5976	5	652	0
Feb 22 2021	5882	9	495	0
Feb 23 2021	5873	5	663	0
Feb 24 2021	6248	3	901	0
Feb 25 2021	6604	4	821	0
Feb 26 2021	6929	6	847	0
Feb 27 2021	7293	2	820	0
Feb 28 2021	7347	5	632	0
Mar 01 2021	7354	3	595	0
Mar 02 2021	7189	6	582	0
Mar 03 2021	7472	7	903	0
Mar 04 2021	7702	7	871	0
Mar 05 2021	7873	6	984	0
Mar 06 2021	8190	8	1081	0
Mar 07 2021	8325	6	827	0
Mar 08 2021	8404	7	863	0
Mar 09 2021	8462	8	827	0
Mar 10 2021	8672	12	957	0
Mar 11 2021	9261	5	1233	0
Mar 12 2021	9758	6	1357	0
Mar 13 2021	9896	9	1059	0
Mar 14 2021	10462	14	1558	0
Mar 15 2021	10536	5	1171	0
Mar 16 2021	10461	8	908	0
Mar 17 2021	10923	15	1368	0
Mar 18 2021	11575	9	1678	0
Mar 19 2021	12126	11	1585	0
Mar 20 2021	12479	16	1522	0
Mar 21 2021	13015	16	1614	0
Mar 22 2021	14436	19	2693	0
Mar 23 2021	15295	16	2264	0
Mar 24 2021	16762	16	2699	0
Mar 25 2021	17787	13	2369	0
Mar 26 2021	18517	19	2169	0
Mar 27 2021	18936	26	2136	0
Mar 28 2021	18924	14	1539	0
Mar 29 2021	19246	13	2178	0
Mar 30 2021	20070	25	2877	0
Mar 31 2021	21195	21	3088	0
Apr 01 2021	21979	35	2639	0
Apr 02 2021	23488	32	3380	0
Apr 03 2021	23798	30	2336	0
Apr 04 2021	27621	30	3853	0
Apr 05 2021	24770	45	2201	0
Apr 06 2021	25309	45	3105	0
Apr 07 2021	26919	40	3924	0
Apr 08 2021	28141	44	3670	0
Apr 09 2021	32342	88	7289	0
Apr 10 2021	35532	51	3434	0
Apr 11 2021	32903	48	3262	0
Apr 12 2021	32515	71	2531	0
Apr 13 2021	31302	62	2257	0
Apr 14 2021	31054	52	2659	0
Apr 15 2021	32136	79	4410	0
Apr 16 2021	31662	62	3070	0
Apr 17 2021	31216	60	2831	0
Apr 18 2021	29919	60	2344	0
Apr 19 2021	28758	63	2289	0
Apr 20 2021	27715	51	2294	0
Apr 21 2021	27969	61	3274	0
Apr 22 2021	28267	77	3290	0
Apr 23 2021	28749	67	3646	0
Apr 24 2021	28374	56	2789	0
Apr 25 2021	28050	43	2539	0
Apr 26 2021	27398	65	2484	0
Apr 27 2021	27012	61	2747	0
Apr 28 2021	28123	45	2931	0
Apr 29 2021	28206	66	2707	0
Apr 30 2021	27989	53	2694	0
May 01 2021	27489	53	2480	0
May 02 2021	25999	55	1584	0
May 03 2021	24541	72	1628	0
May 04 2021	24605	65	2826	0
May 05 2021	25230	57	2921	0
May 06 2021	25971	54	3582	0
May 07 2021	25961	60	2697	0
May 08 2021	25979	50	2654	0
May 09 2021	25447	40	1883	0
May 10 2021	24735	49	2187	0
May 11 2021	25554	37	2977	0
May 12 2021	25928	44	2255	0
May 13 2021	27216	66	3799	0
May 14 2021	27786	51	3305	0
May 15 2021	27990	50	2873	0
May 16 2021	27715	40	2433	0
May 17 2021	27334	62	2394	0
May 18 2021	27870	57	3120	0
May 19 2021	29138	60	3339	0
May 20 2021	30973	53	4576	0
May 21 2021	32777	69	4599	0
May 22 2021	33411	51	3469	0
May 23 2021	33696	60	3089	0
May 24 2021	33325	51	2790	0
May 25 2021	34257	51	3971	0
May 26 2021	36121	49	4576	0
May 27 2021	36997	44	3937	0
May 28 2021	34158	61	4207	0
May 29 2021	37675	49	3593	0
May 30 2021	37226	37	3316	0
May 31 2021	36654	63	3015	0
Jun 01 2021	36634	66	3503	0
Jun 02 2021	37171	52	3518	0
Jun 03 2021	36218	66	2887	0
Jun 04 2021	36198	56	4079	0
Jun 05 2021	36639	67	4213	0
Jun 06 2021	36757	57	3832	0
Jun 07 2021	34704	52	2248	0
Jun 08 2021	34832	57	4195	0
Jun 09 2021	35117	67	3427	0
Jun 10 2021	35411	46	3622	0
Jun 11 2021	35246	44	3457	0
Jun 12 2021	34659	50	2986	0
Jun 13 2021	33399	39	2043	0
Jun 14 2021	31902	41	2305	0
Jun 15 2021	31337	53	2797	0
Jun 16 2021	31430	31	2900	0
Jun 17 2021	30122	32	2147	0
Jun 18 2021	29155	55	2716	0
Jun 19 2021	27789	34	1999	0
Jun 20 2021	26100	30	1488	0
Jun 21 2021	24195	45	1517	0
Jun 22 2021	23449	34	2079	0
Jun 23 2021	22761	24	1786	0
Jun 24 2021	21610	39	1747	0
Jun 25 2021	20385	34	1586	0
Jun 26 2021	19033	27	1279	0
Jun 27 2021	17878	20	1007	0
Jun 28 2021	16588	30	1049	0
Jun 29 2021	15763	34	1263	0
Jun 30 2021	15268	35	1172	0
Jul 01 2021	14690	26	1250	0
Jul 02 2021	13657	23	817	0
Jul 03 2021	12613	21	761	0
Jul 04 2021	11600	26	531	0
Jul 05 2021	10646	22	577	0
Jul 06 2021	9979	24	733	0
Jul 07 2021	9632	23	646	0
Jul 08 2021	9088	14	633	0
Jul 09 2021	8442	18	604	0
Jul 10 2021	7792	17	379	0
Jul 11 2021	7220	8	298	0
Jul 12 2021	6612	18	297	0
Jul 13 2021	6229	16	421	0
Jul 14 2021	5998	5	407	0
Jul 15 2021	5486	11	337	0
Jul 16 2021	5152	6	439	0
Jul 17 2021	4887	8	253	0
Jul 18 2021	4534	4	142	0
Jul 19 2021	4082	6	197	0
Jul 20 2021	3828	7	304	0
Jul 21 2021	3495	9	237	0
Jul 22 2021	3287	8	298	0
Jul 23 2021	3116	6	240	0
Jul 24 2021	2921	8	160	0
Jul 25 2021	2678	4	120	0
Jul 26 2021	2467	5	153	0
Jul 27 2021	2404	5	209	0
Jul 28 2021	2305	9	183	0
Jul 29 2021	2227	3	211	0
Jul 30 2021	2115	6	177	0
Jul 31 2021	2072	5	153	0
Aug 01 2021	1967	2	52	0
Aug 02 2021	1904	6	146	0
Aug 03 2021	1833	4	138	0
Aug 04 2021	1812	3	141	0
Aug 05 2021	1787	3	161	0
Aug 06 2021	1742	4	140	0
Aug 07 2021	1619	0	65	0
Aug 08 2021	1636	0	146	0
Aug 09 2021	1541	3	101	0
Aug 10 2021	1521	1	114	0
Aug 11 2021	1538	1	152	0
Aug 12 2021	1513	5	124	0
Aug 13 2021	1468	2	104	0
Aug 14 2021	1470	3	111	0
Aug 15 2021	1431	2	80	0
Aug 16 2021	1363	1	80	0
Aug 17 2021	1368	3	133	0
Aug 18 2021	1404	5	140	0
Aug 19 2021	1374	1	113	0
Aug 20 2021	1400	2	145	0
Aug 21 2021	1406	1	123	0
Aug 22 2021	1367	0	68	0
Aug 23 2021	1317	0	87	0
Aug 24 2021	1307	4	106	0
Aug 25 2021	1305	2	105	0
Aug 26 2021	1242	3	66	0
Aug 27 2021	1175	1	73	0
Aug 28 2021	1169	1	91	0
Aug 29 2021	1153	2	70	0
Aug 30 2021	1090	0	86	0
Aug 31 2021	1138	3	156	0
Sep 01 2021	1176	2	144	0
Sep 02 2021	1362	0	186	0
Sep 03 2021	1301	0	159	0
Sep 04 2021	1359	0	134	0
Sep 05 2021	1385	0	103	0
Sep 06 2021	1426	0	120	0
Sep 07 2021	1477	3	146	0
Sep 08 2021	1569	0	156	0
Sep 09 2021	1609	0	176	0
Sep 10 2021	1653	0	152	0
Sep 11 2021	1681	2	152	0
Sep 12 2021	1727	1	139	0
Sep 13 2021	1684	1	172	0
Sep 14 2021	1696	3	155	0
Sep 15 2021	1693	1	128	0
Sep 16 2021	1680	1	143	0
Sep 17 2021	1664	0	150	0
Sep 18 2021	1624	2	106	0
Sep 19 2021	1593	0	72	0
Sep 20 2021	1560	0	117	0
Sep 21 2021	1540	1	178	0
Sep 22 2021	1541	0	146	0
Sep 23 2021	1523	0	123	0
Sep 24 2021	1473	2	122	0
Sep 25 2021	1441	1	111	0
Sep 26 2021	1412	0	78	0
Sep 27 2021	1329	1	70	0
Sep 28 2021	1332	0	128	0
Sep 29 2021	1323	1	122	0
Sep 30 2021	1314	1	106	0
Oct 01 2021	1300	1	97	0
Oct 02 2021	1272	1	99	0
Oct 03 2021	1213	0	61	0
Oct 04 2021	1169	1	75	0
Oct 05 2021	1154	1	103	0
Oct 06 2021	1193	3	142	0
Oct 07 2021	1250	0	156	0
Oct 08 2021	1306	0	156	0
Oct 09 2021	1327	1	118	0
Oct 10 2021	1351	1	103	0
Oct 11 2021	1315	0	77	0
Oct 12 2021	1326	0	119	0
Oct 13 2021	1368	1	160	0
Oct 14 2021	1463	0	181	0
Oct 15 2021	1533	1	187	0
Oct 16 2021	1562	1	153	0
Oct 17 2021	1576	2	129	0
Oct 18 2021	1536	0	123	0
Oct 19 2021	1565	0	191	0
Oct 20 2021	1613	0	164	0
Oct 21 2021	1664	0	178	0
Oct 22 2021	1739	1	190	0
Oct 23 2021	1747	1	139	0
Oct 24 2021	1714	0	119	0
Oct 25 2021	1709	2	171	0
Oct 26 2021	1809	1	266	0
Oct 27 2021	1892	2	294	0
Oct 28 2021	1993	0	260	0
Oct 29 2021	2162	1	315	0
Oct 30 2021	2258	0	264	0
Oct 31 2021	2292	1	181	0
Nov 01 2021	2286	2	154	0
Nov 02 2021	2317	0	195	0
Nov 03 2021	2350	0	195	0
Nov 04 2021	2370	2	236	0
Nov 05 2021	2373	2	235	0
Nov 06 2021	2341	1	185	0
Nov 07 2021	2313	1	169	0
Nov 08 2021	2189	2	142	0
Nov 09 2021	2125	5	200	0
Nov 10 2021	2088	0	195	0
Nov 11 2021	2025	4	159	0
Nov 12 2021	2021	2	211	0
Nov 13 2021	2062	2	227	0
Nov 14 2021	2020	0	143	0
Nov 15 2021	1905	1	132	0
Nov 16 2021	1914	2	211	0
Nov 17 2021	1992	1	255	0
Nov 18 2021	1964	5	175	0
Nov 19 2021	2004	0	231	0
Nov 20 2021	2015	2	163	0
Nov 21 2021	2002	3	129	0
Nov 22 2021	1934	0	149	0
Nov 23 2021	1958	1	223	0
Nov 24 2021	2000	3	223	0
Nov 25 2021	2061	4	240	0
Nov 26 2021	2047	1	214	0
Nov 27 2021	2144	1	291	0
Nov 28 2021	2136	4	167	0
Nov 29 2021	2086	1	156	0
Nov 30 2021	2075	1	191	0
Dec 01 2021	2171	0	271	0
Dec 02 2021	2263	1	309	0
Dec 03 2021	2320	0	267	0
Dec 04 2021	2301	0	279	0
Dec 05 2021	2209	2	104	0
Dec 06 2021	2087	2	178	0
Dec 07 2021	2104	1	237	0
Dec 08 2021	2244	1	300	0
Dec 09 2021	2311	2	257	0
Dec 10 2021	2327	1	252	0
Dec 11 2021	2332	1	234	0
Dec 12 2021	2286	3	126	0
Dec 13 2021	2253	0	210	0
Dec 14 2021	2307	1	259	0
Dec 15 2021	2407	1	315	0
Dec 16 2021	2499	2	289	0
Dec 17 2021	2594	1	317	0
Dec 18 2021	2763	3	356	0
Dec 19 2021	2780	2	205	0
Dec 20 2021	2866	1	361	0
Dec 21 2021	3031	1	415	0
Dec 22 2021	3229	2	445	0
Dec 23 2021	3431	0	446	0
Dec 24 2021	3804	3	612	0
Dec 25 2021	3930	1	360	0
Dec 26 2021	3967	0	282	0
Dec 27 2021	4230	2	600	0
Dec 28 2021	4820	2	913	0
Dec 29 2021	5923	1	1417	0
Dec 30 2021	6937	1	1347	0
Dec 31 2021	8252	1	1725	0
Jan 01 2022	8778	2	911	0
Jan 02 2022	9292	3	955	0
Jan 03 2022	10412	2	1721	0
Jan 04 2022	13049	3	3138	0
Jan 05 2022	17854	1	5328	0
Jan 06 2022	22548	5	5522	0
Jan 07 2022	27951	2	6104	0
Jan 08 2022	33323	1	6374	0
Jan 09 2022	38098	3	5986	0
Jan 10 2022	43347	7	6757	0
Jan 11 2022	49373	3	7178	0
Jan 12 2022	57647	3	9823	0
Jan 13 2022	65665	6	10640	0
Jan 14 2022	69167	3	6806	0
Jan 15 2022	74013	11	9641	0
Jan 16 2022	81554	18	12574	0
Jan 17 2022	83392	5	7981	0
Jan 18 2022	94017	5	10630	0
Jan 19 2022	86528	5	11714	0
Jan 20 2022	69976	14	12997	0
Jan 21 2022	73335	12	12874	0
Jan 22 2022	73986	19	11029	0
Jan 23 2022	73789	5	8929	0
Jan 24 2022	75781	17	10045	0
Jan 25 2022	76027	14	10745	0
Jan 26 2022	76010	29	11668	0
Jan 27 2022	73275	21	9566	0
Jan 28 2022	74018	22	13612	0
Jan 29 2022	70655	25	9222	0
Jan 30 2022	68807	23	7588	0
Jan 31 2022	67119	20	6984	0
Feb 01 2022	66523	34	11453	0
Feb 02 2022	66727	27	10618	0
Feb 03 2022	66625	39	10015	0
Feb 04 2022	66786	27	10363	0
Feb 05 2022	65833	19	9074	0
Feb 06 2022	63268	12	6094	0
Feb 07 2022	63036	19	6968	0
Feb 08 2022	61580	20	8444	0
Feb 09 2022	59339	20	8100	0
Feb 10 2022	57843	14	8812	0
Feb 11 2022	55642	19	7594	0
Feb 12 2022	53066	15	6797	0
Feb 13 2022	50071	12	4733	0
Feb 14 2022	49300	22	5066	0
Feb 15 2022	47079	16	6120	0
Feb 16 2022	45870	26	6640	0
Feb 17 2022	43088	18	5517	0
Feb 18 2022	42678	16	7179	0
Feb 19 2022	39869	11	4355	0
Feb 20 2022	37476	14	3337	0
Feb 21 2022	36442	16	3675	0
Feb 22 2022	34666	10	4405	0
Feb 23 2022	32234	14	4030	0
Feb 24 2022	29739	13	4136	0
Feb 25 2022	27295	17	3396	0
Feb 26 2022	25206	12	2995	0
Feb 27 2022	23736	16	2170	0
Feb 28 2022	22570	8	1951	0
Mar 01 2022	20435	6	1938	0
Mar 02 2022	18593	14	2468	0
Mar 03 2022	16991	9	2182	0
Mar 04 2022	15766	17	2191	0
Mar 05 2022	14606	9	1929	0
Mar 06 2022	13605	6	1205	0
Mar 07 2022	13427	5	1508	0
Mar 08 2022	12914	8	1752	0
Mar 09 2022	12394	10	1530	0
Mar 10 2022	11334	6	1498	0
Mar 11 2022	10636	8	1490	0
Mar 12 2022	9958	7	1212	0
Mar 13 2022	9488	5	1011	0
Mar 14 2022	9574	8	1268	0
Mar 15 2022	9474	7	1638	0
Mar 16 2022	9453	6	1670	0
Mar 17 2022	9900	4	2129	0
Mar 18 2022	10196	7	1857	0
Mar 19 2022	10492	7	1466	0
Mar 20 2022	10256	4	909	0
Mar 21 2022	10206	3	1087	0
Mar 22 2022	9781	1	1363	0
Mar 23 2022	9705	2	1855	0
Mar 24 2022	9391	3	1534	0
Mar 25 2022	8959	2	1227	0
Mar 26 2022	8597	1	975	0
Mar 27 2022	8186	1	727	0
Mar 28 2022	7840	3	661	0
Mar 29 2022	7557	2	1238	0
Mar 30 2022	7110	0	1048	0
Mar 31 2022	6648	3	907	0
Apr 01 2022	6143	2	704	0
Apr 02 2022	5601	1	493	0
Apr 03 2022	5233	4	381	0
Apr 04 2022	5176	3	627	0
Apr 05 2022	4933	2	840	0
Apr 06 2022	4616	5	820	0
Apr 07 2022	4353	3	654	0
Apr 08 2022	3947	2	555	0
Apr 09 2022	3743	0	566	0
Apr 10 2022	3556	1	334	0
Apr 11 2022	3425	1	358	0
Apr 12 2022	3138	3	363	0
Apr 13 2022	2889	2	354	0
Apr 14 2022	2982	2	256	0
Apr 15 2022	2338	3	211	0
Apr 16 2022	2069	0	141	0
Apr 17 2022	1924	4	183	0
Apr 18 2022	1924	0	0	0
Apr 19 2022	1924	0	0	0
Apr 20 2022	1924	0	0	0
Apr 21 2022	1924	0	0	0
Apr 22 2022	1924	0	0	0
Apr 23 2022	1924	0	0	0
Apr 24 2022	2206	7	2192	0
Apr 25 2022	2468	1	263	0
Apr 26 2022	2775	0	307	0
Apr 27 2022	3073	1	299	0
Apr 28 2022	3429	1	357	0
Apr 29 2022	3722	2	295	0
Apr 30 2022	3956	1	235	0
May 01 2022	3956	0	0	0
May 02 2022	3956	0	0	0
May 03 2022	3956	0	0	0
May 04 2022	3956	0	0	0
May 05 2022	3956	0	0	0
May 06 2022	3956	0	0	0
May 07 2022	3956	0	0	0
May 08 2022	3956	0	0	0
May 09 2022	3956	0	0	0
May 10 2022	3956	0	0	0
May 11 2022	2893	3	2817	0
May 12 2022	3185	0	991	0
May 13 2022	3587	0	972	0
May 14 2022	4071	0	911	0
May 15 2022	4515	0	1004	0
May 16 2022	4642	0	803	0
May 17 2022	4938	2	857	0
May 18 2022	3988	2	493	0
May 19 2022	4137	2	840	0
May 20 2022	4515	2	1108	0
May 21 2022	5440	1	1484	0
May 22 2022	6269	0	1639	0
May 23 2022	7092	2	1509	0
May 24 2022	7606	3	1237	0
May 25 2022	8542	5	941	0
May 26 2022	10102	0	1560	0
May 27 2022	11644	3	1545	0
May 28 2022	13222	1	1579	0
May 29 2022	14491	0	1269	0
May 30 2022	16039	2	1550	0
May 31 2022	16984	0	945	0
Jun 01 2022	7974	4	1531	0
Jun 02 2022	7912	4	1531	0
Jun 03 2022	7850	4	1531	0
Jun 04 2022	7788	4	1531	0
Jun 05 2022	7726	4	1531	0
Jun 06 2022	7637	4	1529	0
Jun 07 2022	6951	4	703	0
Jun 08 2022	7004	7	1445	0
Jun 09 2022	7143	4	1528	0
Jun 10 2022	7355	4	1601	0
Jun 11 2022	7342	4	1376	0
Jun 12 2022	8214	5	2263	0
Jun 13 2022	8819	5	610	0
Jun 14 2022	10228	3	1412	0
Jun 15 2022	11653	3	1428	0
Jun 16 2022	12988	6	1341	0
Jun 17 2022	14224	2	1238	0
Jun 18 2022	15446	2	1224	0
Jun 19 2022	16263	1	818	0
Jun 20 2022	14400	2	508	0
Jun 21 2022	13089	3	1061	0
Jun 22 2022	11813	3	1096	0
Jun 23 2022	10598	4	1158	0
Jun 24 2022	9097	2	870	0
Jun 25 2022	7502	2	776	0
Jun 26 2022	5339	3	212	0
Jun 27 2022	5915	4	580	0
Jun 28 2022	6384	6	475	0
Jun 29 2022	6829	2	447	0
Jun 30 2022	7602	2	775	0
Jul 01 2022	8461	2	861	0
Jul 02 2022	9211	2	752	0
Jul 03 2022	3607	2	732	0
Jul 04 2022	3261	1	237	0
Jul 05 2022	3262	4	587	0
Jul 06 2022	3253	1	574	0
Jul 07 2022	3196	6	531	0
Jul 08 2022	3093	2	481	0
Jul 09 2022	2930	3	422	0
Jul 10 2022	2626	5	287	0
Jul 11 2022	2401	2	210	0
Jul 12 2022	2390	1	423	0
Jul 13 2022	2441	1	485	0
Jul 14 2022	2223	2	217	0
Jul 15 2022	2310	2	522	0
Jul 16 2022	2231	3	357	0
Jul 17 2022	2019	3	224	0
Jul 18 2022	1858	1	158	0
Jul 19 2022	1749	4	213	0
Jul 20 2022	1819	1	389	0
Jul 21 2022	1841	4	345	0
Jul 22 2022	1833	1	315	0
Jul 23 2022	1873	3	359	0
Jul 24 2022	1768	2	216	0
Jul 25 2022	1661	4	170	0
Jul 26 2022	1741	1	354	0
Jul 27 2022	1725	1	258	0
Jul 28 2022	1801	2	351	0
Jul 29 2022	1790	2	264	0
Jul 30 2022	1823	2	308	0
Jul 31 2022	1768	0	220	0
Aug 01 2022	1790	2	282	0
Aug 02 2022	1809	1	305	0
Aug 03 2022	1897	1	279	0
Aug 04 2022	1891	2	294	0
Aug 05 2022	1885	1	242	0
Aug 06 2022	1779	1	180	0
Aug 07 2022	1599	0	110	0
Aug 08 2022	1471	1	128	0
Aug 09 2022	1543	1	326	0
Aug 10 2022	1589	1	300	0
Aug 11 2022	1670	1	335	0
Aug 12 2022	1703	1	287	0
Aug 13 2022	1719	1	270	0
Aug 14 2022	1664	0	198	0
Aug 15 2022	1501	1	123	0
Aug 16 2022	1626	4	414	0
Aug 17 2022	1707	1	367	0
Aug 18 2022	1763	0	341	0
Aug 19 2022	1775	1	298	0
Aug 20 2022	1816	1	327	0
Aug 21 2022	1698	1	171	0
Aug 22 2022	1540	1	121	0
Aug 23 2022	1602	1	341	0
Aug 24 2022	1681	1	358	0
Aug 25 2022	1761	1	359	0
Aug 26 2022	1627	1	145	0
Aug 27 2022	1687	1	339	0
Aug 28 2022	1599	1	192	0
Aug 29 2022	1746	2	149	0
Aug 30 2022	2129	4	387	0
Aug 31 2022	2477	1	349	0
Sep 01 2022	2841	0	364	0
Sep 02 2022	3113	2	274	0
Sep 03 2022	3438	1	326	0
Sep 04 2022	1737	0	177	0
Sep 05 2022	1973	1	237	0
Sep 06 2022	2209	1	237	0
Sep 07 2022	2445	1	237	0
Sep 08 2022	2681	1	237	0
Sep 09 2022	2917	1	237	0
Sep 10 2022	3153	1	237	0
Sep 11 2022	1515	1	238	0
Sep 12 2022	1641	1	127	0
Sep 13 2022	1871	3	233	0
Sep 14 2022	2103	3	235	0
Sep 15 2022	2328	1	226	0
Sep 16 2022	2488	0	160	0
Sep 17 2022	2697	0	209	0
Sep 18 2022	1224	3	116	0
Sep 19 2022	1332	2	110	0
Sep 20 2022	1567	2	237	0
Sep 21 2022	1765	2	200	0
Sep 22 2022	1989	1	225	0
Sep 23 2022	2164	2	177	0
Sep 24 2022	2362	3	201	0
Sep 25 2022	1177	0	120	0
Sep 26 2022	1177	0	0	0
Sep 27 2022	1177	0	0	0
Sep 28 2022	1177	0	0	0
Sep 29 2022	1177	0	0	0
Sep 30 2022	1177	0	0	0
Oct 01 2022	1177	0	0	0
Oct 02 2022	1177	0	0	0
Oct 03 2022	996	10	1024	0
Oct 04 2022	996	0	0	0
Oct 05 2022	996	0	0	0
Oct 06 2022	996	0	0	0
Oct 07 2022	996	0	0	0
Oct 08 2022	996	0	0	0
Oct 09 2022	996	0	0	0
Oct 10 2022	1090	6	1117	0
Oct 11 2022	1090	0	0	0
Oct 12 2022	1090	0	0	0
Oct 13 2022	1090	0	0	0
Oct 14 2022	1090	0	0	0
Oct 15 2022	1090	0	0	0
Oct 16 2022	1090	0	0	0
Oct 17 2022	920	9	964	0
Oct 18 2022	920	0	0	0
Oct 19 2022	920	0	0	0
Oct 20 2022	920	0	0	0
Oct 21 2022	920	0	0	0
Oct 22 2022	920	0	0	0
Oct 23 2022	920	0	0	0
Oct 24 2022	1048	5	1102	0
Oct 25 2022	1048	0	0	0
Oct 26 2022	1048	0	0	0
Oct 27 2022	1048	0	0	0
Oct 28 2022	1048	0	0	0
Oct 29 2022	1048	0	0	0
Oct 30 2022	1048	0	0	0
Oct 31 2022	939	3	931	0
Nov 01 2022	939	0	0	0
Nov 02 2022	939	0	0	0
Nov 03 2022	939	0	0	0
Nov 04 2022	939	0	0	0
Nov 05 2022	939	0	0	0
Nov 06 2022	939	0	0	0
Nov 07 2022	709	8	659	0
Nov 08 2022	709	0	0	0
Nov 09 2022	709	0	0	0
Nov 10 2022	709	0	0	0
Nov 11 2022	709	0	0	0
Nov 12 2022	709	0	0	0
Nov 13 2022	709	0	0	0
Nov 14 2022	809	3	816	0
Nov 15 2022	809	0	0	0
Nov 16 2022	809	0	0	0
Nov 17 2022	809	0	0	0
Nov 18 2022	809	0	0	0
Nov 19 2022	809	0	0	0
Nov 20 2022	809	0	0	0
Nov 21 2022	881	1	852	0
Nov 22 2022	881	0	0	0
Nov 23 2022	881	0	0	0
Nov 24 2022	881	0	0	0
Nov 25 2022	881	0	0	0
Nov 26 2022	881	0	0	0
Nov 27 2022	881	0	0	0
Nov 28 2022	1026	7	988	0
Nov 29 2022	1026	0	0	0
Nov 30 2022	1026	0	0	0
Dec 01 2022	1026	0	0	0
Dec 02 2022	1026	0	0	0
Dec 03 2022	1026	0	0	0
Dec 04 2022	1026	0	0	0
Dec 05 2022	1490	4	1527	0
Dec 06 2022	1490	0	0	0
Dec 07 2022	1490	0	0	0
Dec 08 2022	1490	0	0	0
Dec 09 2022	1490	0	0	0
Dec 10 2022	1490	0	0	0
Dec 11 2022	1490	0	0	0
Dec 12 2022	2189	7	2645	0
Dec 13 2022	2189	0	0	0
Dec 14 2022	2189	0	0	0
Dec 15 2022	2189	0	0	0
Dec 16 2022	2189	0	0	0
Dec 17 2022	2189	0	0	0
Dec 18 2022	2189	0	0	0
Dec 19 2022	4599	4	4941	0
Dec 20 2022	4599	0	0	0
Dec 21 2022	4599	0	0	0
Dec 22 2022	4599	0	0	0
Dec 23 2022	4599	0	0	0
Dec 24 2022	4599	0	0	0
Dec 25 2022	4599	0	0	0
Dec 26 2022	7631	10	9000	0
Dec 27 2022	7631	0	0	0
Dec 28 2022	7631	0	0	0
Dec 29 2022	7631	0	0	0
Dec 30 2022	7631	0	0	0
Dec 31 2022	7631	0	0	0
Jan 01 2023	7631	0	0	0
Jan 02 2023	8285	8	8173	0
Jan 03 2023	8285	0	0	0
Jan 04 2023	8285	0	0	0
Jan 05 2023	8285	0	0	0
Jan 06 2023	8285	0	0	0
Jan 07 2023	8285	0	0	0
Jan 08 2023	8285	0	0	0
Jan 09 2023	5165	16	5649	0
Jan 10 2023	5165	0	0	0
Jan 11 2023	5165	0	0	0
Jan 12 2023	5165	0	0	0
Jan 13 2023	5165	0	0	0
Jan 14 2023	5165	0	0	0
Jan 15 2023	5165	0	0	0
Jan 16 2023	3288	11	3754	0
Jan 17 2023	3288	0	0	0
Jan 18 2023	3288	0	0	0
Jan 19 2023	3288	0	0	0
Jan 20 2023	3288	0	0	0
Jan 21 2023	3288	0	0	0
Jan 22 2023	3288	0	0	0
Jan 23 2023	1925	4	2017	0
Jan 24 2023	1925	0	0	0
Jan 25 2023	1925	0	0	0
Jan 26 2023	1925	0	0	0
Jan 27 2023	1925	0	0	0
Jan 28 2023	1925	0	0	0
Jan 29 2023	1925	0	0	0
Jan 30 2023	1162	8	1129	0
Jan 31 2023	1162	0	0	0
Feb 01 2023	1162	0	0	0
Feb 02 2023	1162	0	0	0
Feb 03 2023	1162	0	0	0
Feb 04 2023	1162	0	0	0
Feb 05 2023	1162	0	0	0
Feb 06 2023	716	5	555	0
Feb 07 2023	716	0	0	0
Feb 08 2023	716	0	0	0
Feb 09 2023	716	0	0	0
Feb 10 2023	716	0	0	0
Feb 11 2023	716	0	0	0
Feb 12 2023	716	0	0	0
Feb 13 2023	716	0	0	0
Feb 14 2023	639	3	501	0
Feb 15 2023	639	0	0	0
Feb 16 2023	639	0	0	0
Feb 17 2023	639	0	0	0
Feb 18 2023	639	0	0	0
Feb 19 2023	639	0	0	0
Feb 20 2023	434	0	280	0
Feb 21 2023	434	0	0	0
Feb 22 2023	434	0	0	0
Feb 23 2023	434	0	0	0
Feb 24 2023	434	0	0	0
Feb 25 2023	434	0	0	0
Feb 26 2023	434	0	0	0
Feb 27 2023	500	0	257	0
Feb 28 2023	500	0	0	0
Mar 01 2023	500	0	0	0
Mar 02 2023	500	0	0	0
Mar 03 2023	500	0	0	0
Mar 04 2023	500	0	0	0
Mar 05 2023	500	0	0	0
Mar 06 2023	500	0	0	0
Mar 07 2023	500	0	0	0
Mar 08 2023	500	0	0	0
Mar 09 2023	500	0	0	0
Mar 10 2023	500	0	0	0
Mar 11 2023	500	0	0	0
Mar 12 2023	500	0	0	0
Mar 13 2023	500	0	0	0
Mar 14 2023	500	0	0	0
Mar 15 2023	573	2	743	0
Mar 16 2023	573	0	0	0
Mar 17 2023	573	0	0	0
Mar 18 2023	573	0	0	0
Mar 19 2023	573	0	0	0
Mar 20 2023	573	0	0	0
Mar 21 2023	573	0	0	0
Mar 22 2023	573	0	0	0
Mar 23 2023	573	0	0	0
Mar 24 2023	573	0	0	0
Mar 25 2023	573	0	0	0
Mar 26 2023	573	0	0	0
Mar 27 2023	608	2	1113	0
Mar 28 2023	608	0	0	0
Mar 29 2023	608	0	0	0
Mar 30 2023	608	0	0	0
Mar 31 2023	608	0	0	0
Apr 01 2023	608	0	0	0
Apr 02 2023	608	0	0	0
Apr 03 2023	608	0	0	0
Apr 04 2023	608	0	0	0
Apr 05 2023	608	0	0	0
Apr 06 2023	608	0	0	0
Apr 07 2023	608	0	0	0
Apr 08 2023	608	0	0	0
Apr 09 2023	608	0	0	0
Apr 10 2023	608	0	0	0
Apr 11 2023	608	0	0	0
Apr 12 2023	478	0	936	0
Apr 13 2023	478	0	0	0
Apr 14 2023	478	0	0	0
Apr 15 2023	478	0	0	0
Apr 16 2023	478	0	0	0
Apr 17 2023	478	0	0	0
Apr 18 2023	478	0	0	0
Apr 19 2023	478	0	0	0
Apr 20 2023	478	0	0	0
Apr 21 2023	478	0	0	0
Apr 22 2023	478	0	0	0
Apr 23 2023	478	0	0	0
Apr 24 2023	433	4	798	0
Apr 25 2023	433	0	0	0
Apr 26 2023	433	0	0	0
Apr 27 2023	433	0	0	0
Apr 28 2023	433	0	0	0
Apr 29 2023	433	0	0	0
Apr 30 2023	433	0	0	0
May 01 2023	433	0	0	0
May 02 2023	433	0	0	0
May 03 2023	433	0	0	0
May 04 2023	433	0	0	0
May 05 2023	433	0	0	0
May 06 2023	433	0	0	0
May 07 2023	433	0	0	0
May 08 2023	365	5	594	0
May 09 2023	365	0	0	0
May 10 2023	365	0	0	0
May 11 2023	365	0	0	0
May 12 2023	365	0	0	0
May 13 2023	365	0	0	0
May 14 2023	365	0	0	0
May 15 2023	365	0	0	0
May 16 2023	365	0	0	0
May 17 2023	365	0	0	0
May 18 2023	365	0	0	0
May 19 2023	365	0	0	0
May 20 2023	365	0	0	0
May 21 2023	365	0	0	0
May 22 2023	365	0	0	0
May 23 2023	365	0	0	0
May 24 2023	196	4	287	0
May 25 2023	196	0	0	0
May 26 2023	196	0	0	0
May 27 2023	196	0	0	0
May 28 2023	196	0	0	0
May 29 2023	196	0	0	0
May 30 2023	196	0	0	0
May 31 2023	196	0	0	0
Jun 01 2023	196	0	0	0
Jun 02 2023	196	0	0	0
Jun 03 2023	196	0	0	0
Jun 04 2023	196	0	0	0
Jun 05 2023	196	0	0	0
Jun 06 2023	196	0	0	0
Jun 07 2023	196	0	0	0
Jun 08 2023	196	0	0	0
Jun 09 2023	196	0	0	0
Jun 10 2023	196	0	0	0
Jun 11 2023	196	0	0	0
Jun 12 2023	196	0	0	0
Jun 13 2023	196	0	0	0
Jun 14 2023	196	0	0	0
Jun 15 2023	196	0	0	0
Jun 16 2023	196	0	0	0
Jun 17 2023	196	0	0	0
Jun 18 2023	196	0	0	0
Jun 19 2023	196	0	0	0
Jun 20 2023	196	0	0	0
Jun 21 2023	196	0	0	0
Jun 22 2023	196	0	0	0
Jun 23 2023	196	0	0	0
Jun 24 2023	196	0	0	0
Jun 25 2023	196	0	0	0
Jun 26 2023	196	0	0	0
Jun 27 2023	196	0	0	0
Jun 28 2023	196	0	0	0
Jun 29 2023	196	0	0	0
Jun 30 2023	196	0	0	0
Jul 01 2023	196	0	0	0
Jul 02 2023	196	0	0	0
Jul 03 2023	196	0	0	0
Jul 04 2023	196	0	0	0
Jul 05 2023	196	0	0	0
Jul 06 2023	196	0	0	0
Jul 07 2023	196	0	0	0
Jul 08 2023	196	0	0	0
Jul 09 2023	196	0	0	0
Jul 10 2023	196	0	0	0
Jul 11 2023	196	0	0	0
Jul 12 2023	196	0	0	0
Jul 13 2023	196	0	0	0
Jul 14 2023	196	0	0	0
Jul 15 2023	196	0	0	0
Jul 16 2023	196	0	0	0
Jul 17 2023	196	0	0	0
Jul 18 2023	196	0	0	0
Jul 19 2023	196	0	0	0
Jul 20 2023	196	0	0	0
Jul 21 2023	196	0	0	0
Jul 22 2023	196	0	0	0
Jul 23 2023	196	0	0	0
Jul 24 2023	196	0	0	0
Jul 25 2023	196	0	0	0
Jul 26 2023	196	0	0	0
Jul 27 2023	196	0	0	0
Jul 28 2023	196	0	0	0
Jul 29 2023	196	0	0	0
Jul 30 2023	196	0	0	0
Jul 31 2023	196	0	0	0
Aug 01 2023	196	0	0	0
Aug 02 2023	196	0	0	0
Aug 03 2023	196	0	0	0
Aug 04 2023	196	0	0	0
Aug 05 2023	196	0	0	0
Aug 06 2023	196	0	0	0
Aug 07 2023	196	0	0	0
Aug 08 2023	196	0	0	0
Aug 09 2023	196	0	0	0
Aug 10 2023	196	0	0	0
Aug 11 2023	196	0	0	0
Aug 12 2023	196	0	0	0
Aug 13 2023	196	0	0	0
Aug 14 2023	196	0	0	0
Aug 15 2023	196	0	0	0
Aug 16 2023	196	0	0	0
Aug 17 2023	196	0	0	0
Aug 18 2023	196	0	0	0
Aug 19 2023	196	0	0	0
Aug 20 2023	196	0	0	0
Aug 21 2023	196	0	0	0
Aug 22 2023	196	0	0	0
Aug 23 2023	196	0	0	0
Aug 24 2023	196	0	0	0
Aug 25 2023	196	0	0	0
Aug 26 2023	196	0	0	0
Aug 27 2023	196	0	0	0
Aug 28 2023	196	0	0	0
Aug 29 2023	196	0	0	0
Aug 30 2023	196	0	0	0
Aug 31 2023	196	0	0	0
Sep 01 2023	196	0	0	0
Sep 02 2023	196	0	0	0
Sep 03 2023	196	0	0	0
Sep 04 2023	196	0	0	0
Sep 05 2023	196	0	0	0
Sep 06 2023	196	0	0	0
Sep 07 2023	196	0	0	0
Sep 08 2023	196	0	0	0
Sep 09 2023	196	0	0	0
Sep 10 2023	196	0	0	0
Sep 11 2023	196	0	0	0
Sep 12 2023	196	0	0	0
Sep 13 2023	196	0	0	0
Sep 14 2023	196	0	0	0
Sep 15 2023	196	0	0	0
Sep 16 2023	196	0	0	0
Sep 17 2023	196	0	0	0
Sep 18 2023	196	0	0	0
Sep 19 2023	196	0	0	0
Sep 20 2023	196	0	0	0
Sep 21 2023	196	0	0	0
Sep 22 2023	196	0	0	0
Sep 23 2023	196	0	0	0
Sep 24 2023	196	0	0	0
Sep 25 2023	196	0	0	0
Sep 26 2023	196	0	0	0
Sep 27 2023	196	0	0	0
Sep 28 2023	196	0	0	0
Sep 29 2023	196	0	0	0
Sep 30 2023	196	0	0	0
Oct 01 2023	196	0	0	0
Oct 02 2023	196	0	0	0
Oct 03 2023	196	0	0	0
Oct 04 2023	196	0	0	0
Oct 05 2023	196	0	0	0
Oct 06 2023	196	0	0	0
Oct 07 2023	196	0	0	0
Oct 08 2023	196	0	0	0
Oct 09 2023	196	0	0	0
Oct 10 2023	196	0	0	0
Oct 11 2023	196	0	0	0
Oct 12 2023	196	0	0	0
Oct 13 2023	196	0	0	0
Oct 14 2023	196	0	0	0
Oct 15 2023	196	0	0	0
Oct 16 2023	196	0	0	0
Oct 17 2023	196	0	0	0
Oct 18 2023	196	0	0	0
Oct 19 2023	196	0	0	0
Oct 20 2023	196	0	0	0
Oct 21 2023	196	0	0	0
Oct 22 2023	196	0	0	0
Oct 23 2023	196	0	0	0
Oct 24 2023	196	0	0	0
Oct 25 2023	196	0	0	0
Oct 26 2023	196	0	0	0
Oct 27 2023	196	0	0	0
Oct 28 2023	196	0	0	0
Oct 29 2023	196	0	0	0
Oct 30 2023	196	0	0	0
Oct 31 2023	196	0	0	0
Nov 01 2023	196	0	0	0
Nov 02 2023	196	0	0	0
Nov 03 2023	196	0	0	0
Nov 04 2023	196	0	0	0
Nov 05 2023	196	0	0	0
Nov 06 2023	196	0	0	0
Nov 07 2023	196	0	0	0
Nov 08 2023	196	0	0	0
Nov 09 2023	196	0	0	0
Nov 10 2023	196	0	0	0
Nov 11 2023	196	0	0	0
Nov 12 2023	196	0	0	0
Nov 13 2023	196	0	0	0
Nov 14 2023	1927	1	1732	0
Nov 15 2023	1927	0	0	0
Nov 16 2023	1927	0	0	0
Nov 17 2023	1927	0	0	0
Nov 18 2023	1927	0	0	0
Nov 19 2023	1927	0	0	0
Nov 20 2023	2368	29	470	0
Nov 21 2023	2368	0	0	0
Nov 22 2023	2368	0	0	0
Nov 23 2023	2368	0	0	0
Nov 24 2023	2368	0	0	0
Nov 25 2023	2368	0	0	0
Nov 26 2023	2368	0	0	0
Nov 27 2023	2368	0	0	0
Nov 28 2023	2368	0	0	0
Nov 29 2023	2368	0	0	0
Nov 30 2023	2368	0	0	0
Dec 01 2023	2368	0	0	0
Dec 02 2023	2368	0	0	0
Dec 03 2023	2368	0	0	0
Dec 04 2023	2503	0	135	0
Dec 05 2023	2503	0	0	0
Dec 06 2023	2503	0	0	0
Dec 07 2023	2503	0	0	0
Dec 08 2023	2503	0	0	0
Dec 09 2023	2503	0	0	0
Dec 10 2023	2503	0	0	0
Dec 11 2023	2503	0	0	0
Dec 12 2023	2503	0	0	0
Dec 13 2023	2503	0	0	0
Dec 14 2023	2503	0	0	0
Dec 15 2023	2503	0	0	0
Dec 16 2023	2503	0	0	0
Dec 17 2023	2503	0	0	0
Dec 18 2023	2503	0	0	0
Dec 19 2023	2503	0	0	0
Dec 20 2023	2503	0	0	0
Dec 21 2023	2503	0	0	0
Dec 22 2023	2503	0	0	0
Dec 23 2023	2503	0	0	0
Dec 24 2023	2503	0	0	0
Dec 25 2023	2503	0	0	0
Dec 26 2023	2503	0	0	0
Dec 27 2023	2503	0	0	0
Dec 28 2023	2503	0	0	0
Dec 29 2023	2503	0	0	0
Dec 30 2023	2503	0	0	0
Dec 31 2023	2503	0	0	0
Jan 01 2024	2503	0	0	0
Jan 02 2024	2503	0	0	0
Jan 03 2024	2503	0	0	0
Jan 04 2024	2503	0	0	0
Jan 05 2024	2503	0	0	0
Jan 06 2024	2503	0	0	0
Jan 07 2024	2503	0	0	0
Jan 08 2024	2503	0	0	0
Jan 09 2024	2503	0	0	0
Jan 10 2024	2503	0	0	0
Jan 11 2024	2503	0	0	0
Jan 12 2024	2503	0	0	0
Jan 13 2024	2503	0	0	0
Jan 14 2024	2503	0	0	0
Jan 15 2024	2503	0	0	0
Jan 16 2024	2503	0	0	0
Jan 17 2024	2503	0	0	0
Jan 18 2024	2503	0	0	0
Jan 19 2024	2503	0	0	0
Jan 20 2024	2503	0	0	0
Jan 21 2024	2503	0	0	0
Jan 22 2024	2503	0	0	0
Jan 23 2024	2503	0	0	0
Jan 24 2024	2503	0	0	0
Jan 25 2024	2503	0	0	0
Jan 26 2024	2503	0	0	0
Jan 27 2024	2503	0	0	0
Jan 28 2024	2503	0	0	0
Jan 29 2024	2503	0	0	0
Jan 30 2024	2503	0	0	0
Jan 31 2024	2503	0	0	0
Feb 01 2024	2503	0	0	0
Feb 02 2024	2503	0	0	0
Feb 03 2024	2503	0	0	0
Feb 04 2024	2503	0	0	0
Feb 05 2024	2503	0	0	0
Feb 06 2024	2503	0	0	0
Feb 07 2024	2503	0	0	0
Feb 08 2024	2503	0	0	0
Feb 09 2024	2503	0	0	0
Feb 10 2024	2503	0	0	0
Feb 11 2024	2503	0	0	0
Feb 12 2024	2503	0	0	0
Feb 13 2024	2503	0	0	0
Feb 14 2024	2503	0	0	0
Feb 15 2024	2503	0	0	0
Feb 16 2024	2503	0	0	0
Feb 17 2024	2503	0	0	0
Feb 18 2024	2503	0	0	0
Feb 19 2024	2503	0	0	0
Feb 20 2024	2503	0	0	0
Feb 21 2024	2503	0	0	0
Feb 22 2024	2503	0	0	0
Feb 23 2024	2503	0	0	0
Feb 24 2024	2503	0	0	0
Feb 25 2024	2503	0	0	0
Feb 26 2024	2503	0	0	0
Feb 27 2024	2503	0	0	0
Feb 28 2024	2503	0	0	0
Feb 29 2024	2503	0	0	0
Mar 01 2024	2503	0	0	0
Mar 02 2024	2503	0	0	0
Mar 03 2024	2503	0	0	0
Mar 04 2024	2503	0	0	0
Mar 05 2024	2503	0	0	0
Mar 06 2024	2503	0	0	0
Mar 07 2024	2503	0	0	0
Mar 08 2024	2503	0	0	0
Mar 09 2024	2503	0	0	0
Mar 10 2024	2503	0	0	0
Mar 11 2024	2503	0	0	0
Mar 12 2024	2503	0	0	0
Mar 13 2024	2503	0	0	0
Mar 14 2024	2503	0	0	0
Mar 15 2024	2503	0	0	0
Mar 16 2024	2503	0	0	0
Mar 17 2024	2503	0	0	0
Mar 18 2024	2503	0	0	0
Mar 19 2024	2503	0	0	0
Mar 20 2024	2503	0	0	0
Mar 21 2024	2503	0	0	0
Mar 22 2024	2503	0	0	0
Mar 23 2024	2503	0	0	0
Mar 24 2024	2503	0	0	0
Mar 25 2024	2503	0	0	0
Mar 26 2024	2503	0	0	0
Mar 27 2024	2503	0	0	0
