Date	Active Cases	Daily Death	New cases	Recoverd Cases
Feb 15 2020	0	0	0	0
Feb 16 2020	0	0	0	0
Feb 17 2020	0	0	0	0
Feb 18 2020	0	0	0	0
Feb 19 2020	0	0	0	0
Feb 20 2020	3	0	3	0
Feb 21 2020	14	2	13	0
Feb 22 2020	23	2	11	0
Feb 23 2020	34	2	14	1
Feb 24 2020	46	4	18	2
Feb 25 2020	54	4	34	22
Feb 26 2020	95	3	44	0
Feb 27 2020	165	7	106	29
Feb 28 2020	281	8	143	19
Feb 29 2020	427	9	205	50
Mar 01 2020	749	11	385	52
Mar 02 2020	1144	12	523	116
Mar 03 2020	1824	11	835	144
Mar 04 2020	2278	15	586	117
Mar 05 2020	2666	16	591	187
Mar 06 2020	3710	16	1234	174
Mar 07 2020	4009	21	1076	756
Mar 08 2020	4238	49	743	465
Mar 09 2020	4530	43	595	260
Mar 10 2020	5020	54	881	337
Mar 11 2020	5687	63	958	228
Mar 12 2020	6370	75	1075	317
Mar 13 2020	7321	85	1289	253
Mar 14 2020	7779	97	1365	810
Mar 15 2020	8624	113	1209	251
Mar 16 2020	9142	129	1053	406
Mar 17 2020	9792	135	1178	393
Mar 18 2020	10516	147	1192	321
Mar 19 2020	11144	149	1046	269
Mar 20 2020	11466	149	1237	766
Mar 21 2020	11419	123	966	890
Mar 22 2020	12040	129	1028	278
Mar 23 2020	12861	127	1411	463
Mar 24 2020	13964	122	1762	537
Mar 25 2020	15315	143	2206	712
Mar 26 2020	16715	157	2389	832
Mar 27 2020	18821	144	2926	676
Mar 28 2020	21212	139	3076	546
Mar 29 2020	23278	123	2901	712
Mar 30 2020	24827	117	3186	1520
Mar 31 2020	27051	141	3110	745
Apr 01 2020	29084	138	2988	817
Apr 02 2020	30597	124	2875	1238
Apr 03 2020	31954	134	2715	1224
Apr 04 2020	32555	158	2560	1801
Apr 05 2020	32612	151	2483	2275
Apr 06 2020	32525	136	2274	2225
Apr 07 2020	31678	133	2089	2803
Apr 08 2020	30781	121	1997	2773
Apr 09 2020	29801	117	1634	2497
Apr 10 2020	28495	122	1972	3156
Apr 11 2020	23725	125	1837	6482
Apr 12 2020	23318	117	1657	1947
Apr 13 2020	22735	111	1617	2089
Apr 14 2020	22065	98	1574	2146
Apr 15 2020	21679	94	1512	1804
Apr 16 2020	20897	92	1606	2296
Apr 17 2020	20472	89	1499	1835
Apr 18 2020	19850	73	1374	1923
Apr 19 2020	20070	87	1343	1036
Apr 20 2020	19023	91	1294	2250
Apr 21 2020	18540	88	1297	1692
Apr 22 2020	17492	94	1194	2148
Apr 23 2020	16702	90	1030	1730
Apr 24 2020	16021	93	1168	1756
Apr 25 2020	15485	76	1134	1594
Apr 26 2020	15114	60	1153	1464
Apr 27 2020	14733	96	991	1276
Apr 28 2020	14268	71	1112	1506
Apr 29 2020	13909	80	1073	1352
Apr 30 2020	13509	71	983	1312
May 01 2020	13237	63	1006	1215
May 02 2020	12942	65	802	1032
May 03 2020	12799	47	976	1072
May 04 2020	12991	74	1223	957
May 05 2020	13155	63	1323	1096
May 06 2020	13645	78	1680	1112
May 07 2020	13905	68	1485	1157
May 08 2020	14313	55	1556	1093
May 09 2020	14567	48	1529	1227
May 10 2020	14820	51	1383	1079
May 11 2020	15179	45	1683	1279
May 12 2020	15677	48	1481	935
May 13 2020	16514	50	1958	1071
May 14 2020	17140	71	1808	1111
May 15 2020	17897	48	2102	1297
May 16 2020	18308	35	1757	1311
May 17 2020	18746	51	1806	1317
May 18 2020	19774	69	2294	1197
May 19 2020	20311	62	2111	1512
May 20 2020	20958	64	2346	1635
May 21 2020	21528	66	2392	1756
May 22 2020	22076	51	2311	1712
May 23 2020	22090	59	1869	1796
May 24 2020	22483	58	2180	1729
May 25 2020	22560	34	2023	1912
May 26 2020	22566	57	1787	1724
May 27 2020	22851	56	2080	1739
May 28 2020	23234	63	2258	1812
May 29 2020	24060	50	2819	1943
May 30 2020	24389	57	2282	1896
May 31 2020	24821	63	2516	2021
Jun 01 2020	25563	81	2979	2156
Jun 02 2020	26543	64	3117	2073
Jun 03 2020	27478	70	3134	2129
Jun 04 2020	28714	59	3574	2279
Jun 05 2020	29281	63	2886	2256
Jun 06 2020	29178	75	2269	2297
Jun 07 2020	29159	72	2364	2311
Jun 08 2020	29121	70	2043	2011
Jun 09 2020	29045	74	2095	2097
Jun 10 2020	28842	81	2011	2133
Jun 11 2020	28909	78	2218	2073
Jun 12 2020	29237	75	2389	1986
Jun 13 2020	29477	71	2410	2099
Jun 14 2020	29916	107	2472	1926
Jun 15 2020	30336	113	2449	1916
Jun 16 2020	30699	115	2563	2085
Jun 17 2020	31054	120	2612	2137
Jun 18 2020	31384	87	2596	2179
Jun 19 2020	31678	120	2615	2201
Jun 20 2020	31693	115	2322	2192
Jun 21 2020	31738	116	2368	2207
Jun 22 2020	31356	119	2573	2836
Jun 23 2020	30947	121	2445	2733
Jun 24 2020	30409	133	2531	2936
Jun 25 2020	29863	134	2595	3007
Jun 26 2020	29633	109	2628	2749
Jun 27 2020	29155	125	2456	2809
Jun 28 2020	28851	144	2489	2649
Jun 29 2020	28355	162	2536	2870
Jun 30 2020	28087	147	2457	2578
Jul 01 2020	27766	141	2549	2729
Jul 02 2020	27659	148	2652	2611
Jul 03 2020	27723	154	2566	2348
Jul 04 2020	27521	148	2449	2503
Jul 05 2020	27537	163	2560	2381
Jul 06 2020	27237	160	2613	2753
Jul 07 2020	26757	200	2637	2917
Jul 08 2020	26832	153	2691	2463
Jul 09 2020	25977	221	2079	2713
Jul 10 2020	25258	142	2262	2839
Jul 11 2020	24816	188	2397	2651
Jul 12 2020	24481	194	2186	2327
Jul 13 2020	24081	203	2349	2546
Jul 14 2020	23692	179	2521	2731
Jul 15 2020	23590	199	2388	2291
Jul 16 2020	22845	198	2500	3047
Jul 17 2020	22776	183	2379	2265
Jul 18 2020	22327	188	2166	2427
Jul 19 2020	21812	209	2182	2488
Jul 20 2020	21710	217	2414	2299
Jul 21 2020	21842	229	2625	2264
Jul 22 2020	21720	219	2586	2489
Jul 23 2020	21730	221	2621	2390
Jul 24 2020	22022	215	2489	1982
Jul 25 2020	22036	195	2316	2107
Jul 26 2020	22259	216	2333	1894
Jul 27 2020	22550	212	2434	1931
Jul 28 2020	23107	235	2667	1875
Jul 29 2020	23450	196	2636	2097
Jul 30 2020	23761	226	2621	2084
Jul 31 2020	23919	197	2674	2319
Aug 01 2020	23940	216	2548	2311
Aug 02 2020	24145	208	2685	2272
Aug 03 2020	24402	215	2598	2126
Aug 04 2020	24634	212	2751	2307
Aug 05 2020	24749	185	2697	2397
Aug 06 2020	24678	174	2634	2531
Aug 07 2020	24711	156	2450	2261
Aug 08 2020	24306	132	2125	2398
Aug 09 2020	23914	163	2020	2249
Aug 10 2020	23586	189	2132	2271
Aug 11 2020	23769	184	2345	1978
Aug 12 2020	24467	188	2510	1624
Aug 13 2020	25104	174	2625	1814
Aug 14 2020	25683	169	2501	1753
Aug 15 2020	25948	161	2245	1819
Aug 16 2020	26078	147	2133	1856
Aug 17 2020	26489	165	2247	1671
Aug 18 2020	26982	168	2385	1724
Aug 19 2020	27626	153	2444	1647
Aug 20 2020	28058	139	2279	1708
Aug 21 2020	28522	112	2206	1630
Aug 22 2020	28588	126	2028	1836
Aug 23 2020	28798	141	2113	1762
Aug 24 2020	29009	133	2245	1901
Aug 25 2020	29404	125	2213	1693
Aug 26 2020	29716	119	2243	1812
Aug 27 2020	30021	117	2190	1768
Aug 28 2020	30392	112	2115	1632
Aug 29 2020	30610	110	1905	1577
Aug 30 2020	30687	103	1754	1574
Aug 31 2020	30408	109	1642	1812
Sep 01 2020	30098	101	1682	1891
Sep 02 2020	30154	125	1858	1677
Sep 03 2020	30225	129	1994	1794
Sep 04 2020	30420	118	2026	1713
Sep 05 2020	30381	110	1894	1823
Sep 06 2020	30465	139	1992	1769
Sep 07 2020	30828	117	2152	1672
Sep 08 2020	31156	132	2302	1842
Sep 09 2020	31645	127	2313	1697
Sep 10 2020	31848	129	2063	1731
Sep 11 2020	32349	115	2313	1697
Sep 12 2020	32395	116	2139	1977
Sep 13 2020	32630	128	2089	1726
Sep 14 2020	33322	156	2619	1771
Sep 15 2020	33916	140	2705	1971
Sep 16 2020	34683	179	2981	2035
Sep 17 2020	35493	176	2815	1829
Sep 18 2020	36741	144	3049	1657
Sep 19 2020	37293	166	2845	2127
Sep 20 2020	38269	183	3097	1938
Sep 21 2020	39480	177	3341	1953
Sep 22 2020	40800	178	3712	2214
Sep 23 2020	42112	184	3605	2109
Sep 24 2020	43475	175	3521	1983
Sep 25 2020	44818	207	3563	2013
Sep 26 2020	45641	172	3204	2209
Sep 27 2020	46689	195	3362	2119
Sep 28 2020	47650	190	3512	2361
Sep 29 2020	48924	207	3677	2196
Sep 30 2020	50094	183	3582	2229
Oct 01 2020	51296	211	3825	2412
Oct 02 2020	52765	187	3552	1896
Oct 03 2020	53698	179	3523	2411
Oct 04 2020	54849	211	3653	2291
Oct 05 2020	56189	235	3902	2327
Oct 06 2020	57606	227	4151	2507
Oct 07 2020	59077	239	4019	2309
Oct 08 2020	61048	230	4392	2191
Oct 09 2020	62901	210	4142	2079
Oct 10 2020	64010	195	3875	2571
Oct 11 2020	65142	251	3822	2439
Oct 12 2020	66344	272	4206	2732
Oct 13 2020	67479	254	4108	2719
Oct 14 2020	69039	279	4830	2991
Oct 15 2020	70176	256	4616	3223
Oct 16 2020	71607	265	4552	2856
Oct 17 2020	72446	253	4103	3011
Oct 18 2020	72605	252	3890	3479
Oct 19 2020	72559	337	4251	3960
Oct 20 2020	73960	322	5039	3316
Oct 21 2020	75231	312	5616	4033
Oct 22 2020	76433	304	5471	3965
Oct 23 2020	78221	335	6134	4011
Oct 24 2020	79494	335	5814	4206
Oct 25 2020	81226	296	6191	4163
Oct 26 2020	82653	337	5960	4196
Oct 27 2020	84914	346	6968	4361
Oct 28 2020	87017	415	6824	4306
Oct 29 2020	90230	399	8293	4681
Oct 30 2020	93174	365	8011	4702
Oct 31 2020	95978	386	7820	4630
Nov 01 2020	98502	434	7719	4761
Nov 02 2020	101795	440	8289	4556
Nov 03 2020	106079	422	8932	4226
Nov 04 2020	109185	419	8452	4927
Nov 05 2020	112664	406	8772	4887
Nov 06 2020	116439	424	8864	4665
Nov 07 2020	120265	423	9450	5201
Nov 08 2020	123866	459	9236	5176
Nov 09 2020	128559	458	10463	5312
Nov 10 2020	133392	453	10339	5053
Nov 11 2020	139299	462	11780	5411
Nov 12 2020	144898	457	11517	5461
Nov 13 2020	151098	461	11737	5076
Nov 14 2020	155744	452	11203	6105
Nov 15 2020	161757	459	12543	6071
Nov 16 2020	168443	486	13053	5881
Nov 17 2020	175238	482	13352	6075
Nov 18 2020	181970	480	13421	6209
Nov 19 2020	187996	476	13223	6721
Nov 20 2020	195456	479	13260	5321
Nov 21 2020	200845	431	12931	7111
Nov 22 2020	206114	475	13053	7309
Nov 23 2020	211160	453	12460	6961
Nov 24 2020	217089	483	13721	7309
Nov 25 2020	222572	469	13843	7891
Nov 26 2020	228382	482	13961	7669
Nov 27 2020	235237	406	14051	6790
Nov 28 2020	239483	390	13402	8766
Nov 29 2020	242582	390	12950	9461
Nov 30 2020	245673	371	13321	9859
Dec 01 2020	249360	382	13881	9812
Dec 02 2020	252528	362	13621	10091
Dec 03 2020	254831	358	13922	11261
Dec 04 2020	259034	347	13341	8791
Dec 05 2020	259262	321	12151	11602
Dec 06 2020	259439	294	11561	11090
Dec 07 2020	257825	284	10827	12157
Dec 08 2020	257256	323	11023	11269
Dec 09 2020	255769	295	10223	11415
Dec 10 2020	253361	283	10403	12528
Dec 11 2020	253036	233	9594	9686
Dec 12 2020	248016	221	8201	13000
Dec 13 2020	243803	247	7451	11417
Dec 14 2020	240092	251	7501	10961
Dec 15 2020	237528	223	7704	10045
Dec 16 2020	233764	213	7603	11154
Dec 17 2020	228922	212	7453	12083
Dec 18 2020	226904	178	7121	8961
Dec 19 2020	222681	175	6421	10469
Dec 20 2020	219705	177	6312	9111
Dec 21 2020	216353	191	6151	9312
Dec 22 2020	212742	187	6208	9632
Dec 23 2020	208654	153	6261	10196
Dec 24 2020	204189	152	6178	10491
Dec 25 2020	201027	132	6021	9051
Dec 26 2020	197841	134	5760	8812
Dec 27 2020	193912	119	5502	9312
Dec 28 2020	190808	121	5908	8891
Dec 29 2020	188127	132	6108	8657
Dec 30 2020	184943	149	6271	9306
Dec 31 2020	181087	128	6391	10119
Jan 01 2021	180522	114	6286	6737
Jan 02 2021	177710	101	6045	8756
Jan 03 2021	174876	102	5960	8692
Jan 04 2021	173120	110	6073	7719
Jan 05 2021	170844	98	6113	8291
Jan 06 2021	165552	82	6283	11493
Jan 07 2021	161777	103	6360	10032
Jan 08 2021	159842	85	6251	8101
Jan 09 2021	156872	82	5924	8812
Jan 10 2021	155348	71	5968	7421
Jan 11 2021	154616	91	6208	6849
Jan 12 2021	154197	98	6408	6729
Jan 13 2021	154494	97	6317	5923
Jan 14 2021	153673	81	6471	7211
Jan 15 2021	154663	83	6485	5412
Jan 16 2021	154454	96	6100	6213
Jan 17 2021	154471	86	6016	5913
Jan 18 2021	153832	83	5806	6362
Jan 19 2021	153278	87	5917	6384
Jan 20 2021	153447	84	6182	5929
Jan 21 2021	152848	93	6231	6737
Jan 22 2021	151924	75	6278	7127
Jan 23 2021	151263	69	6207	6799
Jan 24 2021	150800	89	5945	6319
Jan 25 2021	150735	98	6309	6276
Jan 26 2021	150779	79	6420	6297
Jan 27 2021	151200	91	6608	6096
Jan 28 2021	151130	85	6527	6512
Jan 29 2021	151233	71	6573	6399
Jan 30 2021	150949	82	6317	6519
Jan 31 2021	149989	70	6268	7158
Feb 01 2021	150253	79	6597	6254
Feb 02 2021	150109	72	6820	6892
Feb 03 2021	150706	79	6870	6194
Feb 04 2021	151482	67	7033	6190
Feb 05 2021	152731	80	7068	5739
Feb 06 2021	153584	76	6983	6054
Feb 07 2021	154412	57	7065	6180
Feb 08 2021	155175	67	7321	6491
Feb 09 2021	156253	89	7640	6473
Feb 10 2021	158008	61	7585	5769
Feb 11 2021	158847	65	7474	6570
Feb 12 2021	159930	58	7298	6157
Feb 13 2021	160264	74	7120	6712
Feb 14 2021	161295	62	7390	6297
Feb 15 2021	162665	83	7760	6307
Feb 16 2021	164096	89	8011	6491
Feb 17 2021	165280	67	8042	6791
Feb 18 2021	166647	80	8066	6619
Feb 19 2021	167656	77	8017	6931
Feb 20 2021	168795	68	7922	6715
Feb 21 2021	169738	74	7931	6914
Feb 22 2021	171313	89	8263	6599
Feb 23 2021	172401	91	8330	7151
Feb 24 2021	173886	73	8270	6712
Feb 25 2021	174943	94	8206	7055
Feb 26 2021	175363	69	8103	7614
Feb 27 2021	176645	81	7975	6612
Feb 28 2021	177971	93	8010	6591
Mar 01 2021	179564	108	8510	6809
Mar 02 2021	181062	86	8495	6911
Mar 03 2021	182629	86	8525	6872
Mar 04 2021	183714	78	8404	7241
Mar 05 2021	184950	81	8367	7050
Mar 06 2021	185731	82	8212	7349
Mar 07 2021	186807	93	8010	6841
Mar 08 2021	187869	99	8313	7152
Mar 09 2021	188933	81	8554	7409
Mar 10 2021	189966	61	8603	7509
Mar 11 2021	191275	88	8308	6911
Mar 12 2021	192901	53	8088	6409
Mar 13 2021	193039	73	7802	7591
Mar 14 2021	193235	88	7593	7309
Mar 15 2021	194302	100	7980	6813
Mar 16 2021	195526	97	8380	7059
Mar 17 2021	195562	65	7802	7701
Mar 18 2021	195687	89	7530	7316
Mar 19 2021	195922	68	7620	7317
Mar 20 2021	195475	75	7540	7912
Mar 21 2021	196149	73	7260	6513
Mar 22 2021	196896	80	7357	6530
Mar 23 2021	197995	74	7290	6117
Mar 24 2021	198563	94	7605	6943
Mar 25 2021	198984	97	7506	6988
Mar 26 2021	199172	81	7980	7711
Mar 27 2021	199501	85	8120	7706
Mar 28 2021	200058	89	8751	8105
Mar 29 2021	202018	81	9310	7269
Mar 30 2021	203858	91	10250	8319
Mar 31 2021	205566	96	10330	8526
Apr 01 2021	208411	94	11750	8811
Apr 02 2021	212149	117	11660	7805
Apr 03 2021	214977	123	11420	8469
Apr 04 2021	218345	161	11680	8151
Apr 05 2021	223654	172	13890	8409
Apr 06 2021	232809	174	17430	8101
Apr 07 2021	244758	193	20954	8812
Apr 08 2021	258480	185	22586	8679
Apr 09 2021	272368	155	22478	8435
Apr 10 2021	282784	193	19666	9057
Apr 11 2021	294677	258	21063	8912
Apr 12 2021	308604	274	23311	9110
Apr 13 2021	323864	291	24760	9209
Apr 14 2021	339433	304	25582	9709
Apr 15 2021	354151	321	25078	10039
Apr 16 2021	366628	328	25261	12456
Apr 17 2021	376430	319	21312	11191
Apr 18 2021	384999	405	21644	12670
Apr 19 2021	396986	398	24346	11961
Apr 20 2021	408871	395	25492	13212
Apr 21 2021	419942	388	24886	13427
Apr 22 2021	429949	453	24092	13632
Apr 23 2021	439272	380	22904	13201
Apr 24 2021	444514	374	18230	12614
Apr 25 2021	449113	454	19165	14112
Apr 26 2021	454931	496	21026	14712
Apr 27 2021	460471	462	20963	14961
Apr 28 2021	465859	434	21713	15891
Apr 29 2021	470390	385	19899	14983
Apr 30 2021	472998	407	19272	16257
May 01 2021	473003	332	17080	16743
May 02 2021	474206	394	18698	17101
May 03 2021	477763	391	20732	16784
May 04 2021	479932	344	20150	17637
May 05 2021	478614	349	15872	16841
May 06 2021	478420	338	18409	18265
May 07 2021	478764	335	17076	16397
May 08 2021	473765	283	13576	18292
May 09 2021	470199	386	14141	17321
May 10 2021	470766	351	18408	17490
May 11 2021	471587	307	18133	17005
May 12 2021	469740	366	16409	17890
May 13 2021	465886	297	14246	17803
May 14 2021	459522	202	10145	16307
May 15 2021	452391	200	7723	14654
May 16 2021	448108	303	11291	15271
May 17 2021	446240	286	14319	15901
May 18 2021	443837	310	13930	16023
May 19 2021	441720	233	12789	14673
May 20 2021	436025	229	12428	17894
May 21 2021	432864	200	11250	14211
May 22 2021	425760	187	8005	14922
May 23 2021	420132	216	8631	14043
May 24 2021	416923	251	11005	13963
May 25 2021	413912	208	11873	14676
May 26 2021	407506	163	10468	16711
May 27 2021	399934	165	9994	17401
May 28 2021	396291	184	10253	13712
May 29 2021	388444	173	7107	14781
May 30 2021	380627	198	8876	16495
May 31 2021	374296	217	11042	17156
Jun 01 2021	365900	171	10687	18912
Jun 02 2021	360847	161	11620	16512
Jun 03 2021	355535	170	9657	14799
Jun 04 2021	350794	155	9209	13795
Jun 05 2021	342718	128	6442	14390
Jun 06 2021	332899	122	5612	15309
Jun 07 2021	324115	120	4907	13571
Jun 08 2021	320491	179	8846	12291
Jun 09 2021	318513	157	10598	12419
Jun 10 2021	309349	153	12398	21409
Jun 11 2021	306480	124	9966	12711
Jun 12 2021	298330	115	7444	15479
Jun 13 2021	293827	187	8195	12511
Jun 14 2021	290614	119	10715	13809
Jun 15 2021	284087	134	10216	16609
Jun 16 2021	281221	129	10487	13224
Jun 17 2021	279064	139	10291	12309
Jun 18 2021	275168	127	10100	13869
Jun 19 2021	268107	108	6448	13401
Jun 20 2021	263850	111	8161	12307
Jun 21 2021	262290	136	10485	11909
Jun 22 2021	262414	116	11716	11476
Jun 23 2021	261052	112	11059	12309
Jun 24 2021	259551	144	11734	13091
Jun 25 2021	257766	115	10820	12490
Jun 26 2021	251568	123	7034	13109
Jun 27 2021	248263	134	9758	12929
Jun 28 2021	248065	140	12351	12409
Jun 29 2021	246421	142	12717	14219
Jun 30 2021	243465	137	11748	14567
Jul 01 2021	244532	125	14303	13111
Jul 02 2021	246040	127	13836	12201
Jul 03 2021	241580	111	8341	12690
Jul 04 2021	243760	165	13781	11436
Jul 05 2021	245020	157	16025	14608
Jul 06 2021	248242	146	16080	12712
Jul 07 2021	251053	166	17212	14235
Jul 08 2021	261110	136	23391	13198
Jul 09 2021	263384	146	16596	14176
Jul 10 2021	260002	151	11664	14895
Jul 11 2021	261680	165	17664	15821
Jul 12 2021	266697	182	20829	15630
Jul 13 2021	274662	166	22750	14619
Jul 14 2021	284066	184	23371	13783
Jul 15 2021	291446	201	23655	16074
Jul 16 2021	297531	199	21885	15601
Jul 17 2021	295764	175	15139	16731
Jul 18 2021	301042	195	22184	16711
Jul 19 2021	308677	213	25441	17593
Jul 20 2021	319690	250	27444	16181
Jul 21 2021	329744	213	27379	17112
Jul 22 2021	331641	226	20313	18190
Jul 23 2021	336936	210	21814	16309
Jul 24 2021	336582	259	18632	18727
Jul 25 2021	345776	268	27146	17684
Jul 26 2021	359778	322	31814	17490
Jul 27 2021	376739	357	34951	17633
Jul 28 2021	392069	303	33817	18184
Jul 29 2021	407308	292	34433	18902
Jul 30 2021	412455	270	24715	19298
Jul 31 2021	413106	286	19846	18909
Aug 01 2021	427328	366	32511	17923
Aug 02 2021	444768	411	37189	19338
Aug 03 2021	463292	378	39019	20117
Aug 04 2021	482092	409	39357	20148
Aug 05 2021	497365	434	38674	22967
Aug 06 2021	507117	458	34913	24703
Aug 07 2021	510374	387	26439	22795
Aug 08 2021	525679	542	39619	23772
Aug 09 2021	539359	588	40808	26540
Aug 10 2021	552252	508	39139	25738
Aug 11 2021	567346	536	42541	26911
Aug 12 2021	577035	568	39049	28792
Aug 13 2021	588114	527	39119	27513
Aug 14 2021	591049	466	29700	26299
Aug 15 2021	599053	620	36736	28112
Aug 16 2021	611375	655	41194	28217
Aug 17 2021	631647	625	50228	29331
Aug 18 2021	642599	583	39174	27639
Aug 19 2021	646860	564	31266	26441
Aug 20 2021	647510	555	28833	27628
Aug 21 2021	636533	544	24179	34612
Aug 22 2021	642604	684	36419	29664
Aug 23 2021	652099	610	38657	28552
Aug 24 2021	659826	709	40623	32187
Aug 25 2021	671511	665	39983	27633
Aug 26 2021	675397	694	36758	32178
Aug 27 2021	679136	571	36279	31969
Aug 28 2021	672449	614	26034	32107
Aug 29 2021	673740	581	31516	29644
Aug 30 2021	678188	669	33780	28663
Aug 31 2021	678342	643	31319	30522
Sep 01 2021	679525	599	33170	31388
Sep 02 2021	677016	595	30279	32193
Sep 03 2021	671573	561	27621	32503
Sep 04 2021	660581	515	20404	30881
Sep 05 2021	655919	610	25870	29922
Sep 06 2021	651646	583	27579	31269
Sep 07 2021	649492	635	27138	28657
Sep 08 2021	644897	538	26854	30911
Sep 09 2021	643050	505	26821	28163
Sep 10 2021	635628	445	21114	28091
Sep 11 2021	623324	444	16654	28514
Sep 12 2021	613239	487	20219	29817
Sep 13 2021	606353	448	22541	28979
Sep 14 2021	598462	408	22329	29812
Sep 15 2021	590210	452	19731	27531
Sep 16 2021	579632	453	18021	28146
Sep 17 2021	571382	364	17605	25491
Sep 18 2021	555173	355	12847	28701
Sep 19 2021	542655	391	15975	28102
Sep 20 2021	532589	344	17397	27119
Sep 21 2021	522668	379	17564	27106
Sep 22 2021	512267	286	17433	27548
Sep 23 2021	502218	317	16362	26094
Sep 24 2021	492217	284	15294	25011
Sep 25 2021	479678	280	10843	23102
Sep 26 2021	470073	288	13792	23109
Sep 27 2021	462243	289	14470	22011
Sep 28 2021	451694	239	11701	22011
Sep 29 2021	443129	272	13271	21564
Sep 30 2021	434920	268	14078	22019
Oct 01 2021	427351	235	14525	21859
Oct 02 2021	415338	217	10135	21931
Oct 03 2021	407392	229	12428	20145
Oct 04 2021	401592	238	14607	20169
Oct 05 2021	394511	216	13226	20091
Oct 06 2021	387631	216	10497	17161
Oct 07 2021	382072	233	11625	16951
Oct 08 2021	375687	185	9897	16097
Oct 09 2021	367749	173	7654	15419
Oct 10 2021	362299	222	11256	16484
Oct 11 2021	359516	276	13504	16011
Oct 12 2021	356748	213	13391	15946
Oct 13 2021	354033	194	12298	14819
Oct 14 2021	349925	223	11964	15849
Oct 15 2021	347228	197	11857	14357
Oct 16 2021	339551	181	7515	15011
Oct 17 2021	336632	199	11396	14116
Oct 18 2021	339099	181	11844	9196
Oct 19 2021	338061	167	13308	14179
Oct 20 2021	335963	162	11770	13706
Oct 21 2021	333287	178	11788	14286
Oct 22 2021	331165	165	11064	13021
Oct 23 2021	323753	124	7081	14369
Oct 24 2021	318930	171	9174	13826
Oct 25 2021	313015	140	7516	13291
Oct 26 2021	308694	156	9096	13261
Oct 27 2021	307055	197	10644	12086
Oct 28 2021	305014	159	11409	13291
Oct 29 2021	301667	123	9893	13117
Oct 30 2021	295396	128	6809	12952
Oct 31 2021	289520	177	8427	14126
Nov 01 2021	286108	153	9857	13116
Nov 02 2021	283316	160	10104	12736
Nov 03 2021	280850	147	10363	12682
Nov 04 2021	276952	158	9862	13602
Nov 05 2021	272158	132	8633	13295
Nov 06 2021	264542	120	6803	14299
Nov 07 2021	258751	126	7554	13219
Nov 08 2021	253256	140	8341	13696
Nov 09 2021	247313	112	8305	14136
Nov 10 2021	241341	135	7948	13785
Nov 11 2021	235691	123	7539	13066
Nov 12 2021	228695	109	7322	14209
Nov 13 2021	220075	124	4306	12802
Nov 14 2021	213602	125	6143	12491
Nov 15 2021	208687	105	7494	12304
Nov 16 2021	202343	134	6430	12640
Nov 17 2021	195181	125	6251	13288
Nov 18 2021	188654	103	5882	12306
Nov 19 2021	181447	100	5784	12891
Nov 20 2021	172883	118	3539	11985
Nov 21 2021	165057	104	4340	12062
Nov 22 2021	158760	89	5427	11635
Nov 23 2021	151735	140	5144	12029
Nov 24 2021	144517	95	4813	11936
Nov 25 2021	137643	96	4850	11628
Nov 26 2021	130724	86	4384	11217
Nov 27 2021	122486	87	3045	11196
Nov 28 2021	116005	80	3781	10182
Nov 29 2021	110040	82	4310	10193
Nov 30 2021	104145	119	4253	10029
Dec 01 2021	99271	82	4312	9104
Dec 02 2021	94076	76	3839	8958
Dec 03 2021	90232	78	3603	7369
Dec 04 2021	85033	58	2157	7298
Dec 05 2021	80949	76	3109	7117
Dec 06 2021	77042	77	3356	7186
Dec 07 2021	74004	79	3514	6473
Dec 08 2021	70731	90	3309	6492
Dec 09 2021	66923	78	3228	6958
Dec 10 2021	63223	79	2971	6592
Dec 11 2021	58490	58	1681	6356
Dec 12 2021	54500	61	2289	6218
Dec 13 2021	51351	42	2706	5813
Dec 14 2021	48906	67	2784	5162
Dec 15 2021	46336	52	2651	5169
Dec 16 2021	43610	63	2500	5163
Dec 17 2021	40924	46	2196	4836
Dec 18 2021	38118	41	1361	4126
Dec 19 2021	35619	50	1968	4417
Dec 20 2021	32756	41	2390	5212
Dec 21 2021	31920	43	2413	3206
Dec 22 2021	30350	44	2103	3629
Dec 23 2021	29212	51	1932	3019
Dec 24 2021	28328	44	1967	2807
Dec 25 2021	27346	42	1121	2061
Dec 26 2021	26984	52	1857	2167
Dec 27 2021	26800	34	1967	2117
Dec 28 2021	26751	40	2128	2137
Dec 29 2021	26620	53	1905	1983
Dec 30 2021	26305	45	1936	2206
Dec 31 2021	25705	34	1703	2269
Jan 01 2022	24593	33	1002	2081
Jan 02 2022	24336	41	1510	1726
Jan 03 2022	24299	22	1677	1692
Jan 04 2022	24313	34	1706	1658
Jan 05 2022	23799	42	1171	1643
Jan 06 2022	23716	24	1579	1638
Jan 07 2022	23446	19	1178	1429
Jan 08 2022	22595	26	701	1526
Jan 09 2022	22715	31	1480	1329
Jan 10 2022	23181	37	1932	1429
Jan 11 2022	23688	25	1961	1429
Jan 12 2022	23782	32	2089	1963
Jan 13 2022	24193	30	2394	1953
Jan 14 2022	24614	24	2539	2094
Jan 15 2022	24064	18	1421	1953
Jan 16 2022	24312	31	2292	2013
Jan 17 2022	25282	20	3163	2173
Jan 18 2022	26753	18	3653	2164
Jan 19 2022	28560	19	4060	2234
Jan 20 2022	31003	20	4658	2195
Jan 21 2022	33941	20	5276	2318
Jan 22 2022	35120	30	3503	2294
Jan 23 2022	37917	28	5144	2319
Jan 24 2022	43171	21	7691	2416
Jan 25 2022	50212	23	9378	2314
Jan 26 2022	58740	29	11851	3294
Jan 27 2022	69482	30	14285	3513
Jan 28 2022	82682	23	16757	3534
Jan 29 2022	91128	24	11731	3261
Jan 30 2022	109465	44	21996	3615
Jan 31 2022	134278	30	28995	4152
Feb 01 2022	165125	50	35070	4173
Feb 02 2022	198707	59	38160	4519
Feb 03 2022	229822	61	37395	6219
Feb 04 2022	257460	57	36908	9213
Feb 05 2022	272400	64	23130	8126
Feb 06 2022	293528	85	35429	14216
Feb 07 2022	314564	104	39819	18679
Feb 08 2022	333048	114	38757	20159
Feb 09 2022	347854	116	39085	24163
Feb 10 2022	359231	130	33681	22174
Feb 11 2022	368178	143	31247	22157
Feb 12 2022	365609	133	18598	21034
Feb 13 2022	373820	148	25812	17453
Feb 14 2022	374135	168	28956	28473
Feb 15 2022	374660	167	25034	24342
Feb 16 2022	368649	185	16310	22136
Feb 17 2022	356869	182	17545	29143
Feb 18 2022	351432	187	19317	24567
Feb 19 2022	332058	191	12058	31241
Feb 20 2022	317492	242	16967	31291
Feb 21 2022	308850	236	19110	27516
Feb 22 2022	308383	223	22073	22317
Feb 23 2022	301873	227	15340	21623
Feb 24 2022	296212	226	12957	18392
Feb 25 2022	285321	214	11972	22649
Feb 26 2022	277920	224	7039	14216
Feb 27 2022	269710	241	9524	17493
Feb 28 2022	262403	207	10962	18062
Mar 01 2022	257975	226	9312	13514
Mar 02 2022	251630	203	6234	12376
Mar 03 2022	239814	172	6772	18416
Mar 04 2022	233493	154	6470	12637
Mar 05 2022	227555	154	4089	9873
Mar 06 2022	221626	201	5586	11314
Mar 07 2022	218391	168	6426	9493
Mar 08 2022	216829	144	5841	7259
Mar 09 2022	214500	173	5008	7164
Mar 10 2022	213127	139	6424	7658
Mar 11 2022	210581	120	3953	6379
Mar 12 2022	206735	139	2219	5926
Mar 13 2022	204195	118	3330	5752
Mar 14 2022	201910	114	3813	5984
Mar 15 2022	199095	117	3223	5921
Mar 16 2022	195500	109	3010	6496
Mar 17 2022	191251	98	2580	6731
Mar 18 2022	186411	91	2175	6924
Mar 19 2022	182495	72	1323	5167
Mar 20 2022	178900	60	1814	5349
Mar 21 2022	173913	52	1258	6193
Mar 22 2022	170323	73	1120	4637
Mar 23 2022	167009	67	1123	4370
Mar 24 2022	163909	63	1345	4382
Mar 25 2022	161260	52	1530	4127
Mar 26 2022	158293	54	1382	4295
Mar 27 2022	156251	50	2299	4291
Mar 28 2022	155168	42	2915	3956
Mar 29 2022	153339	46	2743	4526
Mar 30 2022	151140	49	2987	5137
Mar 31 2022	148374	46	2487	5207
Apr 01 2022	146410	36	2264	4192
Apr 02 2022	144064	37	1887	4196
Apr 03 2022	140389	38	1275	4912
Apr 04 2022	140029	53	3519	3826
Apr 05 2022	139412	39	4615	5193
Apr 06 2022	139460	44	4228	4136
Apr 07 2022	138583	41	3800	4636
Apr 08 2022	136497	36	3184	5234
Apr 09 2022	134238	49	1757	3967
Apr 10 2022	132167	39	2894	4926
Apr 11 2022	131489	34	3125	3769
Apr 12 2022	129785	28	2737	4413
Apr 13 2022	128641	33	2356	3467
Apr 14 2022	126647	33	2194	4155
Apr 15 2022	124792	33	1994	3816
Apr 16 2022	122044	23	1015	3740
Apr 17 2022	120286	29	1895	3624
Apr 18 2022	119168	25	2009	3102
Apr 19 2022	117904	23	1820	3061
Apr 20 2022	116558	19	1607	2934
Apr 21 2022	114844	23	1413	3104
Apr 22 2022	113004	11	1096	2925
Apr 23 2022	110559	32	608	3021
Apr 24 2022	108111	13	528	2963
Apr 25 2022	106651	21	1077	2516
Apr 26 2022	105114	28	1307	2816
Apr 27 2022	103245	17	1009	2861
Apr 28 2022	101584	17	969	2613
Apr 29 2022	99566	14	719	2723
Apr 30 2022	97068	11	532	3019
May 01 2022	94696	13	655	3014
May 02 2022	92533	18	697	2842
May 03 2022	90444	17	571	2643
May 04 2022	87833	7	252	2856
May 05 2022	85861	7	228	2193
May 06 2022	83565	12	375	2659
May 07 2022	81278	8	270	2549
May 08 2022	78592	12	488	3162
May 09 2022	76339	12	570	2811
May 10 2022	74329	3	460	2467
May 11 2022	72704	6	453	2072
May 12 2022	71059	3	371	2013
May 13 2022	69542	8	385	1894
May 14 2022	67599	7	255	2191
May 15 2022	65992	8	368	1967
May 16 2022	64291	8	383	2076
May 17 2022	62763	4	352	1876
May 18 2022	61097	8	288	1946
May 19 2022	59610	9	280	1758
May 20 2022	57965	9	228	1864
May 21 2022	56258	9	159	1857
May 22 2022	54793	3	312	1774
May 23 2022	53242	7	268	1812
May 24 2022	51765	7	268	1738
May 25 2022	50247	5	293	1806
May 26 2022	48678	3	217	1783
May 27 2022	47111	6	185	1746
May 28 2022	45582	4	103	1628
May 29 2022	44118	2	175	1637
May 30 2022	42675	2	240	1681
May 31 2022	41277	5	232	1625
Jun 01 2022	39926	3	234	1582
Jun 02 2022	38848	0	175	1253
Jun 03 2022	37804	3	171	1212
Jun 04 2022	36758	7	64	1103
Jun 05 2022	35907	3	53	901
Jun 06 2022	35252	1	59	713
Jun 07 2022	34674	7	139	710
Jun 08 2022	34348	3	188	511
Jun 09 2022	34038	1	202	511
Jun 10 2022	33780	0	153	411
Jun 11 2022	33514	6	56	316
Jun 12 2022	33366	1	160	307
Jun 13 2022	33275	2	192	281
Jun 14 2022	33162	1	162	274
Jun 15 2022	33126	4	179	211
Jun 16 2022	33073	3	146	196
Jun 17 2022	33065	1	156	163
Jun 18 2022	32951	2	74	186
Jun 19 2022	32948	0	160	163
Jun 20 2022	33000	3	231	176
Jun 21 2022	32992	4	187	191
Jun 22 2022	33078	3	265	176
Jun 23 2022	33171	4	256	159
Jun 24 2022	33197	2	232	204
Jun 25 2022	33165	4	136	164
Jun 26 2022	33249	2	297	211
Jun 27 2022	33366	1	352	234
Jun 28 2022	33572	0	443	237
Jun 29 2022	33802	0	441	211
Jun 30 2022	34080	3	529	248
Jul 01 2022	34348	1	463	194
Jul 02 2022	34401	0	251	198
Jul 03 2022	34875	6	717	237
Jul 04 2022	35681	8	1007	193
Jul 05 2022	36588	4	1084	173
Jul 06 2022	37660	5	1271	194
Jul 07 2022	39235	7	1775	193
Jul 08 2022	41038	7	2013	203
Jul 09 2022	41742	2	894	188
Jul 10 2022	43453	10	2375	654
Jul 11 2022	44901	5	1453	0
Jul 12 2022	48093	7	3588	389
Jul 13 2022	52572	5	5000	516
Jul 14 2022	57312	8	5234	486
Jul 15 2022	61378	13	4772	693
Jul 16 2022	63547	9	2704	526
Jul 17 2022	68642	13	5751	643
Jul 18 2022	73662	14	5687	653
Jul 19 2022	78347	19	5377	673
Jul 20 2022	84692	32	7093	716
Jul 21 2022	91952	29	7915	626
Jul 22 2022	99129	31	7851	643
Jul 23 2022	105313	26	6921	711
Jul 24 2022	113327	34	8831	783
Jul 25 2022	122045	33	9775	1024
Jul 26 2022	132210	41	11035	829
Jul 27 2022	141775	37	10526	924
Jul 28 2022	150251	42	9456	938
Jul 29 2022	156801	54	7849	1245
Jul 30 2022	160123	46	4505	1137
Jul 31 2022	168447	61	9727	1342
Aug 01 2022	176425	62	9699	1659
Aug 02 2022	183282	74	9350	2419
Aug 03 2022	189128	75	8540	2619
Aug 04 2022	192508	81	7415	3954
Aug 05 2022	193288	47	5455	4628
Aug 06 2022	192068	61	3460	4619
Aug 07 2022	191509	63	5477	5973
Aug 08 2022	188396	54	3379	6438
Aug 09 2022	182493	49	2343	8197
Aug 10 2022	178390	90	5635	9648
Aug 11 2022	176165	84	7396	9537
Aug 12 2022	171904	68	6404	10597
Aug 13 2022	164450	55	3315	10714
Aug 14 2022	160405	83	6279	10241
Aug 15 2022	158424	71	7348	9258
Aug 16 2022	155070	78	5972	9248
Aug 17 2022	148407	67	4824	11420
Aug 18 2022	144048	62	4527	8824
Aug 19 2022	139538	66	3690	8134
Aug 20 2022	133680	44	1835	7649
Aug 21 2022	129579	55	3245	7291
Aug 22 2022	125441	62	4087	8163
Aug 23 2022	120966	56	3228	7647
Aug 24 2022	116151	45	2667	7437
Aug 25 2022	111451	62	2378	7016
Aug 26 2022	106322	35	2019	7113
Aug 27 2022	100627	37	976	6634
Aug 28 2022	95857	44	1693	6419
Aug 29 2022	93102	48	1966	4673
Aug 30 2022	91113	44	1871	3816
Aug 31 2022	88411	47	1462	4117
Sep 01 2022	86462	27	1364	3286
Sep 02 2022	84693	23	1067	2813
Sep 03 2022	82801	30	532	2394
Sep 04 2022	81800	48	1163	2116
Sep 05 2022	80736	24	1095	2135
Sep 06 2022	80478	29	1090	1319
Sep 07 2022	80295	37	945	1091
Sep 08 2022	80152	23	864	984
Sep 09 2022	79908	27	700	917
Sep 10 2022	79290	19	344	943
Sep 11 2022	79080	24	696	882
Sep 12 2022	79055	21	877	881
Sep 13 2022	78805	22	618	846
Sep 14 2022	78608	22	646	821
Sep 15 2022	78474	15	624	743
Sep 16 2022	78396	15	644	707
Sep 17 2022	77942	14	303	743
Sep 18 2022	77580	14	289	637
Sep 19 2022	77771	18	726	517
Sep 20 2022	78224	25	992	514
Sep 21 2022	78610	14	811	411
Sep 22 2022	78679	6	504	429
Sep 23 2022	78703	3	421	394
Sep 24 2022	78697	15	397	388
Sep 25 2022	78712	12	416	389
Sep 26 2022	78635	8	308	377
Sep 27 2022	78555	7	309	382
Sep 28 2022	78493	7	262	317
Sep 29 2022	78529	5	352	311
Sep 30 2022	78571	5	328	281
Oct 01 2022	78795	3	538	311
Oct 02 2022	78901	10	400	284
Oct 03 2022	79065	9	435	262
Oct 04 2022	79186	10	380	249
Oct 05 2022	79258	8	290	210
Oct 06 2022	79232	3	165	188
Oct 07 2022	79202	2	166	194
Oct 08 2022	79346	7	335	184
Oct 09 2022	79469	8	323	192
Oct 10 2022	79985	4	724	204
Oct 11 2022	80162	8	408	223
Oct 12 2022	80321	4	357	194
Oct 13 2022	80391	4	285	211
Oct 14 2022	80341	4	155	201
Oct 15 2022	80546	6	397	186
Oct 16 2022	80671	3	327	199
Oct 17 2022	80836	4	370	201
Oct 18 2022	80943	4	307	196
Oct 19 2022	81096	4	345	188
Oct 20 2022	81101	5	200	190
Oct 21 2022	81052	4	139	184
Oct 22 2022	81082	3	209	176
Oct 23 2022	81096	1	194	179
Oct 24 2022	81416	4	535	211
Oct 25 2022	81448	7	222	183
Oct 26 2022	81420	4	170	194
Oct 27 2022	81331	3	110	196
Oct 28 2022	81243	3	106	191
Oct 29 2022	81198	6	124	163
Oct 30 2022	81099	0	73	172
Oct 31 2022	81124	5	213	183
Nov 01 2022	81102	4	155	173
Nov 02 2022	81217	0	115	0
Nov 03 2022	80892	3	42	364
Nov 04 2022	80762	4	40	166
Nov 05 2022	80667	5	76	166
Nov 06 2022	80584	4	64	143
Nov 07 2022	80763	4	360	177
Nov 08 2022	80698	4	91	152
Nov 09 2022	80635	1	97	159
Nov 10 2022	80553	2	72	152
Nov 11 2022	80460	2	50	141
Nov 12 2022	80404	1	81	136
Nov 13 2022	80325	2	57	134
Nov 14 2022	80254	1	51	121
Nov 15 2022	80192	0	54	116
Nov 16 2022	80150	2	74	114
Nov 17 2022	80070	2	35	113
Nov 18 2022	80012	3	47	102
Nov 19 2022	79972	5	47	82
Nov 20 2022	79938	1	38	71
Nov 21 2022	79938	1	72	71
Nov 22 2022	79912	3	48	71
Nov 23 2022	79887	2	30	53
Nov 24 2022	79866	1	21	41
Nov 25 2022	79856	0	25	35
Nov 26 2022	79859	0	34	31
Nov 27 2022	79884	0	63	38
Nov 28 2022	79887	0	45	42
Nov 29 2022	79884	0	30	33
Nov 30 2022	79895	0	42	31
Dec 01 2022	79896	1	31	29
Dec 02 2022	79891	0	23	28
Dec 03 2022	79896	3	39	31
Dec 04 2022	79914	3	56	35
Dec 05 2022	79949	5	69	29
Dec 06 2022	79953	3	34	27
Dec 07 2022	79967	1	41	26
Dec 08 2022	79982	2	49	32
Dec 09 2022	79971	1	19	29
Dec 10 2022	79979	6	38	24
Dec 11 2022	80003	0	57	33
Dec 12 2022	80022	0	55	36
Dec 13 2022	80052	0	30	0
Dec 14 2022	80039	0	47	60
Dec 15 2022	80040	1	29	27
Dec 16 2022	80089	0	49	0
Dec 17 2022	80045	2	17	59
Dec 18 2022	80070	3	55	27
Dec 19 2022	80112	0	75	33
Dec 20 2022	80135	3	62	36
Dec 21 2022	80149	5	48	29
Dec 22 2022	80160	0	38	27
Dec 23 2022	80147	1	21	33
Dec 24 2022	80157	0	43	33
Dec 25 2022	80180	1	61	37
Dec 26 2022	80213	1	60	26
Dec 27 2022	80213	2	35	33
Dec 28 2022	80237	0	60	36
Dec 29 2022	80245	5	51	38
Dec 30 2022	80271	0	60	34
Dec 31 2022	80309	3	82	41
Jan 01 2023	80346	3	73	33
Jan 02 2023	80396	5	96	41
Jan 03 2023	80474	3	119	38
Jan 04 2023	80551	0	113	36
Jan 05 2023	80601	3	83	30
Jan 06 2023	80631	5	77	42
Jan 07 2023	80695	2	107	41
Jan 08 2023	80774	2	117	36
Jan 09 2023	80861	2	135	46
Jan 10 2023	80928	7	109	35
Jan 11 2023	80980	3	106	51
Jan 12 2023	81032	2	96	42
Jan 13 2023	81068	1	75	38
Jan 14 2023	81080	1	49	36
Jan 15 2023	81144	3	115	48
Jan 16 2023	81237	0	145	52
Jan 17 2023	81310	1	113	39
Jan 18 2023	81386	0	130	54
Jan 19 2023	81436	2	98	46
Jan 20 2023	81456	2	71	49
Jan 21 2023	81522	2	106	38
Jan 22 2023	81586	1	112	47
Jan 23 2023	81662	2	120	42
Jan 24 2023	81723	4	118	53
Jan 25 2023	81779	3	105	46
Jan 26 2023	81813	0	97	63
Jan 27 2023	81848	0	98	63
Jan 28 2023	81923	0	123	48
Jan 29 2023	81966	3	100	54
Jan 30 2023	82009	0	106	63
Jan 31 2023	82052	2	98	53
Feb 01 2023	82103	2	117	64
Feb 02 2023	82132	1	84	54
Feb 03 2023	82137	2	63	56
Feb 04 2023	82138	2	49	46
Feb 05 2023	82173	1	93	57
Feb 06 2023	82248	7	125	43
Feb 07 2023	82325	4	144	63
Feb 08 2023	82377	3	119	64
Feb 09 2023	82419	4	109	63
Feb 10 2023	82465	4	114	64
Feb 11 2023	82489	0	24	0
Feb 12 2023	82526	2	161	122
Feb 13 2023	82589	2	126	61
Feb 14 2023	82700	5	187	71
Feb 15 2023	82805	1	178	72
Feb 16 2023	82952	4	222	71
Feb 17 2023	82952	0	0	0
Feb 18 2023	82994	4	46	0
Feb 19 2023	82932	7	159	214
Feb 20 2023	83187	8	333	70
Feb 21 2023	83479	5	358	61
Feb 22 2023	83659	7	260	73
Feb 23 2023	83639	4	52	68
Feb 24 2023	83656	4	87	66
Feb 25 2023	83655	3	59	57
Feb 26 2023	83655	7	83	76
Feb 27 2023	83696	3	122	78
Feb 28 2023	83696	0	82	82
Mar 01 2023	84588	13	997	92
Mar 02 2023	84879	6	358	61
Mar 03 2023	85044	3	222	54
Mar 04 2023	85250	11	286	69
Mar 05 2023	85635	15	463	63
Mar 06 2023	86045	9	511	92
Mar 07 2023	86576	5	609	73
Mar 08 2023	87111	15	644	94
Mar 09 2023	87731	19	763	124
Mar 10 2023	88189	15	569	96
Mar 11 2023	88766	13	686	96
Mar 12 2023	89711	12	957	0
Mar 13 2023	90655	12	956	0
Mar 14 2023	91615	16	976	0
Mar 15 2023	92589	16	990	0
Mar 16 2023	93393	11	815	0
Mar 17 2023	93738	18	363	0
Mar 18 2023	94565	18	845	0
Mar 19 2023	95488	19	942	0
Mar 20 2023	93998	22	743	2211
Mar 21 2023	94759	20	781	0
Mar 22 2023	96845	63	2149	0
Mar 23 2023	96845	0	0	0
Mar 24 2023	96845	0	0	0
Mar 25 2023	96821	24	0	0
Mar 26 2023	96821	0	0	0
Mar 27 2023	97683	29	891	0
Mar 28 2023	97658	25	0	0
Mar 29 2023	98694	0	1036	0
Mar 30 2023	99767	0	1073	0
Mar 31 2023	100754	22	1009	0
Apr 01 2023	100754	0	0	0
Apr 02 2023	100754	0	0	0
Apr 03 2023	100754	0	0	0
Apr 04 2023	104374	95	3715	0
Apr 05 2023	105995	45	1666	0
Apr 06 2023	107068	30	1103	0
Apr 07 2023	107068	0	0	0
Apr 08 2023	109074	68	2074	0
Apr 09 2023	109921	37	884	0
Apr 10 2023	109921	0	0	0
Apr 11 2023	109921	0	0	0
Apr 12 2023	112515	116	2710	0
Apr 13 2023	113312	32	829	0
Apr 14 2023	114172	28	888	0
Apr 15 2023	114496	34	358	0
Apr 16 2023	114793	27	324	0
Apr 17 2023	115370	29	606	0
Apr 18 2023	115370	0	0	0
Apr 19 2023	115895	28	553	0
Apr 20 2023	116321	26	452	0
Apr 21 2023	116701	23	403	0
Apr 22 2023	116701	0	0	0
Apr 23 2023	116701	0	0	0
Apr 24 2023	117765	72	1136	0
Apr 25 2023	118565	36	836	0
Apr 26 2023	118872	19	326	0
Apr 27 2023	119196	17	341	0
Apr 28 2023	119196	0	0	0
Apr 29 2023	119196	0	0	0
Apr 30 2023	119196	0	0	0
May 01 2023	119881	39	724	0
May 02 2023	120089	11	219	0
May 03 2023	120326	10	247	0
May 04 2023	120502	11	187	0
May 05 2023	120502	0	0	0
May 06 2023	120502	0	0	0
May 07 2023	121267	36	801	0
May 08 2023	121397	8	138	0
May 09 2023	121529	7	139	0
May 10 2023	121655	8	134	0
May 11 2023	121655	0	0	0
May 12 2023	121655	0	0	0
May 13 2023	121897	12	254	0
May 14 2023	121982	4	89	0
May 15 2023	121982	0	0	0
May 16 2023	121982	0	0	0
May 17 2023	121982	0	0	0
May 18 2023	121982	0	0	0
May 19 2023	121982	0	0	0
May 20 2023	100159	26	462	22259
May 21 2023	100118	6	86	121
May 22 2023	100065	6	59	106
May 23 2023	100023	3	90	129
May 24 2023	99977	4	71	113
May 25 2023	99899	1	46	123
May 26 2023	99789	1	26	135
May 27 2023	99717	2	67	137
May 28 2023	99658	2	82	139
May 29 2023	99560	1	38	135
May 30 2023	99472	1	40	127
May 31 2023	99472	0	0	0
Jun 01 2023	99371	1	24	124
Jun 02 2023	99488	5	122	0
Jun 03 2023	99172	4	42	354
Jun 04 2023	99172	0	0	0
Jun 05 2023	99194	2	24	0
Jun 06 2023	98906	4	46	330
Jun 07 2023	98839	5	64	126
Jun 08 2023	98742	2	48	143
Jun 09 2023	98758	1	17	0
Jun 10 2023	98565	1	35	227
Jun 11 2023	98448	2	17	132
Jun 12 2023	98381	4	29	92
Jun 13 2023	98305	1	23	98
Jun 14 2023	98333	1	29	0
Jun 15 2023	98124	0	17	226
Jun 16 2023	98124	0	0	0
Jun 17 2023	98124	0	0	0
Jun 18 2023	98168	1	45	0
Jun 19 2023	97665	0	27	530
Jun 20 2023	97665	0	0	0
Jun 21 2023	97665	0	0	0
Jun 22 2023	97665	0	0	0
Jun 23 2023	97665	0	0	0
Jun 24 2023	97665	0	0	0
Jun 25 2023	97707	1	43	0
Jun 26 2023	97434	0	19	292
Jun 27 2023	97434	0	0	0
Jun 28 2023	97434	0	0	0
Jun 29 2023	97434	0	0	0
Jun 30 2023	97434	0	0	0
Jul 01 2023	97434	0	0	0
Jul 02 2023	97584	3	153	0
Jul 03 2023	96410	0	11	1185
Jul 04 2023	96410	0	0	0
Jul 05 2023	96442	5	37	0
Jul 06 2023	96094	1	22	369
Jul 07 2023	96094	0	0	0
Jul 08 2023	96111	0	17	0
Jul 09 2023	96119	0	8	0
Jul 10 2023	96119	0	0	0
Jul 11 2023	96119	0	0	0
Jul 12 2023	96119	0	0	0
Jul 13 2023	96119	0	0	0
Jul 14 2023	96119	0	0	0
Jul 15 2023	96119	0	0	0
Jul 16 2023	96119	0	0	0
Jul 17 2023	96119	0	0	0
Jul 18 2023	95386	1	64	796
Jul 19 2023	95392	2	8	0
Jul 20 2023	95392	0	0	0
Jul 21 2023	95392	0	0	0
Jul 22 2023	95392	0	0	0
Jul 23 2023	95392	0	0	0
Jul 24 2023	94452	2	132	1070
Jul 25 2023	94357	1	20	114
Jul 26 2023	94357	0	0	0
Jul 27 2023	94357	0	0	0
Jul 28 2023	94385	3	31	0
Jul 29 2023	94035	1	18	367
Jul 30 2023	94035	0	0	0
Jul 31 2023	94035	0	0	0
Aug 01 2023	94035	0	0	0
Aug 02 2023	94135	4	104	0
Aug 03 2023	93707	1	20	447
Aug 04 2023	93707	0	0	0
Aug 05 2023	93718	0	11	0
Aug 06 2023	93486	0	50	282
Aug 07 2023	93410	1	27	102
Aug 08 2023	93335	1	24	98
Aug 09 2023	93261	0	37	111
Aug 10 2023	93261	0	0	0
Aug 11 2023	93261	0	0	0
Aug 12 2023	93261	0	0	0
Aug 13 2023	93291	0	30	0
Aug 14 2023	93291	0	0	0
Aug 15 2023	93291	0	0	0
Aug 16 2023	93291	0	0	0
Aug 17 2023	93479	0	188	0
Aug 18 2023	92645	3	42	873
Aug 19 2023	92645	0	0	0
Aug 20 2023	92645	0	0	0
Aug 21 2023	92677	0	32	0
Aug 22 2023	92527	0	32	182
Aug 23 2023	92527	0	0	0
Aug 24 2023	92527	0	0	0
Aug 25 2023	92527	0	0	0
Aug 26 2023	92527	0	0	0
Aug 27 2023	92527	0	0	0
Aug 28 2023	92705	6	184	0
Aug 29 2023	92744	2	41	0
Aug 30 2023	92769	1	26	0
Aug 31 2023	92818	2	51	0
Sep 01 2023	92818	0	0	0
Sep 02 2023	92818	0	0	0
Sep 03 2023	92818	0	0	0
Sep 04 2023	92818	0	0	0
Sep 05 2023	93047	4	233	0
Sep 06 2023	93047	0	0	0
Sep 07 2023	93047	0	0	0
Sep 08 2023	93047	0	0	0
Sep 09 2023	93047	0	0	0
Sep 10 2023	93047	0	0	0
Sep 11 2023	93047	0	0	0
Sep 12 2023	93047	0	0	0
Sep 13 2023	93047	0	0	0
Sep 14 2023	93047	0	0	0
Sep 15 2023	91140	20	662	2549
Sep 16 2023	91140	0	0	0
Sep 17 2023	92225	8	1093	0
Sep 18 2023	92225	0	0	0
Sep 19 2023	92225	0	0	0
Sep 20 2023	92225	0	0	0
Sep 21 2023	92225	0	0	0
Sep 22 2023	92225	0	0	0
Sep 23 2023	92225	0	0	0
Sep 24 2023	93172	22	969	0
Sep 25 2023	93172	0	0	0
Sep 26 2023	93172	0	0	0
Sep 27 2023	93172	0	0	0
Sep 28 2023	93172	0	0	0
Sep 29 2023	93172	0	0	0
Sep 30 2023	93172	0	0	0
Oct 01 2023	94109	24	961	0
Oct 02 2023	94109	0	0	0
Oct 03 2023	94109	0	0	0
Oct 04 2023	94109	0	0	0
Oct 05 2023	94109	0	0	0
Oct 06 2023	94109	0	0	0
Oct 07 2023	94109	0	0	0
Oct 08 2023	95058	26	975	0
Oct 09 2023	95058	0	0	0
Oct 10 2023	95058	0	0	0
Oct 11 2023	95058	0	0	0
Oct 12 2023	95058	0	0	0
Oct 13 2023	95058	0	0	0
Oct 14 2023	95058	0	0	0
Oct 15 2023	96268	44	1254	0
Oct 16 2023	96268	0	0	0
Oct 17 2023	96268	0	0	0
Oct 18 2023	96268	0	0	0
Oct 19 2023	96268	0	0	0
Oct 20 2023	96268	0	0	0
Oct 21 2023	96268	0	0	0
Oct 22 2023	96268	0	0	0
Oct 23 2023	97277	50	1059	0
Oct 24 2023	97277	0	0	0
Oct 25 2023	97277	0	0	0
Oct 26 2023	97277	0	0	0
Oct 27 2023	97277	0	0	0
Oct 28 2023	97277	0	0	0
Oct 29 2023	98314	50	1087	0
Oct 30 2023	98314	0	0	0
Oct 31 2023	98314	0	0	0
Nov 01 2023	98314	0	0	0
Nov 02 2023	98314	0	0	0
Nov 03 2023	98314	0	0	0
Nov 04 2023	98314	0	0	0
Nov 05 2023	99195	53	934	0
Nov 06 2023	99195	0	0	0
Nov 07 2023	99195	0	0	0
Nov 08 2023	99195	0	0	0
Nov 09 2023	99195	0	0	0
Nov 10 2023	99195	0	0	0
Nov 11 2023	99195	0	0	0
Nov 12 2023	99819	29	653	0
Nov 13 2023	99819	0	0	0
Nov 14 2023	99819	0	0	0
Nov 15 2023	99819	0	0	0
Nov 16 2023	99819	0	0	0
Nov 17 2023	99819	0	0	0
Nov 18 2023	99819	0	0	0
Nov 19 2023	100191	26	398	0
Nov 20 2023	100191	0	0	0
Nov 21 2023	100191	0	0	0
Nov 22 2023	100191	0	0	0
Nov 23 2023	100191	0	0	0
Nov 24 2023	100191	0	0	0
Nov 25 2023	100191	0	0	0
Nov 26 2023	100469	17	295	0
Nov 27 2023	100469	0	0	0
Nov 28 2023	100469	0	0	0
Nov 29 2023	100469	0	0	0
Nov 30 2023	100469	0	0	0
Dec 01 2023	100469	0	0	0
Dec 02 2023	100469	0	0	0
Dec 03 2023	100742	19	292	0
Dec 04 2023	100742	0	0	0
Dec 05 2023	100742	0	0	0
Dec 06 2023	100742	0	0	0
Dec 07 2023	100742	0	0	0
Dec 08 2023	100742	0	0	0
Dec 09 2023	100742	0	0	0
Dec 10 2023	100742	0	0	0
Dec 11 2023	100742	0	0	0
Dec 12 2023	100742	0	0	0
Dec 13 2023	100742	0	0	0
Dec 14 2023	100742	0	0	0
Dec 15 2023	100742	0	0	0
Dec 16 2023	100742	0	0	0
Dec 17 2023	101186	17	461	0
Dec 18 2023	101186	0	0	0
Dec 19 2023	101186	0	0	0
Dec 20 2023	101186	0	0	0
Dec 21 2023	101186	0	0	0
Dec 22 2023	101186	0	0	0
Dec 23 2023	101186	0	0	0
Dec 24 2023	101308	10	132	0
Dec 25 2023	101308	0	0	0
Dec 26 2023	101308	0	0	0
Dec 27 2023	101308	0	0	0
Dec 28 2023	101308	0	0	0
Dec 29 2023	101308	0	0	0
Dec 30 2023	101308	0	0	0
Dec 31 2023	101468	11	171	0
Jan 01 2024	101468	0	0	0
Jan 02 2024	101468	0	0	0
Jan 03 2024	101468	0	0	0
Jan 04 2024	101468	0	0	0
Jan 05 2024	101468	0	0	0
Jan 06 2024	101468	0	0	0
Jan 07 2024	101650	0	182	0
Jan 08 2024	101650	0	0	0
Jan 09 2024	101650	0	0	0
Jan 10 2024	101650	0	0	0
Jan 11 2024	101650	0	0	0
Jan 12 2024	101650	0	0	0
Jan 13 2024	101650	0	0	0
Jan 14 2024	101812	5	167	0
Jan 15 2024	101812	0	0	0
Jan 16 2024	101812	0	0	0
Jan 17 2024	101812	0	0	0
Jan 18 2024	101812	0	0	0
Jan 19 2024	101812	0	0	0
Jan 20 2024	101812	0	0	0
Jan 21 2024	102012	10	210	0
Jan 22 2024	102012	0	0	0
Jan 23 2024	102012	0	0	0
Jan 24 2024	102012	0	0	0
Jan 25 2024	102012	0	0	0
Jan 26 2024	102012	0	0	0
Jan 27 2024	102012	0	0	0
Jan 28 2024	102212	8	208	0
Jan 29 2024	102212	0	0	0
Jan 30 2024	102212	0	0	0
Jan 31 2024	102212	0	0	0
Feb 01 2024	102212	0	0	0
Feb 02 2024	102212	0	0	0
Feb 03 2024	102212	0	0	0
Feb 04 2024	102495	14	297	0
Feb 05 2024	102495	0	0	0
Feb 06 2024	102495	0	0	0
Feb 07 2024	102495	0	0	0
Feb 08 2024	102495	0	0	0
Feb 09 2024	102495	0	0	0
Feb 10 2024	102495	0	0	0
Feb 11 2024	102495	0	0	0
Feb 12 2024	102495	0	0	0
Feb 13 2024	102495	0	0	0
Feb 14 2024	102495	0	0	0
Feb 15 2024	102495	0	0	0
Feb 16 2024	102495	0	0	0
Feb 17 2024	102495	0	0	0
Feb 18 2024	103142	12	659	0
Feb 19 2024	103142	0	0	0
Feb 20 2024	103142	0	0	0
Feb 21 2024	103142	0	0	0
Feb 22 2024	103142	0	0	0
Feb 23 2024	103142	0	0	0
Feb 24 2024	103142	0	0	0
Feb 25 2024	103142	0	0	0
Feb 26 2024	103142	0	0	0
Feb 27 2024	103142	0	0	0
Feb 28 2024	103142	0	0	0
Feb 29 2024	103142	0	0	0
Mar 01 2024	103142	0	0	0
Mar 02 2024	103142	0	0	0
Mar 03 2024	103142	0	0	0
Mar 04 2024	103142	0	0	0
Mar 05 2024	103142	0	0	0
Mar 06 2024	103142	0	0	0
Mar 07 2024	103142	0	0	0
Mar 08 2024	103142	0	0	0
Mar 09 2024	103142	0	0	0
Mar 10 2024	103142	0	0	0
Mar 11 2024	103142	0	0	0
Mar 12 2024	103142	0	0	0
Mar 13 2024	103142	0	0	0
Mar 14 2024	103142	0	0	0
Mar 15 2024	103142	0	0	0
Mar 16 2024	103142	0	0	0
Mar 17 2024	103142	0	0	0
Mar 18 2024	103142	0	0	0
Mar 19 2024	103142	0	0	0
Mar 20 2024	103142	0	0	0
Mar 21 2024	103142	0	0	0
Mar 22 2024	103142	0	0	0
Mar 23 2024	103142	0	0	0
Mar 24 2024	103142	0	0	0
Mar 25 2024	103142	0	0	0
Mar 26 2024	103142	0	0	0
Mar 27 2024	103142	0	0	0
