 ,World,704511530,+5540,7008666,+33,675360207,+33041,22142657,34992,90382,899.1,0,0
1,China,country/china/,503302,0,5272,0,379053,0,118977,7557,347,4,160000000
2,USA,country/us/,111752653,+3332,1218763,+33,109682509,+32058,851381,1111,333784,3640,1186851502
3,India,country/india/,45033893,+71,533540,0,N/A,N/A,N/A,N/A,32015,379,935879495
4,France,country/france/,40138560,0,167642,0,39970918,0,0,0,612013,2556,271490188
5,Germany,country/germany/,38826304,0,182891,0,38240600,0,402813,N/A,462859,2180,122332384
6,Brazil,country/brazil/,38694221,0,710966,0,36249161,0,1734094,N/A,179678,3301,63776166
7,S. Korea,country/south-korea/,34571873,0,35934,0,34535939,0,0,0,673523,700,15804065
8,Japan,country/japan/,33803572,0,74694,0,N/A,N/A,N/A,N/A,269169,595,100414883
9,Italy,country/italy/,26722143,0,196446,0,26356336,0,169361,27,443427,3260,280910073
10,UK,country/uk/,24910387,0,232112,0,24675212,0,3063,N/A,363666,3389,522526476
11,Russia,country/russia/,24082671,0,402612,0,23500207,0,179852,N/A,165169,2761,273400000
12,Turkey,country/turkey/,17232066,0,102174,0,N/A,N/A,N/A,N/A,201399,1194,162743369
13,Spain,country/spain/,13914811,0,121760,0,13762417,0,30634,231,297840,2606,471036328
14,Australia,country/australia/,11842516,+2059,24356,0,11806633,0,11527,8,454279,934,81916639
15,Vietnam,country/viet-nam/,11625195,0,43206,0,10640971,0,941018,0,117481,437,85826548
16,Taiwan,country/taiwan/,10241523,0,19005,0,10222518,0,0,0,428720,796,30742304
17,Argentina,country/argentina/,10094643,0,130733,0,9963910,0,0,0,219400,2841,35716069
18,Netherlands,country/netherlands/,8635591,0,22992,0,8612069,0,530,N/A,501735,1336,25984435
19,Mexico,country/mexico/,7702809,0,334958,0,6899865,0,467986,N/A,58549,2546,20013810
20,Iran,country/iran/,7627186,0,146811,0,N/A,N/A,N/A,0,88665,1707,57320267
21,Indonesia,country/indonesia/,6829162,0,162063,0,6647104,0,19995,N/A,24465,581,114158919
22,Poland,country/poland/,6661789,+34,120597,0,N/A,N/A,N/A,N/A,176519,3195,39317656
23,Colombia,country/colombia/,6400173,0,143200,0,6212152,0,44821,342,124244,2780,36951507
24,Greece,country/greece/,6101379,0,37869,0,N/A,N/A,N/A,0,591412,3671,102228365
25,Austria,country/austria/,6081287,0,22542,0,6054934,0,3811,0,670727,2486,211273524
26,Portugal,country/portugal/,5642928,0,28116,0,5614580,0,232,61,556470,2773,46139518
27,Ukraine,country/ukraine/,5557995,0,112418,0,5445577,0,0,0,128681,2603,32603805
28,Chile,country/chile/,5376599,0,64497,0,5252450,0,59652,7,279301,3350,50382097
29,Malaysia,country/malaysia/,5277541,0,37348,0,5232213,0,7980,11,159053,1126,68580916
30,Canada,country/canada/,4944196,0,58972,0,4874668,+508,10556,99,128794,1536,66572774
31,Belgium,country/belgium/,4861319,0,34376,0,4825997,+40,946,N/A,416627,2946,37454182
32,Israel,country/israel/,4841772,0,12707,0,4798473,0,30592,N/A,519169,1363,41373364
33,DPRK,country/north-korea/,4772813,0,74,0,4772739,0,0,0,183636,3,0
34,Thailand,country/thailand/,4768647,0,34576,0,4692636,0,41435,N/A,68048,493,17273454
35,Czechia,country/czech-republic/,4759041,0,43517,0,4715206,0,318,2,443246,4053,57834241
36,Peru,country/peru/,4572667,0,222161,0,4350506,0,0,4,135751,6595,39010194
37,Switzerland,country/switzerland/,4452755,0,14452,0,4437932,+238,371,N/A,507515,1647,23833472
38,Philippines,country/philippines/,4140383,0,66864,0,4067381,0,6138,N/A,36800,594,36102746
39,South Africa,country/south-africa/,4076463,0,102595,0,3912506,0,61362,192,67095,1689,26795090
40,Romania,country/romania/,3528688,0,68917,0,3458760,0,1011,28,185415,3621,28713830
41,Denmark,country/denmark/,3183756,0,8814,0,3174942,0,0,0,545636,1511,129333107
42,Singapore,country/singapore/,3006155,0,2024,0,3004131,0,0,4,505785,341,24756666
43,Hong Kong,country/china-hong-kong-sar/,2933613,0,14731,0,2913820,0,5062,N/A,385783,1937,76127725
44,Sweden,country/sweden/,2753953,0,27390,0,2726166,+10,397,N/A,269494,2680,19500873
45,Serbia,country/serbia/,2614665,0,18057,0,2596491,0,117,0,302168,2087,13445472
46,New Zealand,country/new-zealand/,2613670,0,5674,0,2605102,0,2894,0,533598,1158,7768604
47,Iraq,country/iraq/,2465545,0,25375,0,2439497,0,673,0,58474,602,19544451
48,Hungary,country/hungary/,2230232,0,49048,0,2152155,0,29029,0,232164,5106,11394556
49,Bangladesh,country/bangladesh/,2048914,0,29492,0,N/A,N/A,N/A,N/A,12204,176,15254399
50,Slovakia,country/slovakia/,1877605,0,21224,0,1856334,0,47,23,343872,3887,7448789
51,Georgia,country/georgia/,1861665,0,17132,0,N/A,N/A,N/A,0,469082,4317,16920079
52,Jordan,country/jordan/,1746997,0,14122,0,1731007,0,1868,59,169597,1371,17201885
53,Ireland,country/ireland/,1733755,0,9481,0,1724274,0,0,19,345356,1889,13083449
54,Pakistan,country/pakistan/,1581936,0,30664,0,1538689,0,12583,0,6893,134,30589153
55,Finland,country/finland/,1515949,0,11958,0,1503709,+16,282,N/A,272900,2153,12108977
56,Norway,country/norway/,1509732,0,6638,0,1503094,0,0,N/A,273930,1204,11002430
57,Kazakhstan,country/kazakhstan/,1411831,0,13848,0,1383020,0,14963,24,73514,721,11575012
58,Lithuania,country/lithuania/,1397476,+34,9897,0,1386941,+38,638,N/A,525030,3718,10540357
59,Slovenia,country/slovenia/,1356515,0,7100,0,1349387,0,28,N/A,652788,3417,2847701
60,Bulgaria,country/bulgaria/,1339748,+10,38746,0,1292911,+3,8091,35,195738,5661,11660345
61,Croatia,country/croatia/,1309728,0,18687,0,1258432,0,32609,0,322650,4604,5660084
62,Guatemala,country/guatemala/,1290854,0,20286,0,1269044,0,1524,5,69460,1092,7593848
63,Morocco,country/morocco/,1278992,0,16303,0,N/A,N/A,N/A,N/A,33860,432,13001033
64,Lebanon,country/lebanon/,1243838,0,10952,0,1087587,0,145299,74,186068,1638,4795578
65,Costa Rica,country/costa-rica/,1238883,0,9428,0,N/A,N/A,N/A,N/A,239058,1819,4659757
66,Bolivia,country/bolivia/,1211716,0,22407,0,1177145,0,12164,220,101038,1868,2710261
67,Tunisia,country/tunisia/,1153361,0,29423,0,N/A,N/A,N/A,N/A,95741,2442,5013383
68,Cuba,country/cuba/,1115249,0,8530,0,1106657,0,62,0,98645,754,14402039
69,Ecuador,country/ecuador/,1070188,0,36043,0,1034145,0,0,0,59083,1990,3082403
70,UAE,country/united-arab-emirates/,1067030,0,2349,0,N/A,N/A,N/A,0,105837,233,200732262
71,Panama,country/panama/,1059893,0,8727,0,1051102,0,64,16,238341,1962,7882622
72,Uruguay,country/uruguay/,1041111,0,7664,0,1030944,0,2503,18,297799,2192,6114822
73,Mongolia,country/mongolia/,1011496,0,2284,0,1009212,+6,0,N/A,299429,676,4030048
74,Nepal,country/nepal/,1003450,0,12031,0,991322,0,97,0,33199,398,6047766
75,Belarus,country/belarus/,994037,0,7118,0,985592,0,1327,0,105381,755,13646641
76,Latvia,country/latvia/,982381,0,6711,0,971406,0,4264,0,531351,3630,7885792
77,Saudi Arabia,country/saudi-arabia/,841469,0,9646,0,N/A,N/A,N/A,0,23475,269,45481735
78,Paraguay,country/paraguay/,837602,0,20155,0,N/A,N/A,N/A,N/A,114648,2759,2657506
79,Azerbaijan,country/azerbaijan/,835136,0,10400,0,824089,0,647,0,81080,1010,7748050
80,Bahrain,country/bahrain/,729549,0,1574,0,727915,0,60,N/A,408944,882,10948549
81,Cyprus,country/cyprus/,681110,0,1365,0,679745,0,0,0,556741,1116,9640118
82,Dominican Republic,country/dominican-republic/,675890,0,4384,0,671316,0,190,4,61131,397,3740928
83,Sri Lanka,country/sri-lanka/,672753,0,16897,0,655852,0,4,0,31181,783,6486117
84,Kuwait,country/kuwait/,667158,0,2570,0,N/A,N/A,N/A,0,152308,587,8455743
85,Myanmar,country/myanmar/,641873,0,19495,0,620159,0,2219,0,11622,353,11711514
86,Moldova,country/moldova/,635145,0,12218,0,N/A,N/A,N/A,N/A,158265,3044,3216305
87,Estonia,country/estonia/,627927,0,3001,0,N/A,N/A,N/A,N/A,475015,2270,6953709
88,Palestine,country/state-of-palestine/,621008,0,5404,0,615445,0,159,0,116173,1011,3078533
89,Venezuela,country/venezuela/,552695,0,5856,0,546537,0,302,31,18885,200,3359014
90,Egypt,country/egypt/,516023,0,24613,0,442182,0,49228,122,4861,232,3693367
91,Qatar,country/qatar/,514524,0,690,0,513687,0,147,16,172664,232,4065369
92,Libya,country/libya/,507274,0,6437,0,500835,0,2,0,72048,914,2483848
93,Ethiopia,country/ethiopia/,501157,0,7574,0,488171,0,5412,0,4148,63,5565340
94,Reacuteunion,country/reunion/,494595,0,921,0,N/A,N/A,N/A,N/A,544672,1014,1603660
95,Honduras,country/honduras/,474590,0,11165,0,N/A,N/A,N/A,N/A,46432,1092,1660662
96,Armenia,country/armenia/,451831,0,8777,0,435162,0,7892,0,152031,2953,3242901
97,Bosnia and Herzegovina,country/bosnia-and-herzegovina/,403603,0,16387,0,379084,0,8132,0,124212,5043,1884721
98,Oman,country/oman/,399449,0,4628,0,N/A,N/A,N/A,0,75028,869,25000000
99,Luxembourg,country/luxembourg/,391232,0,1232,0,N/A,N/A,N/A,0,609044,1918,4587145
100,North Macedonia,country/macedonia/,350567,0,9976,0,337068,0,3523,0,168436,4793,2226216
101,Zambia,country/zambia/,349304,0,4069,0,341316,0,3919,0,17940,209,4112961
102,Kenya,country/kenya/,344130,0,5689,0,337309,0,1132,N/A,6122,101,3967062
103,Brunei ,country/brunei-darussalam/,343469,0,225,0,243601,0,99643,0,771094,505,717784
104,Albania,country/albania/,334863,0,3605,0,330233,0,1025,0,116825,1258,1941032
105,Botswana,country/botswana/,330635,0,2801,0,327049,0,785,1,135442,1147,2026898
106,Montenegro,country/montenegro/,296506,0,2846,0,291794,0,1866,N/A,472181,4532,2769281
107,Algeria,country/algeria/,272010,0,6881,0,183061,0,82068,0,5998,152,230960
108,Nigeria,country/nigeria/,267188,0,3155,0,259953,0,4080,11,1233,15,5708974
109,Zimbabwe,country/zimbabwe/,266359,0,5740,0,258888,0,1731,12,17373,374,2525756
110,Uzbekistan,country/uzbekistan/,253662,0,1637,0,241486,0,10539,23,7378,48,1377915
111,Mozambique,country/mozambique/,233731,0,2250,0,228805,0,2676,11,7064,68,1371127
112,Afghanistan,country/afghanistan/,232152,0,7985,0,210164,0,14003,0,5696,196,1366532
113,Martinique,country/martinique/,230354,0,1102,0,N/A,N/A,N/A,N/A,615777,2946,828928
114,Laos,country/laos/,218958,0,758,0,N/A,N/A,N/A,0,29268,101,1233207
115,Iceland,country/iceland/,209906,0,229,0,N/A,N/A,N/A,0,607731,663,1996384
116,Kyrgyzstan,country/kyrgyzstan/,206897,0,2991,0,196406,0,7500,131,30750,445,1907195
117,Guadeloupe,country/guadeloupe/,203235,0,1021,0,N/A,N/A,N/A,N/A,508349,2554,938039
118,El Salvador,country/el-salvador/,201855,0,4230,0,179410,0,18215,0,30816,646,2610114
119,Trinidad and Tobago,country/trinidad-and-tobago/,191496,0,4390,0,187078,0,28,N/A,136143,3121,913289
120,Maldives,country/maldives/,186694,0,316,0,163687,0,22691,25,345100,584,2213831
121,Namibia,country/namibia/,172389,0,4106,0,167099,0,1184,0,65451,1559,1062663
122,Uganda,country/uganda/,172149,0,3632,0,100431,0,68086,0,3554,75,3012408
123,Ghana,country/ghana/,171889,0,1462,0,170425,0,2,0,5306,45,2541625
124,Jamaica,country/jamaica/,156869,0,3756,0,N/A,N/A,N/A,0,52551,1258,1183986
125,Cambodia,country/cambodia/,139100,0,3056,0,136041,0,3,0,8102,178,3091420
126,Rwanda,country/rwanda/,133518,0,1468,0,132039,0,11,0,9817,108,6021981
127,Cameroon,country/cameroon/,125379,0,1974,0,123280,0,125,N/A,4492,71,1751774
128,Malta,country/malta/,121420,0,885,0,120149,0,386,0,273448,1993,2170600
129,Barbados,country/barbados/,110575,0,648,0,108647,0,1280,0,383910,2250,814159
130,Angola,country/angola/,107327,0,1937,0,103419,0,1971,0,3064,55,1499795
131,Channel Islands,country/channel-islands/,101717,0,228,0,101321,0,168,0,576421,1292,1252808
132,DRC,country/democratic-republic-of-the-congo/,99338,0,1468,0,84489,0,13381,0,1043,15,846704
133,French Guiana,country/french-guiana/,98041,0,420,0,11254,0,86367,6,312065,1337,651257
134,Malawi,country/malawi/,89535,0,2686,0,N/A,N/A,N/A,N/A,4437,133,624784
135,Senegal,country/senegal/,89053,0,1971,0,87024,0,58,0,5044,112,1146543
136,Ivory Coast,country/cote-d-ivoire/,88384,0,835,0,87497,0,52,0,3186,30,1690934
137,Suriname,country/suriname/,82588,0,1408,0,N/A,N/A,N/A,0,138378,2359,242207
138,New Caledonia,country/new-caledonia/,80064,0,314,0,N/A,N/A,N/A,N/A,275214,1079,98964
139,French Polynesia,country/french-polynesia/,79254,0,650,0,N/A,N/A,N/A,N/A,278902,2287,0
140,Eswatini,country/swaziland/,75191,0,1427,0,73116,0,648,0,63462,1204,1048704
141,Guyana,country/guyana/,74137,0,1300,0,72013,0,824,0,93366,1637,733218
142,Belize,country/belize/,71381,0,688,0,N/A,N/A,N/A,N/A,173175,1669,576016
143,Fiji,country/fiji/,69117,0,885,0,67226,0,1006,0,75997,973,672883
144,Madagascar,country/madagascar/,68486,0,1426,0,66862,0,198,0,2347,49,531329
145,Cabo Verde,country/cabo-verde/,64477,0,417,0,63755,0,305,23,113580,735,401622
146,Sudan,country/sudan/,63993,0,5046,0,58947,0,0,0,1391,110,562941
147,Mauritania,country/mauritania/,63848,0,997,0,62471,0,380,0,13025,203,1009957
148,Bhutan,country/bhutan/,62697,0,21,0,61564,0,1112,0,79571,27,2303734
149,Syria,country/syria/,57743,0,3165,0,54578,0,0,0,2982,163,146269
150,Burundi,country/burundi/,54721,0,38,0,53569,0,1114,0,4334,3,345742
151,Seychelles,country/seychelles/,51220,0,172,0,51048,0,0,0,515157,1730,0
152,Gabon,country/gabon/,49051,0,307,0,48674,0,70,0,21038,132,1621909
153,Andorra,country/andorra/,48015,0,165,0,N/A,N/A,N/A,N/A,619844,2130,249838
154,Papua New Guinea,country/papua-new-guinea/,46864,0,670,0,46168,0,26,N/A,5043,72,249149
155,Curaccedilao,country/curacao/,45986,0,295,0,44720,0,971,3,277812,1782,496693
156,Aruba,country/aruba/,44224,0,292,0,42438,0,1494,2,410969,2714,177885
157,Tanzania,country/tanzania/,43223,0,846,0,N/A,N/A,N/A,N/A,683,13,0
158,Mauritius,country/mauritius/,43025,0,1051,0,41278,0,696,0,33752,824,358675
159,Mayotte,country/mayotte/,42027,0,188,0,N/A,N/A,N/A,0,146815,657,176919
160,Togo,country/togo/,39569,0,290,0,39277,0,2,0,4558,33,815088
161,Guinea,country/guinea/,38572,0,468,0,37757,0,347,N/A,2782,34,660107
162,Bahamas,country/bahamas/,38084,0,844,0,36366,0,874,1,95087,2107,257839
163,Isle of Man,country/isle-of-man/,38008,0,116,0,N/A,N/A,N/A,0,443335,1353,150753
164,Lesotho,country/lesotho/,36138,0,723,0,25980,0,9435,0,16610,332,431221
165,Haiti,country/haiti/,34667,0,860,0,33734,0,73,0,2968,74,132422
166,Faeroe Islands,country/faeroe-islands/,34658,0,28,0,N/A,N/A,N/A,N/A,703959,569,778000
167,Mali,country/mali/,33164,0,743,0,32332,0,89,0,1544,35,804909
168,Cayman Islands,country/cayman-islands/,31472,0,37,0,8553,0,22882,1,467797,550,222773
169,Saint Lucia,country/saint-lucia/,30215,0,410,0,29805,0,0,0,163225,2215,210983
170,Benin,country/benin/,28036,0,163,0,27847,0,26,0,2193,13,604310
171,Somalia,country/somalia/,27334,0,1361,0,13182,0,12791,0,1623,81,400466
172,Micronesia,country/micronesia/,26547,0,65,0,N/A,N/A,N/A,N/A,225953,553,82430
173,Macao,country/china-macao-sar/,26478,0,123,0,3487,0,22868,0,39668,184,7850
174,San Marino,country/san-marino/,26185,0,128,0,26011,0,46,N/A,768226,3755,196855
175,Solomon Islands,country/solomon-islands/,25954,0,199,0,N/A,N/A,N/A,N/A,35989,276,0
176,Congo,country/congo/,25375,0,386,0,24006,0,983,0,4377,67,347815
177,TimorLeste,country/timor-leste/,23460,0,138,0,23102,0,220,0,17131,101,278529
178,Burkina Faso,country/burkina-faso/,22109,0,400,0,21596,0,113,0,1000,18,248995
179,Liechtenstein,country/liechtenstein/,21574,0,94,0,N/A,N/A,N/A,N/A,562013,2449,112457
180,Gibraltar,country/gibraltar/,20550,0,113,0,N/A,N/A,N/A,0,609720,3353,534283
181,Grenada,country/grenada/,19693,0,238,0,19358,0,97,4,173545,2097,182981
182,Bermuda,country/bermuda/,18860,0,165,0,18685,0,10,0,304493,2664,1029558
183,South Sudan,country/south-sudan/,18819,0,147,0,18115,0,557,1,1620,13,410280
184,Nicaragua,country/nicaragua/,18491,0,225,0,4225,0,14041,0,2728,33,0
185,Tajikistan,country/tajikistan/,17786,0,125,0,17264,0,397,0,1786,13,0
186,Equatorial Guinea,country/equatorial-guinea/,17229,0,183,0,16907,0,139,5,11512,122,365697
187,Monaco,country/monaco/,17181,0,67,0,N/A,N/A,N/A,N/A,431868,1684,78646
188,Samoa,country/samoa/,17006,0,31,0,1605,0,15370,0,84089,153,187397
189,Tonga,country/tonga/,16950,0,13,0,15638,0,1299,0,157310,121,535009
190,Marshall Islands,country/marshall-islands/,16138,0,17,0,16121,0,0,0,268711,283,0
191,Dominica,country/dominica/,16038,0,74,0,15964,0,0,0,221691,1023,229344
192,Djibouti,country/djibouti/,15690,0,189,0,15427,0,74,0,15441,186,305941
193,CAR,country/central-african-republic/,15440,0,113,0,15200,0,127,2,3078,23,81294
194,Gambia,country/gambia/,12626,0,372,0,12189,0,65,0,4935,145,155686
195,Saint Martin,country/saint-martin/,12324,0,63,0,N/A,N/A,N/A,N/A,310194,1586,112382
196,Vanuatu,country/vanuatu/,12019,0,14,0,11976,0,29,0,37346,44,24976
197,Greenland,country/greenland/,11971,0,21,0,2761,0,9189,4,210117,369,164926
198,Yemen,country/yemen/,11945,0,2159,0,9124,0,662,N/A,383,69,329592
199,Caribbean Netherlands,country/caribbean-netherlands/,11682,0,38,0,10476,0,1168,0,438398,1426,30126
200,Sint Maarten,country/sint-maarten/,11051,0,92,0,10905,0,54,N/A,251353,2093,62056
201,Eritrea,country/eritrea/,10189,0,103,0,10086,0,0,0,2782,28,23693
202,Niger,country/niger/,9931,0,312,0,8890,0,729,1,381,12,254538
203,St. Vincent Grenadines,country/saint-vincent-and-the-grenadines/,9674,0,124,0,9493,0,57,0,86723,1112,114197
204,GuineaBissau,country/guinea-bissau/,9614,0,177,0,8929,0,508,6,4659,86,145231
205,Comoros,country/comoros/,9109,0,161,0,8939,0,9,0,10038,177,0
206,Antigua and Barbuda,country/antigua-and-barbuda/,9106,0,146,0,8954,0,6,N/A,91509,1467,18901
207,Liberia,country/liberia/,8090,0,295,0,7783,0,12,2,1525,56,139824
208,Sierra Leone,country/sierra-leone/,7779,0,126,0,N/A,N/A,N/A,0,937,15,259958
209,Chad,country/chad/,7701,0,194,0,4874,0,2633,0,442,11,191341
210,British Virgin Islands,country/british-virgin-islands/,7392,0,64,0,N/A,N/A,N/A,0,241600,2092,107339
211,Cook Islands,country/cook-islands/,7203,0,2,0,7150,0,51,0,409937,114,19690
212,Sao Tome and Principe,country/sao-tome-and-principe/,6759,0,80,0,6677,0,2,0,29687,351,29600
213,Turks and Caicos,country/turks-and-caicos-islands/,6752,0,40,0,6709,0,3,4,169900,1007,616788
214,Saint Kitts and Nevis,country/saint-kitts-and-nevis/,6607,0,48,0,6559,0,0,0,122645,891,126958
215,Palau,country/palau/,6290,0,10,0,6276,0,4,0,344979,548,71434
216,St. Barth,country/saint-barthelemy/,5507,0,6,0,N/A,N/A,N/A,0,553746,603,78646
217,Nauru,country/nauru/,5393,0,1,0,5347,0,45,0,494635,92,20509
218,Kiribati,country/kiribati/,5085,0,24,0,2703,0,2358,3,41201,194,0
219,Anguilla,country/anguilla/,3904,0,12,0,N/A,N/A,N/A,N/A,256336,788,51382
220,Wallis and Futuna,country/wallis-and-futuna-islands/,3550,0,8,0,438,0,3104,0,323256,728,20508
221,Saint Pierre Miquelon,country/saint-pierre-and-miquelon/,3452,0,2,0,2449,0,1001,0,599410,347,25400
222,Tuvalu,country/tuvalu/,2943,0,1,0,N/A,N/A,N/A,N/A,243909,83,0
223,Saint Helena,country/saint-helena/,2166,0,0,0,2,0,2164,0,354211,0,0
224,Falkland Islands,country/falkland-islands-malvinas/,1930,0,0,0,1930,0,0,0,545352,0,8632
225,Montserrat,country/montserrat/,1403,0,8,0,1376,0,19,0,282578,1611,17762
226,Niue,country/niue/,1059,0,0,0,1056,0,3,0,652898,0,0
227,Diamond Princess,712,0,13,0,699,0,0,0,0,0,0,0
228,Tokelau,country/tokelau/,80,0,0,0,0,0,80,0,58055,0,0
229,Vatican City,country/holy-see/,29,0,0,0,29,0,0,0,36295,0,0
230,Western Sahara,country/western-sahara/,10,0,1,0,9,0,0,0,16,2,0
