country/china/ 1519 1519 1519 1519 1519 1519
country/us/ 1495 1495 1495 1495 1495 0
country/india/ 1495 1495 1495 0 1495 1495
country/france/ 1495 1495 1495 1495 1495 1495
country/germany/ 1495 1495 1495 1495 1495 1495
country/brazil/ 1495 1495 1495 1495 1495 1495
country/south-korea/ 1495 1495 1495 1495 1495 0
country/japan/ 1495 1495 1495 0 1495 1495
country/italy/ 1495 1495 1495 1495 1495 1495
country/uk/ 1495 1495 1495 1495 1495 0
country/russia/ 1495 1495 1495 1495 1495 1495
country/turkey/ 1495 1495 1495 0 1495 0
country/spain/ 1495 1495 1495 1495 1495 0
country/australia/ 1495 1495 1495 1495 1495 1495
country/viet-nam/ 1495 1495 1495 1495 1495 0
country/taiwan/ 1495 1495 1495 1495 1495 0
country/argentina/ 1495 1495 1495 1495 1495 1495
country/netherlands/ 1495 1495 1495 1495 1495 0
country/mexico/ 1495 1495 1495 1495 1495 1495
country/iran/ 1495 1495 1495 1495 1495 1495
country/indonesia/ 1495 1495 1495 1495 1495 0
country/poland/ 1495 1495 1495 1495 1495 1495
country/colombia/ 1495 1495 1495 1495 1495 0
country/greece/ 1495 1495 1495 0 1495 0
country/austria/ 1495 1495 1495 1495 1495 1495
country/portugal/ 1495 1495 1495 1495 1495 0
country/ukraine/ 1495 1495 1495 1495 1495 0
country/chile/ 1495 1495 1495 1495 1495 1495
country/malaysia/ 1495 1495 1495 1495 1495 0
country/canada/ 1495 1495 1495 1495 1495 1495
country/belgium/ 1495 1495 1495 1495 1495 0
country/israel/ 1495 1495 1495 1495 1495 1495
country/north-korea/ 1495 1495 1495 1495 1495 0
country/thailand/ 1495 1495 1495 1495 1495 1495
country/czech-republic/ 1495 1495 1495 1495 1495 0
country/peru/ 1495 1495 1495 1495 1495 0
country/switzerland/ 1495 1495 1495 1495 1495 0
country/philippines/ 1495 1495 1495 1495 1495 0
country/south-africa/ 1495 1495 1495 1495 1495 0
country/romania/ 1495 1495 1495 1495 1495 0
country/denmark/ 1495 1495 1495 1495 1495 1495
country/singapore/ 1495 1495 1495 1495 1495 0
country/china-hong-kong-sar/ 1495 1495 1495 1495 1495 0
country/sweden/ 1495 1495 1495 1495 1495 0
country/serbia/ 1495 1495 1495 1495 1495 0
country/new-zealand/ 1495 1495 1495 1495 1495 0
country/iraq/ 1495 1495 1495 1495 1495 0
country/hungary/ 1495 1495 1495 1495 1495 0
country/bangladesh/ 1495 1495 1495 0 1495 0
country/slovakia/ 1495 1495 1495 1495 1495 0
country/georgia/ 1495 1495 1495 0 1495 0
country/jordan/ 1495 1495 1495 1495 1495 0
country/ireland/ 1495 1495 1495 1495 1495 0
country/pakistan/ 1495 1495 1495 1495 1495 1495
country/finland/ 1495 1495 1495 1495 1495 1495
country/norway/ 1495 1495 1495 1495 1495 0
country/kazakhstan/ 1495 1495 1495 1495 1495 0
country/lithuania/ 1495 1495 1495 1495 1495 0
country/slovenia/ 1495 1495 1495 1495 1495 0
country/bulgaria/ 1495 1495 1495 1495 1495 0
country/croatia/ 1495 1495 1495 1495 1495 0
country/guatemala/ 1495 1495 1495 1495 1495 0
country/morocco/ 1495 1495 1495 0 1495 0
country/lebanon/ 1495 1495 1495 1495 1495 0
country/costa-rica/ 1495 1495 1495 0 1495 0
country/bolivia/ 1495 1495 1495 1495 1495 0
country/tunisia/ 1495 1495 1495 0 1495 0
country/cuba/ 1495 1495 1495 1495 1495 0
country/ecuador/ 1495 1495 1495 1495 1495 0
country/united-arab-emirates/ 1495 1495 1495 0 1495 0
country/panama/ 1495 1495 1495 1495 1495 1495
country/uruguay/ 1495 1495 1495 1495 1495 0
country/mongolia/ 1495 1495 1495 1495 1495 0
country/nepal/ 1495 1495 1495 1495 1495 0
country/belarus/ 1495 1495 1495 1495 1495 0
country/latvia/ 1495 1495 1495 1495 1495 0
country/saudi-arabia/ 1495 1495 1495 0 1495 1495
country/paraguay/ 1495 1495 1495 0 1495 0
country/azerbaijan/ 1495 1495 1495 1495 1495 0
country/bahrain/ 1495 1495 1495 1495 1495 0
country/cyprus/ 1495 1495 1495 1495 1495 0
country/dominican-republic/ 1495 1495 1495 1495 1495 0
country/sri-lanka/ 1495 1495 1495 1495 1495 0
country/kuwait/ 1495 1495 1495 0 1495 0
country/myanmar/ 1495 1495 1495 1495 1495 0
country/moldova/ 1495 1495 1495 0 1495 0
country/estonia/ 1495 1495 1495 0 1495 0
country/state-of-palestine/ 1495 1495 1495 1495 1495 0
country/venezuela/ 1495 1495 1495 1495 1495 0
country/egypt/ 1495 1495 1495 1495 1495 0
country/qatar/ 1495 1495 1495 1495 1495 0
country/libya/ 1495 1495 1495 1495 1495 0
country/ethiopia/ 1495 1495 1495 1495 1495 0
country/reunion/ 1495 1495 1495 0 1495 0
country/honduras/ 1495 1495 1495 0 1495 0
country/armenia/ 1495 1495 1495 1495 1495 0
country/bosnia-and-herzegovina/ 1495 1495 1495 1495 1495 0
country/oman/ 1495 1495 1495 0 1495 0
country/luxembourg/ 1495 1495 1495 0 1495 1495
country/macedonia/ 1495 1495 1495 1495 1495 0
country/zambia/ 1495 1495 1495 1495 1495 0
country/kenya/ 1495 1495 1495 1495 1495 0
country/brunei-darussalam/ 1495 1495 1495 1495 1495 0
country/albania/ 1495 1495 1495 1495 1495 0
country/botswana/ 1495 1495 1495 1495 1495 0
country/montenegro/ 1495 1495 1495 1495 1495 0
country/algeria/ 1495 1495 1495 1495 1495 0
country/nigeria/ 1495 1495 1495 1495 1495 0
country/zimbabwe/ 1495 1495 1495 1495 1495 0
country/uzbekistan/ 1495 1495 1495 1495 1495 0
country/mozambique/ 1495 1495 1495 1495 1495 0
country/afghanistan/ 1495 1495 1495 1495 1495 0
country/martinique/ 1495 1495 1495 0 1495 0
country/laos/ 1495 1495 1495 0 1495 0
country/iceland/ 1495 1495 1495 1495 1495 1495
country/kyrgyzstan/ 1495 1495 1495 1495 1495 0
country/guadeloupe/ 1495 1495 1495 0 1495 0
country/el-salvador/ 1495 1495 1495 1495 1495 0
country/trinidad-and-tobago/ 1495 1495 1495 1495 1495 0
country/maldives/ 1495 1495 1495 1495 1495 0
country/namibia/ 1495 1495 1495 1495 1495 0
country/uganda/ 1495 1495 1495 1495 1495 0
country/ghana/ 1495 1495 1495 1495 1495 0
country/jamaica/ 1495 1495 1495 0 1495 0
country/cambodia/ 1495 1495 1495 1495 1495 0
country/rwanda/ 1495 1495 1495 1495 1495 0
country/cameroon/ 1495 1495 1495 1495 1495 0
country/malta/ 1495 1495 1495 1495 1495 0
country/barbados/ 1495 1495 1495 1495 1495 0
country/angola/ 1495 1495 1495 1495 1495 0
country/channel-islands/ 1495 1495 1495 1495 1495 0
country/democratic-republic-of-the-congo/ 1495 1495 1495 1495 1495 0
country/french-guiana/ 1495 1495 1495 1495 1495 0
country/malawi/ 1495 1495 1495 0 1495 0
country/senegal/ 1495 1495 1495 1495 1495 0
country/cote-d-ivoire/ 1495 1495 1495 1495 1495 0
country/suriname/ 1495 1495 1495 0 1495 0
country/new-caledonia/ 1495 1495 1495 0 1495 0
country/french-polynesia/ 1495 1495 1495 0 1495 0
country/swaziland/ 1495 1495 1495 1495 1495 0
country/guyana/ 1495 1495 1495 1495 1495 0
country/belize/ 1495 1495 1495 0 1495 0
country/fiji/ 1495 1495 1495 1495 1495 0
country/madagascar/ 1495 1495 1495 1495 1495 0
country/cabo-verde/ 1495 1495 1495 1495 1495 0
country/sudan/ 1495 1495 1495 1495 1495 0
country/mauritania/ 1495 1495 1495 1495 1495 0
country/bhutan/ 1495 1495 1495 1495 1495 0
country/syria/ 1495 1495 1495 1495 1495 0
country/burundi/ 1495 1495 1495 1495 1495 0
country/seychelles/ 1495 1495 1495 1495 1495 0
country/gabon/ 1495 1495 1495 1495 1495 0
country/andorra/ 1495 1495 1495 0 1495 0
country/papua-new-guinea/ 1495 1495 1495 1495 1495 0
country/curacao/ 1495 1495 1495 1495 1495 0
country/aruba/ 1495 1495 1495 1495 1495 0
country/tanzania/ 1495 1495 1495 0 1495 0
country/mauritius/ 1495 1495 1495 1495 1495 0
country/mayotte/ 1495 1495 1495 0 1495 0
country/togo/ 1495 1495 1495 1495 1495 0
country/guinea/ 1495 1495 1495 1495 1495 0
country/bahamas/ 1495 1495 1495 1495 1495 0
country/isle-of-man/ 1495 1495 1495 0 1495 0
country/lesotho/ 1495 1495 1495 1495 1495 0
country/haiti/ 1495 1495 1495 1495 1495 0
country/faeroe-islands/ 1495 1495 1495 0 1495 0
country/mali/ 1495 1495 1495 1495 1495 0
country/cayman-islands/ 1495 1495 1495 1495 1495 0
country/saint-lucia/ 1495 1495 1495 1495 1495 0
country/benin/ 1495 1495 1495 1495 1495 0
country/somalia/ 1495 1495 1495 1495 1495 0
country/micronesia/ 1495 1495 1495 0 1495 0
country/china-macao-sar/ 1495 1495 1495 1495 1495 0
country/san-marino/ 1495 1495 1495 1495 1495 0
country/solomon-islands/ 1495 1495 1495 0 1495 0
country/congo/ 1495 1495 1495 1495 1495 0
country/timor-leste/ 1495 1495 1495 1495 1495 0
country/burkina-faso/ 1495 1495 1495 1495 1495 0
country/liechtenstein/ 1495 1495 1495 0 1495 0
country/gibraltar/ 1495 1495 1495 0 1495 0
country/grenada/ 1495 1495 1495 1495 1495 0
country/bermuda/ 1495 1495 1495 1495 1495 0
country/south-sudan/ 1495 1495 1495 1495 1495 0
country/nicaragua/ 1495 1495 1495 1495 1495 0
country/tajikistan/ 1495 1495 1495 1495 1495 0
country/equatorial-guinea/ 1495 1495 1495 1495 1495 0
country/monaco/ 1495 1495 1495 0 1495 0
country/samoa/ 1495 1495 1495 1495 1495 0
country/tonga/ 1495 1495 1495 1495 1495 0
country/marshall-islands/ 1495 1495 1495 1495 1495 0
country/dominica/ 1495 1495 1495 1495 1495 0
country/djibouti/ 1495 1495 1495 1495 1495 0
country/central-african-republic/ 1495 1495 1495 1495 1495 0
country/gambia/ 1495 1495 1495 1495 1495 0
country/saint-martin/ 1495 1495 1495 0 1495 0
country/vanuatu/ 1495 1495 1495 1495 1495 0
country/greenland/ 1495 1495 1495 1495 1495 0
country/yemen/ 1495 1495 1495 1495 1495 0
country/caribbean-netherlands/ 1495 1495 1495 1495 1495 0
country/sint-maarten/ 1495 1495 1495 1495 1495 0
country/eritrea/ 1495 1495 1495 1495 1495 0
country/niger/ 1495 1495 1495 1495 1495 0
country/saint-vincent-and-the-grenadines/ 1495 1495 1495 1495 1495 0
country/guinea-bissau/ 1495 1495 1495 1495 1495 0
country/comoros/ 1495 1495 1495 1495 1495 0
country/antigua-and-barbuda/ 1495 1495 1495 1495 1495 0
country/liberia/ 1495 1495 1495 1495 1495 0
country/sierra-leone/ 1495 1495 1495 0 1495 0
country/chad/ 1495 1495 1495 1495 1495 0
country/british-virgin-islands/ 1495 1495 1495 0 1495 0
country/cook-islands/ 1495 1495 1495 1495 1495 0
country/sao-tome-and-principe/ 1495 1495 1495 1495 1495 0
country/turks-and-caicos-islands/ 1495 1495 1495 1495 1495 0
country/saint-kitts-and-nevis/ 1495 1495 1495 1495 1495 0
country/palau/ 938 938 938 938 938 0
country/saint-barthelemy/ 1495 1495 1495 0 1495 0
country/nauru/ 1495 1495 1495 1495 0 0
country/kiribati/ 1495 1495 1495 1495 1495 0
country/anguilla/ 1495 1495 1495 0 1495 0
country/wallis-and-futuna-islands/ 1495 1495 1495 1495 1495 0
country/saint-pierre-and-miquelon/ 1495 1495 1495 1495 1495 0
country/tuvalu/ 1495 1495 1495 0 0 0
country/saint-helena/ 1495 1495 1495 1495 0 0
country/falkland-islands-malvinas/ 1495 1495 1495 1495 0 0
country/montserrat/ 1495 1495 1495 1495 1495 0
country/niue/ 1495 1495 1495 1495 0 0
country/tokelau/ 1495 1495 1495 1495 0 0
country/holy-see/ 1495 1495 1495 1495 0 0
country/western-sahara/ 1495 1495 1495 1495 0 0
