Date	Active Cases	Daily Death	New cases	Recoverd Cases
Feb 15 2020	0	0	0	0
Feb 16 2020	0	0	0	0
Feb 17 2020	0	0	0	0
Feb 18 2020	0	0	0	0
Feb 19 2020	0	0	0	0
Feb 20 2020	0	0	0	0
Feb 21 2020	0	0	0	0
Feb 22 2020	0	0	0	0
Feb 23 2020	0	0	0	0
Feb 24 2020	0	0	0	0
Feb 25 2020	0	0	0	0
Feb 26 2020	0	0	0	0
Feb 27 2020	1	0	0	0
Feb 28 2020	2	0	1	0
Feb 29 2020	7	0	5	0
Mar 01 2020	10	0	3	0
Mar 02 2020	18	0	8	0
Mar 03 2020	23	0	5	0
Mar 04 2020	38	0	15	0
Mar 05 2020	81	1	44	0
Mar 06 2020	127	0	46	0
Mar 07 2020	185	2	60	0
Mar 08 2020	261	1	77	0
Mar 09 2020	317	0	56	0
Mar 10 2020	377	1	61	0
Mar 11 2020	498	0	121	0
Mar 12 2020	602	5	111	0
Mar 13 2020	790	2	190	0
Mar 14 2020	937	8	155	0
Mar 15 2020	1109	4	176	0
Mar 16 2020	1368	19	278	0
Mar 17 2020	1645	15	292	0
Mar 18 2020	1973	18	346	0
Mar 19 2020	2352	30	409	0
Mar 20 2020	2856	30	534	0
Mar 21 2020	3450	43	637	0
Mar 22 2020	3989	34	573	0
Mar 23 2020	4471	63	545	0
Mar 24 2020	5202	80	811	0
Mar 25 2020	5975	78	852	0
Mar 26 2020	6882	112	1019	0
Mar 27 2020	7961	93	1172	0
Mar 28 2020	8988	132	1159	0
Mar 29 2020	9752	93	1104	0
Mar 30 2020	10461	175	884	0
Mar 31 2020	11172	134	845	0
Apr 01 2020	12025	166	1019	0
Apr 02 2020	12960	148	1083	0
Apr 03 2020	13822	164	1026	0
Apr 04 2020	14611	115	904	0
Apr 05 2020	15734	101	1224	0
Apr 06 2020	16452	234	952	0
Apr 07 2020	17082	147	777	0
Apr 08 2020	17903	148	969	0
Apr 09 2020	19001	115	1213	0
Apr 10 2020	20204	132	1335	0
Apr 11 2020	21426	94	1316	0
Apr 12 2020	22514	86	1174	0
Apr 13 2020	23356	122	964	0
Apr 14 2020	24035	189	868	0
Apr 15 2020	24588	181	734	0
Apr 16 2020	25505	144	1061	0
Apr 17 2020	26598	142	1235	0
Apr 18 2020	27655	83	1140	0
Apr 19 2020	28654	67	1066	0
Apr 20 2020	29239	165	750	0
Apr 21 2020	29792	138	729	0
Apr 22 2020	29970	123	708	0
Apr 23 2020	30057	112	887	0
Apr 24 2020	30003	120	806	0
Apr 25 2020	29693	66	655	0
Apr 26 2020	29199	43	655	0
Apr 27 2020	28435	48	400	0
Apr 28 2020	27405	145	171	0
Apr 29 2020	26968	84	386	0
Apr 30 2020	26623	98	514	0
May 01 2020	26083	94	475	0
May 02 2020	25470	69	445	0
May 03 2020	24822	26	335	0
May 04 2020	24057	86	199	0
May 05 2020	23200	36	317	0
May 06 2020	22432	84	232	0
May 07 2020	22123	71	455	0
May 08 2020	21481	63	319	0
May 09 2020	20602	18	289	0
May 10 2020	19514	16	245	0
May 11 2020	18321	54	161	0
May 12 2020	17345	52	196	0
May 13 2020	16632	28	227	0
May 14 2020	16009	53	270	0
May 15 2020	15501	27	200	0
May 16 2020	14646	10	189	0
May 17 2020	13532	14	125	0
May 18 2020	12531	21	146	0
May 19 2020	11561	33	108	0
May 20 2020	11015	27	198	0
May 21 2020	10553	13	253	0
May 22 2020	10023	23	188	0
May 23 2020	9324	11	176	0
May 24 2020	8693	8	172	0
May 25 2020	8229	26	209	0
May 26 2020	7718	15	133	0
May 27 2020	7491	32	190	0
May 28 2020	7506	28	182	0
May 29 2020	7304	20	176	0
May 30 2020	6936	5	131	0
May 31 2020	6645	6	185	0
Jun 01 2020	6304	5	103	0
Jun 02 2020	6066	10	102	0
Jun 03 2020	5950	13	86	0
Jun 04 2020	5840	15	209	0
Jun 05 2020	5827	6	210	0
Jun 06 2020	5559	2	183	0
Jun 07 2020	5478	3	239	0
Jun 08 2020	5342	15	165	0
Jun 09 2020	5265	11	164	0
Jun 10 2020	5297	2	184	0
Jun 11 2020	5258	9	164	0
Jun 12 2020	5246	4	210	0
Jun 13 2020	5157	2	179	0
Jun 14 2020	5096	6	143	0
Jun 15 2020	5073	5	165	0
Jun 16 2020	5088	4	139	0
Jun 17 2020	5059	4	117	0
Jun 18 2020	5067	3	115	0
Jun 19 2020	4971	8	107	0
Jun 20 2020	4801	1	76	0
Jun 21 2020	4705	0	91	0
Jun 22 2020	4589	5	65	0
Jun 23 2020	4484	2	64	0
Jun 24 2020	4356	3	82	0
Jun 25 2020	4333	3	110	0
Jun 26 2020	4235	2	91	0
Jun 27 2020	4124	0	69	0
Jun 28 2020	4019	2	73	0
Jun 29 2020	3960	6	76	0
Jun 30 2020	3829	2	50	0
Jul 01 2020	3787	3	62	0
Jul 02 2020	3763	2	77	0
Jul 03 2020	3748	6	75	0
Jul 04 2020	3605	1	61	0
Jul 05 2020	3468	1	73	0
Jul 06 2020	3318	4	36	0
Jul 07 2020	3117	3	37	0
Jul 08 2020	3007	0	52	0
Jul 09 2020	2895	0	52	0
Jul 10 2020	2753	0	42	0
Jul 11 2020	2670	0	81	0
Jul 12 2020	2561	0	101	0
Jul 13 2020	2453	0	71	0
Jul 14 2020	2362	1	53	0
Jul 15 2020	2304	0	106	0
Jul 16 2020	2264	0	99	0
Jul 17 2020	2250	0	103	0
Jul 18 2020	2262	0	127	0
Jul 19 2020	2299	0	144	0
Jul 20 2020	2408	0	185	0
Jul 21 2020	2477	3	163	0
Jul 22 2020	2583	0	168	0
Jul 23 2020	2682	0	163	0
Jul 24 2020	2791	0	191	0
Jul 25 2020	2817	1	137	0
Jul 26 2020	2940	1	214	0
Jul 27 2020	3073	4	205	0
Jul 28 2020	3225	2	223	0
Jul 29 2020	3398	0	247	0
Jul 30 2020	3690	0	342	0
Jul 31 2020	3965	1	338	0
Aug 01 2020	4319	1	431	0
Aug 02 2020	4611	0	366	0
Aug 03 2020	4921	1	372	0
Aug 04 2020	5331	3	485	0
Aug 05 2020	5724	0	426	0
Aug 06 2020	6287	1	601	0
Aug 07 2020	6752	3	519	0
Aug 08 2020	7189	0	486	0
Aug 09 2020	7724	0	577	0
Aug 10 2020	8271	2	630	0
Aug 11 2020	8949	2	779	0
Aug 12 2020	9530	4	654	0
Aug 13 2020	10056	2	577	0
Aug 14 2020	10586	2	636	0
Aug 15 2020	11141	3	655	0
Aug 16 2020	11548	0	507	0
Aug 17 2020	11900	3	482	0
Aug 18 2020	12242	6	489	0
Aug 19 2020	12605	10	552	0
Aug 20 2020	12977	4	529	0
Aug 21 2020	13343	5	535	0
Aug 22 2020	13693	0	508	0
Aug 23 2020	13957	2	457	0
Aug 24 2020	14391	5	574	0
Aug 25 2020	14589	8	415	0
Aug 26 2020	14960	3	571	0
Aug 27 2020	15248	2	510	0
Aug 28 2020	15506	4	507	0
Aug 29 2020	15669	0	501	0
Aug 30 2020	15839	0	508	0
Aug 31 2020	15929	6	527	0
Sep 01 2020	16026	5	462	0
Sep 02 2020	16393	0	734	0
Sep 03 2020	16507	2	601	0
Sep 04 2020	16823	4	744	0
Sep 05 2020	16878	2	654	0
Sep 06 2020	17286	0	925	0
Sep 07 2020	17596	1	797	0
Sep 08 2020	17982	2	964	0
Sep 09 2020	18491	3	1140	0
Sep 10 2020	18535	3	823	0
Sep 11 2020	19153	1	1270	0
Sep 12 2020	19807	1	1231	0
Sep 13 2020	20257	2	1087	0
Sep 14 2020	20902	2	1300	0
Sep 15 2020	21774	2	1379	0
Sep 16 2020	22830	6	1542	0
Sep 17 2020	24093	7	1753	0
Sep 18 2020	25520	2	1974	0
Sep 19 2020	26876	4	1887	0
Sep 20 2020	28187	2	1844	0
Sep 21 2020	29888	10	2217	0
Sep 22 2020	31681	5	2245	0
Sep 23 2020	33453	16	2357	0
Sep 24 2020	35582	16	2544	0
Sep 25 2020	37766	38	2777	0
Sep 26 2020	39999	8	2713	0
Sep 27 2020	42489	6	2995	0
Sep 28 2020	44895	13	2914	0
Sep 29 2020	47398	13	3011	0
Sep 30 2020	50165	13	3294	0
Oct 01 2020	52959	9	3252	0
Oct 02 2020	56038	21	3825	0
Oct 03 2020	59420	5	3967	0
Oct 04 2020	62677	7	4003	0
Oct 05 2020	66588	21	4579	0
Oct 06 2020	70176	36	4528	0
Oct 07 2020	74391	13	4989	0
Oct 08 2020	79249	13	5822	0
Oct 09 2020	84070	23	5971	0
Oct 10 2020	89752	17	6499	0
Oct 11 2020	94860	12	6373	0
Oct 12 2020	100451	35	6845	0
Oct 13 2020	106745	32	7378	0
Oct 14 2020	112735	29	7287	0
Oct 15 2020	119160	16	7791	0
Oct 16 2020	125589	29	7984	0
Oct 17 2020	131965	14	8114	0
Oct 18 2020	138170	17	8182	0
Oct 19 2020	144246	46	7992	0
Oct 20 2020	150554	59	8165	0
Oct 21 2020	157093	46	8743	0
Oct 22 2020	164120	45	9271	0
Oct 23 2020	171749	55	9996	0
Oct 24 2020	177884	27	8651	0
Oct 25 2020	185310	26	10202	0
Oct 26 2020	192896	70	10343	0
Oct 27 2020	200203	60	10292	0
Oct 28 2020	205395	56	8102	0
Oct 29 2020	212617	87	10264	0
Oct 30 2020	220479	50	11119	0
Oct 31 2020	227042	39	9804	0
Nov 01 2020	231910	29	8683	0
Nov 02 2020	236145	113	8286	0
Nov 03 2020	239892	106	7743	0
Nov 04 2020	242965	87	7633	0
Nov 05 2020	245371	118	6965	0
Nov 06 2020	247669	73	7242	0
Nov 07 2020	248547	44	6671	0
Nov 08 2020	248245	39	5664	0
Nov 09 2020	246367	98	4680	0
Nov 10 2020	244685	74	4667	0
Nov 11 2020	243232	89	5407	0
Nov 12 2020	241523	54	5634	0
Nov 13 2020	240296	85	6091	0
Nov 14 2020	238461	43	5914	0
Nov 15 2020	235889	44	5413	0
Nov 16 2020	232563	86	4830	0
Nov 17 2020	228687	82	4302	0
Nov 18 2020	225313	73	4609	0
Nov 19 2020	222815	51	5645	0
Nov 20 2020	220008	48	5933	0
Nov 21 2020	216834	21	6070	0
Nov 22 2020	212193	54	5388	0
Nov 23 2020	208676	90	5170	0
Nov 24 2020	202416	74	3926	0
Nov 25 2020	196981	75	4909	0
Nov 26 2020	191151	83	4470	0
Nov 27 2020	188816	59	5743	0
Nov 28 2020	183047	23	4459	0
Nov 29 2020	177509	27	5585	0
Nov 30 2020	172238	62	4568	0
Dec 01 2020	167596	66	4045	0
Dec 02 2020	164236	61	4921	0
Dec 03 2020	162102	58	5606	0
Dec 04 2020	160362	39	5874	0
Dec 05 2020	159932	25	6521	0
Dec 06 2020	159477	17	6779	0
Dec 07 2020	159819	71	7067	0
Dec 08 2020	160306	66	6146	0
Dec 09 2020	162159	61	6528	0
Dec 10 2020	166209	64	8720	0
Dec 11 2020	169651	53	8838	0
Dec 12 2020	173121	29	9080	0
Dec 13 2020	176909	34	9884	0
Dec 14 2020	179400	86	8457	0
Dec 15 2020	180628	78	6633	0
Dec 16 2020	186970	75	11169	0
Dec 17 2020	195438	84	12779	0
Dec 18 2020	202790	54	11931	0
Dec 19 2020	209384	32	12217	0
Dec 20 2020	216487	28	13032	0
Dec 21 2020	221499	114	11168	0
Dec 22 2020	225931	104	9810	0
Dec 23 2020	231164	89	10388	0
Dec 24 2020	238728	98	11499	0
Dec 25 2020	245358	46	11487	0
Dec 26 2020	250754	28	9848	0
Dec 27 2020	254075	44	9080	0
Dec 28 2020	256905	170	7415	0
Dec 29 2020	258880	112	7502	0
Dec 30 2020	263714	108	9398	0
Dec 31 2020	269361	97	9681	0
Jan 01 2021	272684	36	8183	0
Jan 02 2021	275668	47	8601	0
Jan 03 2021	277176	63	7398	0
Jan 04 2021	277130	151	6563	0
Jan 05 2021	276667	173	6338	0
Jan 06 2021	276787	85	7099	0
Jan 07 2021	280266	87	9627	0
Jan 08 2021	281813	136	8124	0
Jan 09 2021	280496	54	7321	0
Jan 10 2021	278274	50	6612	0
Jan 11 2021	274508	152	5416	0
Jan 12 2021	269526	122	4872	0
Jan 13 2021	267188	89	6086	0
Jan 14 2021	267016	94	6466	0
Jan 15 2021	261853	97	6009	0
Jan 16 2021	254390	41	5260	0
Jan 17 2021	248048	50	5598	0
Jan 18 2021	240529	106	4754	0
Jan 19 2021	231789	86	4272	0
Jan 20 2021	226148	89	5530	0
Jan 21 2021	222116	85	5774	0
Jan 22 2021	217469	88	5744	0
Jan 23 2021	211442	30	5414	0
Jan 24 2021	204837	39	4891	0
Jan 25 2021	198959	86	4017	0
Jan 26 2021	193814	68	3917	0
Jan 27 2021	191110	83	4726	0
Jan 28 2021	188294	56	4659	0
Jan 29 2021	183215	87	4350	0
Jan 30 2021	177755	39	4173	0
Jan 31 2021	173284	27	3700	0
Feb 01 2021	167815	83	3188	0
Feb 02 2021	164000	61	3561	0
Feb 03 2021	161446	65	4013	0
Feb 04 2021	159306	60	4193	0
Feb 05 2021	156527	61	4321	0
Feb 06 2021	150988	48	4075	0
Feb 07 2021	146821	25	3934	0
Feb 08 2021	141663	83	2221	0
Feb 09 2021	136799	79	1744	0
Feb 10 2021	134573	72	3183	0
Feb 11 2021	134102	65	4394	0
Feb 12 2021	132356	66	4341	0
Feb 13 2021	130127	23	4194	0
Feb 14 2021	127561	27	3447	0
Feb 15 2021	125052	86	2810	0
Feb 16 2021	122153	88	2701	0
Feb 17 2021	120776	72	3361	0
Feb 18 2021	121045	49	4518	0
Feb 19 2021	120228	62	4726	0
Feb 20 2021	119064	17	4565	0
Feb 21 2021	117979	32	4674	0
Feb 22 2021	116665	94	4162	0
Feb 23 2021	115602	63	3797	0
Feb 24 2021	115978	32	4362	0
Feb 25 2021	117039	65	5011	0
Feb 26 2021	117451	40	5113	0
Feb 27 2021	117749	20	4937	0
Feb 28 2021	118067	21	4669	0
Mar 01 2021	117612	65	3762	0
Mar 02 2021	117910	48	3981	0
Mar 03 2021	119734	33	4997	0
Mar 04 2021	120288	32	4114	0
Mar 05 2021	120935	41	4669	0
Mar 06 2021	122089	30	5336	0
Mar 07 2021	122296	28	4526	0
Mar 08 2021	122027	56	3834	0
Mar 09 2021	122411	31	4293	0
Mar 10 2021	125443	50	5272	0
Mar 11 2021	129045	26	5322	0
Mar 12 2021	131892	22	6026	0
Mar 13 2021	133893	23	6396	0
Mar 14 2021	135531	18	5974	0
Mar 15 2021	136792	32	5469	0
Mar 16 2021	138233	46	4902	0
Mar 17 2021	141360	33	5924	0
Mar 18 2021	144771	46	6125	0
Mar 19 2021	148815	16	7375	0
Mar 20 2021	151891	15	7593	0
Mar 21 2021	154130	15	6965	0
Mar 22 2021	155792	49	6261	0
Mar 23 2021	156695	32	5560	0
Mar 24 2021	160118	26	7579	0
Mar 25 2021	164025	24	7702	0
Mar 26 2021	167220	29	7562	0
Mar 27 2021	171021	15	8798	0
Mar 28 2021	173345	8	7430	0
Mar 29 2021	175098	36	6718	0
Mar 30 2021	176265	28	5828	0
Mar 31 2021	180143	21	7633	0
Apr 01 2021	183993	17	7827	0
Apr 02 2021	186235	31	7253	0
Apr 03 2021	189765	15	7628	0
Apr 04 2021	191925	8	6822	0
Apr 05 2021	191897	20	5320	0
Apr 06 2021	192909	23	5541	0
Apr 07 2021	195426	18	6346	0
Apr 08 2021	198893	41	7783	0
Apr 09 2021	201274	23	7635	0
Apr 10 2021	203634	17	7676	0
Apr 11 2021	205823	20	8218	0
Apr 12 2021	206093	29	6675	0
Apr 13 2021	206808	27	6685	0
Apr 14 2021	206737	14	5386	0
Apr 15 2021	210556	12	8734	0
Apr 16 2021	213513	31	8898	0
Apr 17 2021	215673	12	8285	0
Apr 18 2021	216812	22	8505	0
Apr 19 2021	216321	27	7117	0
Apr 20 2021	216183	17	6822	0
Apr 21 2021	218400	20	8471	0
Apr 22 2021	222454	14	9611	0
Apr 23 2021	224083	22	9210	0
Apr 24 2021	224444	11	8060	0
Apr 25 2021	224904	13	8013	0
Apr 26 2021	222286	31	6200	0
Apr 27 2021	220195	11	5337	0
Apr 28 2021	222135	22	8649	0
Apr 29 2021	223567	22	7271	0
Apr 30 2021	223693	21	7758	0
May 01 2021	221640	3	5755	0
May 02 2021	219899	17	5508	0
May 03 2021	221429	32	9187	0
May 04 2021	222325	24	7725	0
May 05 2021	224287	23	7273	0
May 06 2021	225537	22	6789	0
May 07 2021	226666	29	7481	0
May 08 2021	226300	4	7399	0
May 09 2021	225231	16	6553	0
May 10 2021	223373	44	5858	0
May 11 2021	220673	16	5518	0
May 12 2021	220384	14	6356	0
May 13 2021	219718	10	6013	0
May 14 2021	219848	13	5515	0
May 15 2021	215557	13	4446	0
May 16 2021	211101	7	4436	0
May 17 2021	205641	17	2829	0
May 18 2021	202454	15	5326	0
May 19 2021	199885	18	4549	0
May 20 2021	197698	12	4632	0
May 21 2021	193375	18	4148	0
May 22 2021	186932	6	3162	0
May 23 2021	181151	11	3422	0
May 24 2021	175774	13	2690	0
May 25 2021	170224	10	2462	0
May 26 2021	166775	16	2754	0
May 27 2021	164761	15	3328	0
May 28 2021	159972	8	3852	0
May 29 2021	156091	6	3381	0
May 30 2021	151058	2	2719	0
May 31 2021	147342	9	2042	0
Jun 01 2021	144144	12	2320	0
Jun 02 2021	137454	14	2502	0
Jun 03 2021	132468	8	2735	0
Jun 04 2021	127582	9	2382	0
Jun 05 2021	122919	3	2121	0
Jun 06 2021	116974	3	1530	0
Jun 07 2021	110941	14	1377	0
Jun 08 2021	105805	5	1419	0
Jun 09 2021	101670	5	1714	0
Jun 10 2021	97715	3	1561	0
Jun 11 2021	92741	0	1377	0
Jun 12 2021	87933	3	1205	0
Jun 13 2021	83456	3	1041	0
Jun 14 2021	79864	1	852	0
Jun 15 2021	76459	4	1032	0
Jun 16 2021	74645	2	1016	0
Jun 17 2021	70385	2	1064	0
Jun 18 2021	66724	2	888	0
Jun 19 2021	62779	1	686	0
Jun 20 2021	59333	1	701	0
Jun 21 2021	56728	3	559	0
Jun 22 2021	53989	4	686	0
Jun 23 2021	51953	1	652	0
Jun 24 2021	50190	5	700	0
Jun 25 2021	48078	0	641	0
Jun 26 2021	45306	1	552	0
Jun 27 2021	41952	0	498	0
Jun 28 2021	39125	4	557	0
Jun 29 2021	36944	0	538	0
Jun 30 2021	35537	3	634	0
Jul 01 2021	34035	7	825	0
Jul 02 2021	32476	1	941	0
Jul 03 2021	30873	0	1125	0
Jul 04 2021	29706	1	1215	0
Jul 05 2021	29103	1	1519	0
Jul 06 2021	29781	2	2209	0
Jul 07 2021	32049	2	3646	0
Jul 08 2021	36061	2	5431	0
Jul 09 2021	41274	1	6926	0
Jul 10 2021	49998	0	10283	0
Jul 11 2021	57939	1	9318	0
Jul 12 2021	65172	3	8441	0
Jul 13 2021	71952	1	7821	0
Jul 14 2021	81526	3	10426	0
Jul 15 2021	91469	2	10976	0
Jul 16 2021	101753	0	11297	0
Jul 17 2021	111726	1	11036	0
Jul 18 2021	120971	2	10135	0
Jul 19 2021	129155	5	8874	0
Jul 20 2021	135152	3	6699	0
Jul 21 2021	141492	3	6897	0
Jul 22 2021	147039	3	6233	0
Jul 23 2021	152781	4	6395	0
Jul 24 2021	157349	4	5269	0
Jul 25 2021	161295	1	4584	0
Jul 26 2021	164595	3	3851	0
Jul 27 2021	168047	8	3957	0
Jul 28 2021	170945	3	3455	0
Jul 29 2021	174824	6	4415	0
Jul 30 2021	177574	6	3387	0
Jul 31 2021	179678	2	2925	0
Aug 01 2021	181047	0	2304	0
Aug 02 2021	182015	3	2094	0
Aug 03 2021	182977	7	2184	0
Aug 04 2021	184213	11	2763	0
Aug 05 2021	185361	8	3358	0
Aug 06 2021	184624	9	2907	0
Aug 07 2021	181591	2	2392	0
Aug 08 2021	176964	2	2292	0
Aug 09 2021	168702	7	2026	0
Aug 10 2021	161538	9	2161	0
Aug 11 2021	155209	7	2112	0
Aug 12 2021	149954	6	2563	0
Aug 13 2021	142206	6	2677	0
Aug 14 2021	133536	3	2303	0
Aug 15 2021	124492	6	2253	0
Aug 16 2021	115682	5	2228	0
Aug 17 2021	107852	7	2306	0
Aug 18 2021	101754	6	2777	0
Aug 19 2021	97544	6	2488	0
Aug 20 2021	92854	8	2209	0
Aug 21 2021	89030	5	2408	0
Aug 22 2021	85092	4	2453	0
Aug 23 2021	82207	11	2390	0
Aug 24 2021	80057	7	2437	0
Aug 25 2021	79038	7	2828	0
Aug 26 2021	77678	4	2594	0
Aug 27 2021	77036	9	2815	0
Aug 28 2021	75073	2	2450	0
Aug 29 2021	73982	2	2289	0
Aug 30 2021	73218	12	2171	0
Aug 31 2021	73226	2	2312	0
Sep 01 2021	73966	5	2827	0
Sep 02 2021	74548	9	2773	0
Sep 03 2021	74321	9	2540	0
Sep 04 2021	73661	2	2691	0
Sep 05 2021	73107	3	2347	0
Sep 06 2021	72824	8	2115	0
Sep 07 2021	72984	7	2456	0
Sep 08 2021	73744	3	2781	0
Sep 09 2021	73948	4	2362	0
Sep 10 2021	74520	6	2687	0
Sep 11 2021	74158	1	2198	0
Sep 12 2021	73565	4	2082	0
Sep 13 2021	72992	10	1739	0
Sep 14 2021	72745	7	2009	0
Sep 15 2021	72874	7	2354	0
Sep 16 2021	72663	10	2098	0
Sep 17 2021	72027	4	2138	0
Sep 18 2021	71546	3	2000	0
Sep 19 2021	70995	9	1663	0
Sep 20 2021	69911	5	1326	0
Sep 21 2021	69127	4	1664	0
Sep 22 2021	68630	12	1900	0
Sep 23 2021	68017	3	1823	0
Sep 24 2021	66880	2	1681	0
Sep 25 2021	65880	1	1592	0
Sep 26 2021	64660	4	1597	0
Sep 27 2021	63590	8	1387	0
Sep 28 2021	63006	6	1707	0
Sep 29 2021	62596	2	1755	0
Sep 30 2021	61987	6	1703	0
Oct 01 2021	60870	5	1713	0
Oct 02 2021	59760	1	1658	0
Oct 03 2021	58826	2	1603	0
Oct 04 2021	57753	7	1624	0
Oct 05 2021	57287	3	1882	0
Oct 06 2021	57068	6	1895	0
Oct 07 2021	57359	2	2746	0
Oct 08 2021	57343	2	2761	0
Oct 09 2021	57484	0	2501	0
Oct 10 2021	57052	5	2258	0
Oct 11 2021	57559	6	2711	0
Oct 12 2021	58357	12	2887	0
Oct 13 2021	60336	4	3716	0
Oct 14 2021	61956	6	3623	0
Oct 15 2021	63310	5	3709	0
Oct 16 2021	64914	6	3702	0
Oct 17 2021	66451	2	3672	0
Oct 18 2021	67798	13	3354	0
Oct 19 2021	70022	10	3895	0
Oct 20 2021	73276	7	4574	0
Oct 21 2021	76807	10	5195	0
Oct 22 2021	80759	23	5868	0
Oct 23 2021	84621	1	5676	0
Oct 24 2021	89247	6	6290	0
Oct 25 2021	92932	20	5296	0
Oct 26 2021	97072	16	5747	0
Oct 27 2021	102950	15	7260	0
Oct 28 2021	108929	13	7683	0
Oct 29 2021	114565	13	7389	0
Oct 30 2021	120803	14	7942	0
Oct 31 2021	127263	12	8172	0
Nov 01 2021	133295	18	7694	0
Nov 02 2021	139398	33	7727	0
Nov 03 2021	146878	23	9109	0
Nov 04 2021	155223	20	10214	0
Nov 05 2021	164226	36	10911	0
Nov 06 2021	173446	8	11954	0
Nov 07 2021	182048	22	11349	0
Nov 08 2021	191330	29	11804	0
Nov 09 2021	200351	25	11282	0
Nov 10 2021	210291	26	12648	0
Nov 11 2021	223684	32	16287	0
Nov 12 2021	236165	33	16204	0
Nov 13 2021	246416	6	13848	0
Nov 14 2021	254748	16	12024	0
Nov 15 2021	270214	35	19197	0
Nov 16 2021	286682	44	20168	0
Nov 17 2021	304089	34	20760	0
Nov 18 2021	323792	37	23591	0
Nov 19 2021	340223	55	21026	0
Nov 20 2021	356848	11	21794	0
Nov 21 2021	371649	29	20643	0
Nov 22 2021	388933	53	23002	0
Nov 23 2021	405578	50	22956	0
Nov 24 2021	423984	60	23709	0
Nov 25 2021	440412	59	22184	0
Nov 26 2021	454435	55	21278	0
Nov 27 2021	468797	45	22031	0
Nov 28 2021	483564	32	22133	0
Nov 29 2021	497045	65	21443	0
Nov 30 2021	511014	45	22154	0
Dec 01 2021	521835	65	18515	0
Dec 02 2021	537134	62	23043	0
Dec 03 2021	549563	56	21529	0
Dec 04 2021	561998	26	22613	0
Dec 05 2021	574187	34	23078	0
Dec 06 2021	583156	68	20965	0
Dec 07 2021	589680	72	17911	0
Dec 08 2021	595929	77	18062	0
Dec 09 2021	604397	85	19763	0
Dec 10 2021	609227	70	17471	0
Dec 11 2021	610699	38	17712	0
Dec 12 2021	611125	28	16588	0
Dec 13 2021	611024	74	13783	0
Dec 14 2021	611747	41	12760	0
Dec 15 2021	606038	55	13469	0
Dec 16 2021	602174	60	16323	0
Dec 17 2021	596786	50	15367	0
Dec 18 2021	587823	48	14616	0
Dec 19 2021	580070	36	13259	0
Dec 20 2021	570448	30	12154	0
Dec 21 2021	559098	47	9304	0
Dec 22 2021	549430	40	13344	0
Dec 23 2021	539813	40	13332	0
Dec 24 2021	528523	44	12423	0
Dec 25 2021	518932	11	12564	0
Dec 26 2021	509572	12	11886	0
Dec 27 2021	498909	75	11432	0
Dec 28 2021	485850	49	9111	0
Dec 29 2021	480150	40	15708	0
Dec 30 2021	472791	32	14778	0
Dec 31 2021	470995	27	16706	0
Jan 01 2022	463548	6	15570	0
Jan 02 2022	459510	14	17478	0
Jan 03 2022	451420	19	14536	0
Jan 04 2022	446823	39	18506	0
Jan 05 2022	450355	12	24490	0
Jan 06 2022	457034	24	24575	0
Jan 07 2022	473848	8	34872	0
Jan 08 2022	481992	7	27890	0
Jan 09 2022	497005	8	32484	0
Jan 10 2022	507173	18	27891	0
Jan 11 2022	519624	8	29039	0
Jan 12 2022	537889	13	32043	0
Jan 13 2022	558466	15	33344	0
Jan 14 2022	580456	6	35452	0
Jan 15 2022	595994	7	31853	0
Jan 16 2022	616861	3	36231	0
Jan 17 2022	644594	10	42352	0
Jan 18 2022	671768	10	40440	0
Jan 19 2022	706909	10	47295	0
Jan 20 2022	746618	12	49015	0
Jan 21 2022	799840	10	66566	0
Jan 22 2022	841671	1	55152	0
Jan 23 2022	903670	8	74420	0
Jan 24 2022	964824	8	73725	0
Jan 25 2022	1016189	12	63255	0
Jan 26 2022	1072462	14	67711	0
Jan 27 2022	1137004	9	73650	0
Jan 28 2022	1204416	8	83114	0
Jan 29 2022	1238184	2	48539	0
Jan 30 2022	1305745	0	84259	0
Jan 31 2022	1427019	5	121277	0
Feb 01 2022	1508895	16	114935	0
Feb 02 2022	1570429	10	76064	0
Feb 03 2022	1643893	7	91967	0
Feb 04 2022	1697419	3	78012	0
Feb 05 2022	1722055	10	49218	0
Feb 06 2022	1791164	9	103980	0
Feb 07 2022	1849994	4	86715	0
Feb 08 2022	2039375	0	189377	0
Feb 09 2022	2065531	7	86538	0
Feb 10 2022	2123263	15	86779	0
Feb 11 2022	2171826	19	80610	0
Feb 12 2022	2208840	12	70351	0
Feb 13 2022	2233550	7	60157	0
Feb 14 2022	2256709	6	55011	0
Feb 15 2022	2273978	12	53506	0
Feb 16 2022	2295491	18	63871	0
Feb 17 2022	2311430	17	56378	0
Feb 18 2022	2313419	16	49283	0
Feb 19 2022	2298007	10	33597	0
Feb 20 2022	2267880	8	36437	0
Feb 21 2022	2248717	6	35987	0
Feb 22 2022	2208950	18	34665	0
Feb 23 2022	2175801	11	40569	0
Feb 24 2022	2153721	13	41177	0
Feb 25 2022	2123555	8	37540	0
Feb 26 2022	2082803	6	32896	0
Feb 27 2022	2027075	3	27383	0
Feb 28 2022	2007387	6	28854	0
Mar 01 2022	1959606	16	36488	0
Mar 02 2022	1886822	12	48489	0
Mar 03 2022	1830175	7	58283	0
Mar 04 2022	1822417	10	68309	0
Mar 05 2022	1797659	9	67208	0
Mar 06 2022	1786451	4	66799	0
Mar 07 2022	1801678	0	64441	0
Mar 08 2022	1763917	12	66231	0
Mar 09 2022	1751440	10	74236	0
Mar 10 2022	1636550	41	74518	0
Mar 11 2022	1619226	13	69186	0
Mar 12 2022	1592492	11	60043	0
Mar 13 2022	1564211	8	52326	0
Mar 14 2022	1539754	6	45892	0
Mar 15 2022	1532488	12	52897	0
Mar 16 2022	1537741	11	60263	0
Mar 17 2022	1537894	19	53667	0
Mar 18 2022	1528239	19	54216	0
Mar 19 2022	1513325	11	41456	0
Mar 20 2022	1498868	8	34823	0
Mar 21 2022	1497197	3	31921	0
Mar 22 2022	1501273	24	40534	0
Mar 23 2022	1508082	16	42788	0
Mar 24 2022	1512504	15	39086	0
Mar 25 2022	1506919	20	34989	0
Mar 26 2022	1493891	21	28150	0
Mar 27 2022	1481386	6	25020	0
Mar 28 2022	1469948	10	21462	0
Mar 29 2022	1473234	18	30677	0
Mar 30 2022	1472146	35	27783	0
Mar 31 2022	1461086	23	25416	0
Apr 01 2022	1434397	10	21787	0
Apr 02 2022	1393030	12	16918	0
Apr 03 2022	1335496	10	10773	0
Apr 04 2022	1280615	7	12324	0
Apr 05 2022	1227841	14	14032	0
Apr 06 2022	1176478	21	13085	0
Apr 07 2022	1123070	8	12810	0
Apr 08 2022	1059731	14	10903	0
Apr 09 2022	995099	16	9888	0
Apr 10 2022	1002267	2	7170	0
Apr 11 2022	879679	3	6626	0
Apr 12 2022	833607	16	6267	0
Apr 13 2022	792654	20	4943	0
Apr 14 2022	744460	11	4694	0
Apr 15 2022	688333	8	4133	0
Apr 16 2022	691836	0	3495	0
Apr 17 2022	641007	0	2838	0
Apr 18 2022	588859	7	2075	0
Apr 19 2022	515071	5	2496	0
Apr 20 2022	486649	11	3498	0
Apr 21 2022	449105	18	2997	0
Apr 22 2022	408954	9	2628	0
Apr 23 2022	410989	10	2036	0
Apr 24 2022	373476	5	1578	0
Apr 25 2022	311701	7	1356	0
Apr 26 2022	288578	6	1896	0
Apr 27 2022	290320	3	1739	0
Apr 28 2022	239427	2	1245	0
Apr 29 2022	213321	4	1679	0
Apr 30 2022	214915	6	1596	0
May 01 2022	190786	4	1291	0
May 02 2022	153361	3	1273	0
May 03 2022	144342	6	1757	0
May 04 2022	133699	4	1679	0
May 05 2022	135369	3	1669	0
May 06 2022	109557	1	1303	0
May 07 2022	111036	4	1482	0
May 08 2022	99458	2	1234	0
May 09 2022	79698	2	1027	0
May 10 2022	74107	3	1580	0
May 11 2022	68872	7	1395	0
May 12 2022	64033	4	1425	0
May 13 2022	60367	0	1273	0
May 14 2022	61692	2	1327	0
May 15 2022	58006	0	1008	0
May 16 2022	51198	0	818	0
May 17 2022	49609	3	1252	0
May 18 2022	48720	0	1183	0
May 19 2022	47662	4	1442	0
May 20 2022	45211	5	1048	0
May 21 2022	46393	1	1178	0
May 22 2022	44160	0	764	0
May 23 2022	40233	0	736	0
May 24 2022	39756	3	1104	0
May 25 2022	39455	4	1056	0
May 26 2022	40516	0	1057	0
May 27 2022	37784	0	903	0
May 28 2022	38672	3	891	0
May 29 2022	38252	1	826	0
May 30 2022	35800	0	819	0
May 31 2022	35838	4	1333	0
Jun 01 2022	35958	2	1391	0
Jun 02 2022	35726	1	1524	0
Jun 03 2022	35509	0	1461	0
Jun 04 2022	36947	1	1439	0
Jun 05 2022	36517	0	1239	0
Jun 06 2022	36191	0	977	0
Jun 07 2022	34894	0	1418	0
Jun 08 2022	35719	1	1853	0
Jun 09 2022	36578	3	2441	0
Jun 10 2022	37419	2	2235	0
Jun 11 2022	39840	2	2421	0
Jun 12 2022	40306	2	1893	0
Jun 13 2022	39488	0	1778	0
Jun 14 2022	41364	0	2884	0
Jun 15 2022	43964	1	3419	0
Jun 16 2022	46877	5	4169	0
Jun 17 2022	49553	1	3855	0
Jun 18 2022	53382	2	3830	0
Jun 19 2022	55414	0	3474	0
Jun 20 2022	56105	0	2915	0
Jun 21 2022	60133	2	4794	0
Jun 22 2022	64219	1	4821	0
Jun 23 2022	68616	2	5502	0
Jun 24 2022	72742	4	5184	0
Jun 25 2022	77594	0	4848	0
Jun 26 2022	81016	2	4481	0
Jun 27 2022	82726	2	3504	0
Jun 28 2022	87678	4	5780	0
Jun 29 2022	93126	8	6271	0
Jun 30 2022	98303	8	6510	0
Jul 01 2022	103001	2	6083	0
Jul 02 2022	108658	0	5655	0
Jul 03 2022	111407	1	4274	0
Jul 04 2022	112309	2	3803	0
Jul 05 2022	117724	9	6661	0
Jul 06 2022	123174	4	6422	0
Jul 07 2022	129061	4	7305	0
Jul 08 2022	133910	4	6702	0
Jul 09 2022	140086	1	6173	0
Jul 10 2022	142780	0	5135	0
Jul 11 2022	142221	2	4098	0
Jul 12 2022	147682	2	7354	0
Jul 13 2022	152721	4	6819	0
Jul 14 2022	156888	4	7051	0
Jul 15 2022	159995	5	6527	0
Jul 16 2022	165609	8	5617	0
Jul 17 2022	165617	0	4177	0
Jul 18 2022	161170	3	3233	0
Jul 19 2022	162706	6	5013	0
Jul 20 2022	164293	7	4503	0
Jul 21 2022	163996	4	4494	0
Jul 22 2022	163808	6	4635	0
Jul 23 2022	167978	5	4169	0
Jul 24 2022	165745	3	3272	0
Jul 25 2022	158201	1	2481	0
Jul 26 2022	158159	11	4449	0
Jul 27 2022	158779	7	4120	0
Jul 28 2022	156681	5	3680	0
Jul 29 2022	153649	4	3238	0
Jul 30 2022	156536	1	2884	0
Jul 31 2022	152403	0	2377	0
Aug 01 2022	142729	4	2067	0
Aug 02 2022	141751	3	3295	0
Aug 03 2022	140864	6	2919	0
Aug 04 2022	136639	3	2433	0
Aug 05 2022	132693	2	2475	0
Aug 06 2022	134717	12	2034	0
Aug 07 2022	129019	4	1611	0
Aug 08 2022	117384	1	1225	0
Aug 09 2022	114414	4	2168	0
Aug 10 2022	112433	4	2117	0
Aug 11 2022	106843	2	1762	0
Aug 12 2022	101904	4	1882	0
Aug 13 2022	103572	4	1668	0
Aug 14 2022	97885	0	1364	0
Aug 15 2022	86717	0	971	0
Aug 16 2022	84442	10	1913	0
Aug 17 2022	82892	7	1680	0
Aug 18 2022	79250	2	1366	0
Aug 19 2022	76175	9	1435	0
Aug 20 2022	77455	6	1277	0
Aug 21 2022	73970	1	1010	0
Aug 22 2022	65943	2	772	0
Aug 23 2022	64035	4	1366	0
Aug 24 2022	62817	3	1262	0
Aug 25 2022	59574	2	1205	0
Aug 26 2022	56610	2	1156	0
Aug 27 2022	57795	2	1185	0
Aug 28 2022	54964	1	850	0
Aug 29 2022	49621	1	777	0
Aug 30 2022	48530	1	1286	0
Aug 31 2022	47663	1	1200	0
Sep 01 2022	45539	3	1173	0
Sep 02 2022	43829	2	1208	0
Sep 03 2022	44958	0	1127	0
Sep 04 2022	43409	0	884	0
Sep 05 2022	41735	0	801	0
Sep 06 2022	39539	4	1453	0
Sep 07 2022	41003	2	1462	0
Sep 08 2022	41122	1	1345	0
Sep 09 2022	38058	1	1219	0
Sep 10 2022	39232	3	1176	0
Sep 11 2022	38358	0	888	0
Sep 12 2022	37208	1	733	0
Sep 13 2022	35673	3	1496	0
Sep 14 2022	37077	2	1403	0
Sep 15 2022	37627	1	1522	0
Sep 16 2022	35417	3	1383	0
Sep 17 2022	36566	1	1147	0
Sep 18 2022	36098	0	898	0
Sep 19 2022	35433	0	770	0
Sep 20 2022	34825	3	1681	0
Sep 21 2022	36526	2	1700	0
Sep 22 2022	37509	1	1756	0
Sep 23 2022	36807	4	1927	0
Sep 24 2022	38436	0	1625	0
Sep 25 2022	38678	2	1449	0
Sep 26 2022	38710	1	1189	0
Sep 27 2022	39289	3	2614	0
Sep 28 2022	41810	3	2521	0
Sep 29 2022	43965	2	2934	0
Sep 30 2022	44552	2	3070	0
Oct 01 2022	47344	4	2794	0
Oct 02 2022	48287	0	2116	0
Oct 03 2022	48814	2	1737	0
Oct 04 2022	50645	7	3843	0
Oct 05 2022	54423	11	3782	0
Oct 06 2022	57675	7	4060	0
Oct 07 2022	59972	11	3761	0
Oct 08 2022	62079	3	3572	0
Oct 09 2022	63209	0	2475	0
Oct 10 2022	64028	1	2039	0
Oct 11 2022	65973	6	3982	0
Oct 12 2022	69637	10	3668	0
Oct 13 2022	72621	7	3724	0
Oct 14 2022	73385	2	3648	0
Oct 15 2022	76745	4	3362	0
Oct 16 2022	77581	0	2358	0
Oct 17 2022	78151	1	1954	0
Oct 18 2022	80057	21	3967	0
Oct 19 2022	83433	11	3366	0
Oct 20 2022	85340	7	2684	0
Oct 21 2022	82924	5	952	0
Oct 22 2022	87716	3	4790	0
Oct 23 2022	87651	0	1691	0
Oct 24 2022	87226	0	1502	0
Oct 25 2022	86777	11	2633	0
Oct 26 2022	89191	12	2415	0
Oct 27 2022	90107	9	2114	0
Oct 28 2022	86968	5	1980	0
Oct 29 2022	88546	6	1579	0
Oct 30 2022	86795	1	1184	0
Oct 31 2022	84826	0	1101	0
Nov 01 2022	81888	7	1972	0
Nov 02 2022	83342	9	1456	0
Nov 03 2022	82978	9	1382	0
Nov 04 2022	76575	3	1225	0
Nov 05 2022	77687	4	1095	0
Nov 06 2022	74329	4	706	0
Nov 07 2022	71183	1	616	0
Nov 08 2022	68841	2	1232	0
Nov 09 2022	67450	5	1089	0
Nov 10 2022	66489	8	1086	0
Nov 11 2022	59811	1	962	0
Nov 12 2022	60431	2	608	0
Nov 13 2022	57345	2	640	0
Nov 14 2022	54326	2	631	0
Nov 15 2022	49650	9	1053	0
Nov 16 2022	50628	2	965	0
Nov 17 2022	49550	3	879	0
Nov 18 2022	43068	2	853	0
Nov 19 2022	43652	2	579	0
Nov 20 2022	41520	1	553	0
Nov 21 2022	41170	1	603	0
Nov 22 2022	35655	4	970	0
Nov 23 2022	36438	0	775	0
Nov 24 2022	35793	2	859	0
Nov 25 2022	31554	5	814	0
Nov 26 2022	32126	0	565	0
Nov 27 2022	30591	0	579	0
Nov 28 2022	29121	0	510	0
Nov 29 2022	27402	2	1046	0
Nov 30 2022	28282	4	882	0
Dec 01 2022	28137	3	959	0
Dec 02 2022	25637	4	932	0
Dec 03 2022	26300	0	652	0
Dec 04 2022	25467	0	549	0
Dec 05 2022	24747	2	507	0
Dec 06 2022	23880	4	938	0
Dec 07 2022	24716	4	834	0
Dec 08 2022	25222	4	1126	0
Dec 09 2022	23834	2	935	0
Dec 10 2022	24486	0	642	0
Dec 11 2022	24085	0	685	0
Dec 12 2022	23541	1	419	0
Dec 13 2022	23453	2	1162	0
Dec 14 2022	24471	2	1017	0
Dec 15 2022	24866	1	1027	0
Dec 16 2022	23716	0	868	0
Dec 17 2022	24295	2	578	0
Dec 18 2022	23993	2	579	0
Dec 19 2022	23828	3	691	0
Dec 20 2022	23830	3	1137	0
Dec 21 2022	25198	6	1364	0
Dec 22 2022	25867	6	1278	0
Dec 23 2022	25354	3	1235	0
Dec 24 2022	26077	1	709	0
Dec 25 2022	25983	1	766	0
Dec 26 2022	25890	1	722	0
Dec 27 2022	25405	0	659	0
Dec 28 2022	26678	8	1278	0
Dec 29 2022	27380	7	1219	0
Dec 30 2022	26330	4	882	0
Dec 31 2022	27115	0	766	0
Jan 01 2023	26922	0	766	0
Jan 02 2023	26756	0	766	0
Jan 03 2023	26870	0	766	0
Jan 04 2023	27087	0	766	0
Jan 05 2023	27348	0	768	0
Jan 06 2023	27215	0	805	0
Jan 07 2023	26737	0	356	0
Jan 08 2023	25868	0	257	0
Jan 09 2023	25419	0	486	0
Jan 10 2023	24885	0	793	0
Jan 11 2023	25149	0	264	0
Jan 12 2023	25079	0	349	0
Jan 13 2023	24262	0	345	0
Jan 14 2023	22593	0	375	0
Jan 15 2023	22839	0	246	0
Jan 16 2023	22229	0	258	0
Jan 17 2023	22109	0	458	0
Jan 18 2023	21133	0	294	0
Jan 19 2023	21469	0	336	0
Jan 20 2023	19251	0	283	0
Jan 21 2023	19405	0	154	0
Jan 22 2023	18344	0	217	0
Jan 23 2023	17212	0	103	0
Jan 24 2023	16091	0	354	0
Jan 25 2023	16371	0	280	0
Jan 26 2023	15929	0	280	0
Jan 27 2023	14294	0	302	0
Jan 28 2023	14471	0	177	0
Jan 29 2023	13462	0	210	0
Jan 30 2023	12766	0	186	0
Jan 31 2023	11740	0	506	0
Feb 01 2023	12096	0	356	0
Feb 02 2023	11762	0	432	0
Feb 03 2023	10611	0	381	0
Feb 04 2023	10798	0	187	0
Feb 05 2023	10276	0	246	0
Feb 06 2023	9720	3	252	0
Feb 07 2023	10035	0	671	0
Feb 08 2023	9699	0	407	0
Feb 09 2023	10246	0	544	0
Feb 10 2023	9585	0	396	0
Feb 11 2023	9823	0	238	0
Feb 12 2023	9709	0	235	0
Feb 13 2023	9623	0	259	0
Feb 14 2023	9817	0	815	0
Feb 15 2023	10453	0	636	0
Feb 16 2023	10799	0	604	0
Feb 17 2023	10613	0	566	0
Feb 18 2023	10903	0	290	0
Feb 19 2023	10954	0	387	0
Feb 20 2023	11000	0	329	0
Feb 21 2023	11619	0	990	0
Feb 22 2023	11943	0	324	0
Feb 23 2023	12137	0	297	0
Feb 24 2023	12119	0	336	0
Feb 25 2023	12170	0	331	0
Feb 26 2023	13031	0	1141	0
Feb 27 2023	13659	0	1107	0
Feb 28 2023	14488	0	1039	0
Mar 01 2023	15198	0	710	0
Mar 02 2023	15631	0	619	0
Mar 03 2023	15326	0	557	0
Mar 04 2023	15326	0	0	0
Mar 05 2023	14894	0	0	0
Mar 06 2023	15297	0	784	0
Mar 07 2023	16018	0	1154	0
Mar 08 2023	16765	0	747	0
Mar 09 2023	17345	0	832	0
Mar 10 2023	16834	0	567	0
Mar 11 2023	17356	0	522	0
Mar 12 2023	17257	0	445	0
Mar 13 2023	17416	0	555	0
Mar 14 2023	17888	0	945	0
Mar 15 2023	18236	0	348	0
Mar 16 2023	18414	0	437	0
Mar 17 2023	17441	0	478	0
Mar 18 2023	17585	0	144	0
Mar 19 2023	17151	0	170	0
Mar 20 2023	16774	0	189	0
Mar 21 2023	16727	0	630	0
Mar 22 2023	17050	0	323	0
Mar 23 2023	17074	0	353	0
Mar 24 2023	16078	0	318	0
Mar 25 2023	16078	0	0	0
Mar 26 2023	15781	0	0	0
Mar 27 2023	15828	0	383	0
Mar 28 2023	14829	0	473	0
Mar 29 2023	15084	0	255	0
Mar 30 2023	14201	0	224	0
Mar 31 2023	12655	0	203	0
Apr 01 2023	12655	0	0	0
Apr 02 2023	12036	0	0	0
Apr 03 2023	11611	0	132	0
Apr 04 2023	12190	0	579	0
Apr 05 2023	12190	0	0	0
Apr 06 2023	11406	0	0	0
Apr 07 2023	10252	0	0	0
Apr 08 2023	9505	0	0	0
Apr 09 2023	8673	0	0	0
Apr 10 2023	9211	0	1105	0
Apr 11 2023	8689	0	0	0
Apr 12 2023	8244	0	0	0
Apr 13 2023	7689	0	0	0
Apr 14 2023	6744	0	0	0
Apr 15 2023	6396	0	0	0
Apr 16 2023	5959	0	0	0
Apr 17 2023	6427	0	946	0
Apr 18 2023	6283	0	0	0
Apr 19 2023	6113	0	0	0
Apr 20 2023	5924	0	0	0
Apr 21 2023	5294	0	0	0
Apr 22 2023	4971	0	0	0
Apr 23 2023	4618	0	0	0
Apr 24 2023	5136	0	836	0
Apr 25 2023	5136	0	0	0
Apr 26 2023	5136	0	0	0
Apr 27 2023	4753	0	0	0
Apr 28 2023	4280	0	0	0
Apr 29 2023	4025	0	0	0
Apr 30 2023	3801	0	0	0
May 01 2023	4220	0	622	0
May 02 2023	4220	0	0	0
May 03 2023	4220	0	0	0
May 04 2023	4088	0	0	0
May 05 2023	3509	0	0	0
May 06 2023	3509	0	0	0
May 07 2023	3509	0	0	0
May 08 2023	4100	0	591	0
May 09 2023	4100	0	0	0
May 10 2023	4100	0	0	0
May 11 2023	4100	0	0	0
May 12 2023	4100	0	0	0
May 13 2023	4100	0	0	0
May 14 2023	4100	0	0	0
May 15 2023	4546	0	446	0
May 16 2023	4546	0	0	0
May 17 2023	4546	0	0	0
May 18 2023	4546	0	0	0
May 19 2023	4546	0	0	0
May 20 2023	4546	0	0	0
May 21 2023	4546	0	0	0
May 22 2023	4842	0	296	0
May 23 2023	4842	0	0	0
May 24 2023	4842	0	0	0
May 25 2023	4842	0	0	0
May 26 2023	4842	0	0	0
May 27 2023	4842	0	0	0
May 28 2023	4842	0	0	0
May 29 2023	5112	0	270	0
May 30 2023	5112	0	0	0
May 31 2023	5112	0	0	0
Jun 01 2023	5112	0	0	0
Jun 02 2023	5112	0	0	0
Jun 03 2023	5112	0	0	0
Jun 04 2023	5112	0	0	0
Jun 05 2023	5398	0	286	0
Jun 06 2023	5398	0	0	0
Jun 07 2023	5398	0	0	0
Jun 08 2023	5398	0	0	0
Jun 09 2023	5398	0	0	0
Jun 10 2023	5398	0	0	0
Jun 11 2023	5398	0	0	0
Jun 12 2023	5593	0	195	0
Jun 13 2023	5593	0	0	0
Jun 14 2023	5593	0	0	0
Jun 15 2023	5593	0	0	0
Jun 16 2023	5593	0	0	0
Jun 17 2023	5593	0	0	0
Jun 18 2023	5593	0	0	0
Jun 19 2023	5757	0	164	0
Jun 20 2023	5757	0	0	0
Jun 21 2023	5757	0	0	0
Jun 22 2023	5757	0	0	0
Jun 23 2023	5757	0	0	0
Jun 24 2023	5757	0	0	0
Jun 25 2023	5757	0	0	0
Jun 26 2023	5871	0	114	0
Jun 27 2023	5871	0	0	0
Jun 28 2023	5871	0	0	0
Jun 29 2023	5871	0	0	0
Jun 30 2023	5871	0	0	0
Jul 01 2023	5871	0	0	0
Jul 02 2023	5871	0	0	0
Jul 03 2023	5997	0	126	0
Jul 04 2023	5997	0	0	0
Jul 05 2023	5997	0	0	0
Jul 06 2023	5997	0	0	0
Jul 07 2023	5997	0	0	0
Jul 08 2023	5997	0	0	0
Jul 09 2023	5997	0	0	0
Jul 10 2023	6071	0	74	0
Jul 11 2023	6071	0	0	0
Jul 12 2023	6071	0	0	0
Jul 13 2023	6071	0	0	0
Jul 14 2023	6071	0	0	0
Jul 15 2023	6071	0	0	0
Jul 16 2023	6071	0	0	0
Jul 17 2023	6154	0	83	0
Jul 18 2023	6154	0	0	0
Jul 19 2023	6154	0	0	0
Jul 20 2023	6154	0	0	0
Jul 21 2023	6154	0	0	0
Jul 22 2023	6154	0	0	0
Jul 23 2023	6154	0	0	0
Jul 24 2023	6260	0	106	0
Jul 25 2023	6260	0	0	0
Jul 26 2023	6260	0	0	0
Jul 27 2023	6260	0	0	0
Jul 28 2023	6260	0	0	0
Jul 29 2023	6260	0	0	0
Jul 30 2023	6260	0	0	0
Jul 31 2023	6348	0	88	0
Aug 01 2023	6348	0	0	0
Aug 02 2023	6348	0	0	0
Aug 03 2023	6348	0	0	0
Aug 04 2023	6348	0	0	0
Aug 05 2023	6348	0	0	0
Aug 06 2023	6348	0	0	0
Aug 07 2023	6476	0	128	0
Aug 08 2023	6476	0	0	0
Aug 09 2023	6476	0	0	0
Aug 10 2023	6476	0	0	0
Aug 11 2023	6476	0	0	0
Aug 12 2023	6476	0	0	0
Aug 13 2023	6476	0	0	0
Aug 14 2023	6654	0	178	0
Aug 15 2023	6654	0	0	0
Aug 16 2023	6654	0	0	0
Aug 17 2023	6654	0	0	0
Aug 18 2023	6654	0	0	0
Aug 19 2023	6654	0	0	0
Aug 20 2023	6654	0	0	0
Aug 21 2023	6854	0	200	0
Aug 22 2023	6854	0	0	0
Aug 23 2023	6854	0	0	0
Aug 24 2023	6854	0	0	0
Aug 25 2023	6854	0	0	0
Aug 26 2023	6854	0	0	0
Aug 27 2023	6854	0	0	0
Aug 28 2023	7141	0	287	0
Aug 29 2023	7141	0	0	0
Aug 30 2023	7141	0	0	0
Aug 31 2023	7141	0	0	0
Sep 01 2023	7141	0	0	0
Sep 02 2023	7141	0	0	0
Sep 03 2023	7141	0	0	0
Sep 04 2023	7400	0	259	0
Sep 05 2023	7400	0	0	0
Sep 06 2023	7400	0	0	0
Sep 07 2023	7400	0	0	0
Sep 08 2023	7400	0	0	0
Sep 09 2023	7400	0	0	0
Sep 10 2023	7400	0	0	0
Sep 11 2023	7754	0	354	0
Sep 12 2023	7754	0	0	0
Sep 13 2023	7754	0	0	0
Sep 14 2023	1113	0	0	0
Sep 15 2023	1113	0	0	0
Sep 16 2023	1113	0	0	0
Sep 17 2023	1113	0	0	0
Sep 18 2023	1506	0	393	0
Sep 19 2023	1506	0	0	0
Sep 20 2023	1506	0	0	0
Sep 21 2023	1316	0	0	0
Sep 22 2023	1316	0	0	0
Sep 23 2023	1316	0	0	0
Sep 24 2023	1316	0	0	0
Sep 25 2023	1719	0	403	0
Sep 26 2023	1719	0	0	0
Sep 27 2023	1719	0	0	0
Sep 28 2023	1510	0	0	0
Sep 29 2023	1510	0	0	0
Sep 30 2023	1510	0	0	0
Oct 01 2023	1510	0	0	0
Oct 02 2023	1855	0	345	0
Oct 03 2023	1855	0	0	0
Oct 04 2023	1855	0	0	0
Oct 05 2023	1564	0	0	0
Oct 06 2023	1564	0	0	0
Oct 07 2023	1564	0	0	0
Oct 08 2023	1564	0	0	0
Oct 09 2023	2002	0	438	0
Oct 10 2023	2002	0	0	0
Oct 11 2023	2002	0	0	0
Oct 12 2023	1649	0	0	0
Oct 13 2023	1649	0	0	0
Oct 14 2023	1649	0	0	0
Oct 15 2023	1649	0	0	0
Oct 16 2023	1995	0	346	0
Oct 17 2023	1995	0	0	0
Oct 18 2023	1995	0	0	0
Oct 19 2023	1574	0	0	0
Oct 20 2023	1574	0	0	0
Oct 21 2023	1574	0	0	0
Oct 22 2023	1574	0	0	0
Oct 23 2023	1574	0	0	0
Oct 24 2023	1574	0	0	0
Oct 25 2023	1574	0	0	0
Oct 26 2023	1236	0	0	0
Oct 27 2023	1236	0	0	0
Oct 28 2023	1236	0	0	0
Oct 29 2023	1236	0	0	0
Oct 30 2023	1236	0	0	0
Oct 31 2023	1236	0	0	0
Nov 01 2023	1236	0	0	0
Nov 02 2023	799	0	0	0
Nov 03 2023	799	0	0	0
Nov 04 2023	799	0	0	0
Nov 05 2023	1719	0	920	0
Nov 06 2023	1719	0	0	0
Nov 07 2023	1719	0	0	0
Nov 08 2023	1719	0	0	0
Nov 09 2023	1136	0	0	0
Nov 10 2023	1136	0	0	0
Nov 11 2023	1136	0	0	0
Nov 12 2023	2039	0	903	0
Nov 13 2023	2039	0	0	0
Nov 14 2023	2039	0	0	0
Nov 15 2023	2039	0	0	0
Nov 16 2023	2039	0	0	0
Nov 17 2023	2039	0	0	0
Nov 18 2023	2039	0	0	0
Nov 19 2023	2907	0	868	0
Nov 20 2023	2907	0	0	0
Nov 21 2023	2907	0	0	0
Nov 22 2023	2907	0	0	0
Nov 23 2023	2907	0	0	0
Nov 24 2023	2907	0	0	0
Nov 25 2023	2907	0	0	0
Nov 26 2023	3824	0	917	0
Nov 27 2023	3824	0	0	0
Nov 28 2023	3824	0	0	0
Nov 29 2023	3824	0	0	0
Nov 30 2023	3824	0	0	0
Dec 01 2023	3824	0	0	0
Dec 02 2023	3824	0	0	0
Dec 03 2023	4902	0	1078	0
Dec 04 2023	4902	0	0	0
Dec 05 2023	4902	0	0	0
Dec 06 2023	4902	0	0	0
Dec 07 2023	4902	0	0	0
Dec 08 2023	4902	0	0	0
Dec 09 2023	4902	0	0	0
Dec 10 2023	6481	0	1579	0
Dec 11 2023	6265	0	0	0
Dec 12 2023	6265	0	0	0
Dec 13 2023	6265	0	0	0
Dec 14 2023	6265	0	0	0
Dec 15 2023	6265	0	0	0
Dec 16 2023	6265	0	0	0
Dec 17 2023	8058	0	1793	0
Dec 18 2023	8058	0	0	0
Dec 19 2023	8058	0	0	0
Dec 20 2023	8058	0	0	0
Dec 21 2023	8058	0	0	0
Dec 22 2023	8058	0	0	0
Dec 23 2023	8058	0	0	0
Dec 24 2023	9630	0	1572	0
Dec 25 2023	9630	0	0	0
Dec 26 2023	9630	0	0	0
Dec 27 2023	9630	0	0	0
Dec 28 2023	9630	0	0	0
Dec 29 2023	9630	0	0	0
Dec 30 2023	9630	0	0	0
Dec 31 2023	10979	0	1349	0
Jan 01 2024	10979	0	0	0
Jan 02 2024	10979	0	0	0
Jan 03 2024	10979	0	0	0
Jan 04 2024	10979	0	0	0
Jan 05 2024	10979	0	0	0
Jan 06 2024	10979	0	0	0
Jan 07 2024	11989	0	1010	0
Jan 08 2024	11989	0	0	0
Jan 09 2024	11989	0	0	0
Jan 10 2024	11989	0	0	0
Jan 11 2024	11989	0	0	0
Jan 12 2024	8830	0	0	0
Jan 13 2024	8830	0	0	0
Jan 14 2024	9584	0	754	0
Jan 15 2024	9584	0	0	0
Jan 16 2024	9584	0	0	0
Jan 17 2024	4708	0	0	0
Jan 18 2024	4708	0	0	0
Jan 19 2024	4708	0	0	0
Jan 20 2024	4708	0	0	0
Jan 21 2024	5306	0	598	0
Jan 22 2024	5283	0	0	0
Jan 23 2024	5283	0	0	0
Jan 24 2024	3711	0	0	0
Jan 25 2024	3711	0	0	0
Jan 26 2024	3711	0	0	0
Jan 27 2024	3711	0	0	0
Jan 28 2024	4293	0	582	0
Jan 29 2024	4293	0	0	0
Jan 30 2024	4293	0	0	0
Jan 31 2024	2944	0	0	0
Feb 01 2024	2944	0	0	0
Feb 02 2024	2944	0	0	0
Feb 03 2024	2944	0	0	0
Feb 04 2024	3442	0	498	0
Feb 05 2024	3442	0	0	0
Feb 06 2024	3442	0	0	0
Feb 07 2024	2432	0	0	0
Feb 08 2024	2432	0	0	0
Feb 09 2024	2432	0	0	0
Feb 10 2024	2432	0	0	0
Feb 11 2024	2782	0	350	0
Feb 12 2024	2782	0	0	0
Feb 13 2024	2782	0	0	0
Feb 14 2024	2069	0	0	0
Feb 15 2024	2069	0	0	0
Feb 16 2024	2069	0	0	0
Feb 17 2024	2069	0	0	0
Feb 18 2024	2308	0	239	0
Feb 19 2024	2308	0	0	0
Feb 20 2024	2308	0	0	0
Feb 21 2024	1686	0	0	0
Feb 22 2024	1686	0	0	0
Feb 23 2024	1686	0	0	0
Feb 24 2024	1686	0	0	0
Feb 25 2024	1686	0	0	0
Feb 26 2024	1686	0	0	0
Feb 27 2024	1150	0	0	0
Feb 28 2024	1087	0	0	0
Feb 29 2024	1087	0	0	0
Mar 01 2024	1087	0	0	0
Mar 02 2024	1087	0	0	0
Mar 03 2024	1087	0	0	0
Mar 04 2024	1087	0	0	0
Mar 05 2024	1087	0	0	0
Mar 06 2024	589	0	0	0
Mar 07 2024	589	0	0	0
Mar 08 2024	589	0	0	0
Mar 09 2024	589	0	0	0
Mar 10 2024	1119	0	530	0
Mar 11 2024	1119	0	0	0
Mar 12 2024	1119	0	0	0
Mar 13 2024	769	0	0	0
Mar 14 2024	769	0	0	0
Mar 15 2024	769	0	0	0
Mar 16 2024	769	0	0	0
Mar 17 2024	769	0	0	0
Mar 18 2024	769	0	0	0
Mar 19 2024	769	0	0	0
Mar 20 2024	769	0	0	0
Mar 21 2024	769	0	0	0
Mar 22 2024	769	0	0	0
Mar 23 2024	769	0	0	0
Mar 24 2024	769	0	0	0
Mar 25 2024	769	0	0	0
Mar 26 2024	530	0	0	0
Mar 27 2024	530	0	0	0
Mar 28 2024	530	0	0	0
Mar 29 2024	530	0	0	0
Mar 30 2024	530	0	0	0
Mar 31 2024	530	0	0	0
Apr 01 2024	530	0	0	0
Apr 02 2024	530	0	0	0
Apr 03 2024	530	0	0	0
Apr 04 2024	530	0	0	0
Apr 05 2024	530	0	0	0
Apr 06 2024	530	0	0	0
