Date	Active Cases	Daily Death	New cases	Recoverd Cases
Feb 15 2020	14	0	0	0
Feb 16 2020	14	0	0	0
Feb 17 2020	11	0	0	0
Feb 18 2020	9	0	0	0
Feb 19 2020	5	0	0	0
Feb 20 2020	5	0	0	0
Feb 21 2020	5	0	0	0
Feb 22 2020	4	0	0	0
Feb 23 2020	4	0	0	0
Feb 24 2020	2	0	0	0
Feb 25 2020	2	0	0	0
Feb 26 2020	2	0	0	0
Feb 27 2020	1	0	1	0
Feb 28 2020	3	0	2	0
Feb 29 2020	3	0	0	0
Mar 01 2020	7	0	4	0
Mar 02 2020	7	0	0	0
Mar 03 2020	14	0	7	0
Mar 04 2020	27	0	14	0
Mar 05 2020	32	0	5	0
Mar 06 2020	60	0	28	0
Mar 07 2020	69	0	10	0
Mar 08 2020	74	0	6	0
Mar 09 2020	91	0	18	0
Mar 10 2020	103	0	12	0
Mar 11 2020	122	0	20	0
Mar 12 2020	125	0	9	0
Mar 13 2020	164	0	39	0
Mar 14 2020	201	0	41	0
Mar 15 2020	386	0	190	0
Mar 16 2020	511	0	125	0
Mar 17 2020	622	2	120	0
Mar 18 2020	728	0	117	0
Mar 19 2020	823	0	110	0
Mar 20 2020	940	1	130	0
Mar 21 2020	1061	5	153	0
Mar 22 2020	1157	2	123	0
Mar 23 2020	1345	4	212	0
Mar 24 2020	1425	2	106	0
Mar 25 2020	1577	4	172	0
Mar 26 2020	1793	3	235	0
Mar 27 2020	1876	3	130	0
Mar 28 2020	1973	1	159	0
Mar 29 2020	2047	8	150	0
Mar 30 2020	2111	2	156	0
Mar 31 2020	2187	6	140	0
Apr 01 2020	2219	2	142	0
Apr 02 2020	2300	5	208	0
Apr 03 2020	2454	3	217	0
Apr 04 2020	2512	4	150	0
Apr 05 2020	2597	4	179	0
Apr 06 2020	2491	1	131	0
Apr 07 2020	2580	1	170	0
Apr 08 2020	2568	2	156	0
Apr 09 2020	2554	2	109	0
Apr 10 2020	2447	3	118	0
Apr 11 2020	2463	3	184	0
Apr 12 2020	2500	3	153	0
Apr 13 2020	2465	1	134	0
Apr 14 2020	2428	5	170	0
Apr 15 2020	2343	1	85	0
Apr 16 2020	2333	1	110	0
Apr 17 2020	2199	2	69	0
Apr 18 2020	2116	2	54	0
Apr 19 2020	2104	1	84	0
Apr 20 2020	2042	0	36	0
Apr 21 2020	2042	3	57	0
Apr 22 2020	1988	1	50	0
Apr 23 2020	1967	2	71	0
Apr 24 2020	1933	1	88	0
Apr 25 2020	1883	2	51	0
Apr 26 2020	1821	0	38	0
Apr 27 2020	1765	1	40	0
Apr 28 2020	1720	1	31	0
Apr 29 2020	1759	0	94	0
Apr 30 2020	1730	2	57	0
May 01 2020	1759	1	69	0
May 02 2020	1748	0	105	0
May 03 2020	1781	2	122	0
May 04 2020	1765	0	55	0
May 05 2020	1711	1	30	0
May 06 2020	1620	1	45	0
May 07 2020	1585	0	39	0
May 08 2020	1565	0	68	0
May 09 2020	1553	1	54	0
May 10 2020	1524	0	67	0
May 11 2020	1505	1	70	0
May 12 2020	1411	0	16	0
May 13 2020	1388	2	37	0
May 14 2020	1357	1	40	0
May 15 2020	1305	0	36	0
May 16 2020	1248	1	17	0
May 17 2020	1211	0	22	0
May 18 2020	1214	0	47	0
May 19 2020	1219	1	37	0
May 20 2020	1190	0	31	0
May 21 2020	1150	0	50	0
May 22 2020	1164	1	78	0
May 23 2020	1159	0	48	0
May 24 2020	1186	0	60	0
May 25 2020	1324	0	172	0
May 26 2020	1449	0	187	0
May 27 2020	1422	0	15	0
May 28 2020	1346	0	10	0
May 29 2020	1383	0	103	0
May 30 2020	1318	0	30	0
May 31 2020	1352	0	57	0
Jun 01 2020	1339	0	38	0
Jun 02 2020	1293	0	20	0
Jun 03 2020	1325	0	93	0
Jun 04 2020	1574	0	277	0
Jun 05 2020	1541	1	19	0
Jun 06 2020	1552	1	37	0
Jun 07 2020	1532	0	19	0
Jun 08 2020	1519	0	7	0
Jun 09 2020	1245	0	7	0
Jun 10 2020	1207	1	2	0
Jun 11 2020	1187	0	31	0
Jun 12 2020	1116	1	33	0
Jun 13 2020	1015	1	43	0
Jun 14 2020	987	1	8	0
Jun 15 2020	974	0	41	0
Jun 16 2020	652	0	11	0
Jun 17 2020	522	0	10	0
Jun 18 2020	409	0	14	0
Jun 19 2020	345	0	6	0
Jun 20 2020	290	0	21	0
Jun 21 2020	296	0	16	0
Jun 22 2020	290	0	15	0
Jun 23 2020	284	0	3	0
Jun 24 2020	245	0	6	0
Jun 25 2020	209	0	4	0
Jun 26 2020	192	0	6	0
Jun 27 2020	188	0	10	0
Jun 28 2020	196	0	18	0
Jun 29 2020	183	0	3	0
Jun 30 2020	165	0	2	0
Jul 01 2020	145	0	1	0
Jul 02 2020	86	0	3	0
Jul 03 2020	82	0	5	0
Jul 04 2020	77	0	10	0
Jul 05 2020	78	0	5	0
Jul 06 2020	72	0	5	0
Jul 07 2020	73	0	6	0
Jul 08 2020	71	0	3	0
Jul 09 2020	64	0	6	0
Jul 10 2020	65	0	13	0
Jul 11 2020	68	1	8	0
Jul 12 2020	78	0	14	0
Jul 13 2020	84	0	7	0
Jul 14 2020	84	0	4	0
Jul 15 2020	87	0	5	0
Jul 16 2020	78	0	3	0
Jul 17 2020	93	0	18	0
Jul 18 2020	97	0	9	0
Jul 19 2020	104	1	15	0
Jul 20 2020	123	0	21	0
Jul 21 2020	131	0	15	0
Jul 22 2020	143	0	16	0
Jul 23 2020	144	0	9	0
Jul 24 2020	162	0	21	0
Jul 25 2020	168	0	23	0
Jul 26 2020	174	1	13	0
Jul 27 2020	180	0	7	0
Jul 28 2020	213	0	39	0
Jul 29 2020	221	0	13	0
Jul 30 2020	224	0	8	0
Jul 31 2020	208	1	12	0
Aug 01 2020	214	0	9	0
Aug 02 2020	211	0	14	0
Aug 03 2020	209	0	2	0
Aug 04 2020	194	0	1	0
Aug 05 2020	197	0	21	0
Aug 06 2020	201	0	15	0
Aug 07 2020	211	0	25	0
Aug 08 2020	171	0	7	0
Aug 09 2020	175	0	13	0
Aug 10 2020	167	0	11	0
Aug 11 2020	170	0	9	0
Aug 12 2020	173	0	11	0
Aug 13 2020	184	0	15	0
Aug 14 2020	197	0	20	0
Aug 15 2020	220	0	26	0
Aug 16 2020	217	0	25	0
Aug 17 2020	212	0	12	0
Aug 18 2020	193	0	7	0
Aug 19 2020	186	0	16	0
Aug 20 2020	184	0	5	0
Aug 21 2020	180	0	9	0
Aug 22 2020	184	0	8	0
Aug 23 2020	184	0	10	0
Aug 24 2020	185	0	7	0
Aug 25 2020	190	0	11	0
Aug 26 2020	189	0	6	0
Aug 27 2020	178	0	5	0
Aug 28 2020	152	0	10	0
Aug 29 2020	155	0	11	0
Aug 30 2020	161	1	17	0
Aug 31 2020	160	1	6	0
Sep 01 2020	152	1	14	0
Sep 02 2020	154	0	6	0
Sep 03 2020	164	0	14	0
Sep 04 2020	166	0	11	0
Sep 05 2020	151	0	6	0
Sep 06 2020	155	0	6	0
Sep 07 2020	208	0	62	0
Sep 08 2020	296	0	100	0
Sep 09 2020	313	0	24	0
Sep 10 2020	334	0	45	0
Sep 11 2020	502	0	182	0
Sep 12 2020	552	0	58	0
Sep 13 2020	592	0	47	0
Sep 14 2020	616	0	31	0
Sep 15 2020	633	0	23	0
Sep 16 2020	669	0	62	0
Sep 17 2020	675	0	21	0
Sep 18 2020	755	1	95	0
Sep 19 2020	723	1	20	0
Sep 20 2020	735	0	52	0
Sep 21 2020	752	0	57	0
Sep 22 2020	666	0	82	0
Sep 23 2020	771	3	147	0
Sep 24 2020	779	0	72	0
Sep 25 2020	859	0	110	0
Sep 26 2020	852	0	82	0
Sep 27 2020	951	1	150	0
Sep 28 2020	1012	0	115	0
Sep 29 2020	1063	0	101	0
Sep 30 2020	1122	2	89	0
Oct 01 2020	1335	0	260	0
Oct 02 2020	1541	0	287	0
Oct 03 2020	1736	1	317	0
Oct 04 2020	1962	0	293	0
Oct 05 2020	2337	0	432	0
Oct 06 2020	2937	4	691	0
Oct 07 2020	3352	0	489	0
Oct 08 2020	3704	5	375	0
Oct 09 2020	3864	6	354	0
Oct 10 2020	4162	3	374	0
Oct 11 2020	4588	2	561	0
Oct 12 2020	5040	2	563	0
Oct 13 2020	5346	4	660	0
Oct 14 2020	5769	4	660	0
Oct 15 2020	5946	3	589	0
Oct 16 2020	6324	6	629	0
Oct 17 2020	6887	4	869	0
Oct 18 2020	7050	7	871	0
Oct 19 2020	7457	3	865	0
Oct 20 2020	7682	3	862	0
Oct 21 2020	7828	6	732	0
Oct 22 2020	8184	5	847	0
Oct 23 2020	8417	10	710	0
Oct 24 2020	8967	7	1228	0
Oct 25 2020	9203	8	823	0
Oct 26 2020	9745	7	1240	0
Oct 27 2020	9904	2	835	0
Oct 28 2020	10124	8	801	0
Oct 29 2020	10088	0	649	0
Oct 30 2020	10393	3	799	0
Oct 31 2020	10052	0	659	0
Nov 01 2020	10037	0	957	0
Nov 02 2020	9969	2	834	0
Nov 03 2020	10136	12	1054	0
Nov 04 2020	10340	8	1032	0
Nov 05 2020	10504	6	1009	0
Nov 06 2020	11531	2	1755	0
Nov 07 2020	11667	3	1168	0
Nov 08 2020	11690	4	852	0
Nov 09 2020	11309	8	972	0
Nov 10 2020	11447	6	869	0
Nov 11 2020	11498	2	822	0
Nov 12 2020	11420	1	919	0
Nov 13 2020	11823	1	1304	0
Nov 14 2020	12132	2	1114	0
Nov 15 2020	12324	3	1208	0
Nov 16 2020	12602	4	1103	0
Nov 17 2020	12789	5	1210	0
Nov 18 2020	12815	4	660	0
Nov 19 2020	13223	4	1290	0
Nov 20 2020	13222	3	958	0
Nov 21 2020	12855	3	1041	0
Nov 22 2020	12844	3	1096	0
Nov 23 2020	13843	2	1884	0
Nov 24 2020	14354	4	2188	0
Nov 25 2020	12972	4	970	0
Nov 26 2020	11349	3	935	0
Nov 27 2020	11308	2	1109	0
Nov 28 2020	11509	4	1315	0
Nov 29 2020	11482	3	1309	0
Nov 30 2020	10579	3	1212	0
Dec 01 2020	10496	3	1472	0
Dec 02 2020	10687	2	851	0
Dec 03 2020	10803	11	1075	0
Dec 04 2020	10800	0	1141	0
Dec 05 2020	10776	4	1123	0
Dec 06 2020	11040	2	1335	0
Dec 07 2020	11605	2	1600	0
Dec 08 2020	10863	4	1012	0
Dec 09 2020	10749	5	959	0
Dec 10 2020	11868	3	2234	0
Dec 11 2020	12735	6	1810	0
Dec 12 2020	13752	9	1937	0
Dec 13 2020	13668	4	1229	0
Dec 14 2020	13831	4	1371	0
Dec 15 2020	14516	3	1772	0
Dec 16 2020	14752	7	1295	0
Dec 17 2020	14672	3	1220	0
Dec 18 2020	15141	0	1683	0
Dec 19 2020	15295	1	1153	0
Dec 20 2020	15564	4	1340	0
Dec 21 2020	16497	1	2018	0
Dec 22 2020	17647	1	2062	0
Dec 23 2020	18280	5	1348	0
Dec 24 2020	18774	2	1581	0
Dec 25 2020	18577	3	1247	0
Dec 26 2020	20036	2	2335	0
Dec 27 2020	20234	1	1196	0
Dec 28 2020	20644	3	1594	0
Dec 29 2020	21444	2	1925	0
Dec 30 2020	22563	6	1870	0
Dec 31 2020	23599	8	2525	0
Jan 01 2021	23434	3	2068	0
Jan 02 2021	22399	9	2295	0
Jan 03 2021	21366	11	1704	0
Jan 04 2021	22090	7	1741	0
Jan 05 2021	22888	8	2027	0
Jan 06 2021	24348	4	2593	0
Jan 07 2021	25222	8	3027	0
Jan 08 2021	25141	16	2643	0
Jan 09 2021	26186	5	2451	0
Jan 10 2021	27333	9	2433	0
Jan 11 2021	28555	4	2232	0
Jan 12 2021	30391	4	3309	0
Jan 13 2021	32378	4	2985	0
Jan 14 2021	33990	15	3337	0
Jan 15 2021	35254	8	3211	0
Jan 16 2021	37127	8	4029	0
Jan 17 2021	37783	7	3339	0
Jan 18 2021	38792	4	3306	0
Jan 19 2021	39465	14	3631	0
Jan 20 2021	41088	11	4008	0
Jan 21 2021	41756	12	3170	0
Jan 22 2021	42815	18	3631	0
Jan 23 2021	42770	7	4275	0
Jan 24 2021	41678	11	3346	0
Jan 25 2021	41077	11	3048	0
Jan 26 2021	40575	11	3585	0
Jan 27 2021	42390	7	3680	0
Jan 28 2021	43193	10	4094	0
Jan 29 2021	45479	16	5725	0
Jan 30 2021	47389	13	5728	0
Jan 31 2021	48151	14	5298	0
Feb 01 2021	48075	10	4214	0
Feb 02 2021	47848	21	3455	0
Feb 03 2021	48310	18	4284	0
Feb 04 2021	48772	17	4571	0
Feb 05 2021	48752	19	3391	0
Feb 06 2021	50895	12	3847	0
Feb 07 2021	51242	15	3731	0
Feb 08 2021	51978	24	3100	0
Feb 09 2021	50842	13	2764	0
Feb 10 2021	52187	14	3288	0
Feb 11 2021	51784	13	3384	0
Feb 12 2021	51580	17	3318	0
Feb 13 2021	51559	5	3499	0
Feb 14 2021	49491	7	2464	0
Feb 15 2021	47136	10	2176	0
Feb 16 2021	44130	8	2720	0
Feb 17 2021	41397	22	2998	0
Feb 18 2021	38764	25	2712	0
Feb 19 2021	36798	13	2936	0
Feb 20 2021	34469	8	2461	0
Feb 21 2021	33305	5	3297	0
Feb 22 2021	32077	6	2192	0
Feb 23 2021	30476	14	2468	0
Feb 24 2021	30678	12	3545	0
Feb 25 2021	28838	12	1924	0
Feb 26 2021	27995	11	2253	0
Feb 27 2021	27029	10	2364	0
Feb 28 2021	26206	9	2437	0
Mar 01 2021	25543	5	1828	0
Mar 02 2021	24564	6	1555	0
Mar 03 2021	24026	7	1745	0
Mar 04 2021	23162	5	2063	0
Mar 05 2021	22035	6	2154	0
Mar 06 2021	21160	7	1680	0
Mar 07 2021	20334	3	1683	0
Mar 08 2021	19779	8	1529	0
Mar 09 2021	18705	9	1280	0
Mar 10 2021	18011	5	1448	0
Mar 11 2021	17545	9	1647	0
Mar 12 2021	17075	3	1575	0
Mar 13 2021	16712	3	1470	0
Mar 14 2021	16280	4	1354	0
Mar 15 2021	15512	3	1208	0
Mar 16 2021	15205	5	1063	0
Mar 17 2021	15076	2	1219	0
Mar 18 2021	14783	3	1213	0
Mar 19 2021	14361	2	1576	0
Mar 20 2021	14443	4	1671	0
Mar 21 2021	14519	4	1327	0
Mar 22 2021	14135	5	1116	0
Mar 23 2021	14455	6	1384	0
Mar 24 2021	14638	2	1268	0
Mar 25 2021	14505	2	1360	0
Mar 26 2021	14270	1	1275	0
Mar 27 2021	14210	2	1199	0
Mar 28 2021	14381	4	1302	0
Mar 29 2021	14220	5	941	0
Mar 30 2021	14200	5	1133	0
Mar 31 2021	14605	7	1482	0
Apr 01 2021	14400	6	1178	0
Apr 02 2021	14247	5	1294	0
Apr 03 2021	14433	3	1638	0
Apr 04 2021	14510	2	1349	0
Apr 05 2021	14279	7	1070	0
Apr 06 2021	14162	5	1300	0
Apr 07 2021	14098	4	1139	0
Apr 08 2021	14204	4	1285	0
Apr 09 2021	14806	5	1854	0
Apr 10 2021	15060	8	1510	0
Apr 11 2021	15575	8	1739	0
Apr 12 2021	15836	4	1317	0
Apr 13 2021	16301	12	1767	0
Apr 14 2021	16697	8	1889	0
Apr 15 2021	17576	10	2148	0
Apr 16 2021	18601	2	2551	0
Apr 17 2021	19095	5	2331	0
Apr 18 2021	19855	8	2195	0
Apr 19 2021	20523	8	2078	0
Apr 20 2021	21269	3	2341	0
Apr 21 2021	21688	11	2340	0
Apr 22 2021	22015	7	2875	0
Apr 23 2021	22513	8	2847	0
Apr 24 2021	22927	11	2717	0
Apr 25 2021	23754	10	2690	0
Apr 26 2021	24714	13	2776	0
Apr 27 2021	25415	13	2733	0
Apr 28 2021	26720	15	3142	0
Apr 29 2021	28094	15	3332	0
Apr 30 2021	29228	14	3788	0
May 01 2021	29632	15	2881	0
May 02 2021	30340	12	3418	0
May 03 2021	30754	18	2500	0
May 04 2021	31517	23	3120	0
May 05 2021	32940	17	3744	0
May 06 2021	33763	19	3551	0
May 07 2021	34790	22	4498	0
May 08 2021	36565	25	4519	0
May 09 2021	37061	26	3733	0
May 10 2021	37397	17	3807	0
May 11 2021	38500	22	3973	0
May 12 2021	40102	39	4765	0
May 13 2021	41583	27	4855	0
May 14 2021	41472	34	4113	0
May 15 2021	42136	44	4140	0
May 16 2021	41890	36	3780	0
May 17 2021	43507	45	4446	0
May 18 2021	44828	47	4865	0
May 19 2021	47341	46	6075	0
May 20 2021	50172	59	6806	0
May 21 2021	52107	50	6493	0
May 22 2021	53683	50	6320	0
May 23 2021	57023	49	6976	0
May 24 2021	60019	61	6509	0
May 25 2021	63459	60	7289	0
May 26 2021	66209	63	7478	0
May 27 2021	69409	59	7857	0
May 28 2021	72824	61	8290	0
May 29 2021	76219	98	9020	0
May 30 2021	78018	79	6999	0
May 31 2021	79524	67	6824	0
Jun 01 2021	80475	71	7105	0
Jun 02 2021	82275	126	7703	0
Jun 03 2021	83332	103	8209	0
Jun 04 2021	84370	86	7748	0
Jun 05 2021	85608	109	7452	0
Jun 06 2021	86629	87	6241	0
Jun 07 2021	84270	82	5271	0
Jun 08 2021	82798	76	5566	0
Jun 09 2021	81576	75	6239	0
Jun 10 2021	79849	73	5671	0
Jun 11 2021	78865	84	6849	0
Jun 12 2021	76248	76	5793	0
Jun 13 2021	73325	64	5304	0
Jun 14 2021	71626	60	4949	0
Jun 15 2021	70113	101	5419	0
Jun 16 2021	67950	73	5150	0
Jun 17 2021	66098	60	5738	0
Jun 18 2021	65603	74	6440	0
Jun 19 2021	64524	72	5911	0
Jun 20 2021	63816	60	5293	0
Jun 21 2021	62919	69	4611	0
Jun 22 2021	62028	77	4743	0
Jun 23 2021	60817	83	5244	0
Jun 24 2021	61163	84	5841	0
Jun 25 2021	60118	82	5812	0
Jun 26 2021	60647	81	5803	0
Jun 27 2021	61396	60	5586	0
Jun 28 2021	61813	57	5218	0
Jun 29 2021	62845	107	6437	0
Jun 30 2021	64130	62	6276	0
Jul 01 2021	65454	84	6988	0
Jul 02 2021	66085	73	6982	0
Jul 03 2021	66959	107	6658	0
Jul 04 2021	67670	63	6045	0
Jul 05 2021	69448	77	6387	0
Jul 06 2021	72202	103	7654	0
Jul 07 2021	74345	91	7097	0
Jul 08 2021	77276	135	8868	0
Jul 09 2021	80666	77	9180	0
Jul 10 2021	84022	87	9353	0
Jul 11 2021	87842	91	9105	0
Jul 12 2021	91273	102	8574	0
Jul 13 2021	96237	125	11079	0
Jul 14 2021	101360	118	11618	0
Jul 15 2021	108370	110	13215	0
Jul 16 2021	114054	115	12541	0
Jul 17 2021	119815	138	12528	0
Jul 18 2021	124594	153	10710	0
Jul 19 2021	128998	129	10972	0
Jul 20 2021	133704	93	12366	0
Jul 21 2021	137588	199	11985	0
Jul 22 2021	142052	134	13034	0
Jul 23 2021	147387	144	15573	0
Jul 24 2021	153634	184	15902	0
Jul 25 2021	160904	92	17045	0
Jul 26 2021	165842	207	14516	0
Jul 27 2021	170226	207	16117	0
Jul 28 2021	175115	143	17405	0
Jul 29 2021	179181	174	17170	0
Jul 30 2021	183708	134	16840	0
Jul 31 2021	189611	165	17786	0
Aug 01 2021	195275	160	17150	0
Aug 02 2021	199053	219	15764	0
Aug 03 2021	203666	195	17105	0
Aug 04 2021	210524	257	19819	0
Aug 05 2021	217063	164	20596	0
Aug 06 2021	221398	160	20889	0
Aug 07 2021	224123	210	19257	0
Aug 08 2021	225396	360	18688	0
Aug 09 2021	227233	212	17236	0
Aug 10 2021	230765	201	19991	0
Aug 11 2021	233361	211	20780	0
Aug 12 2021	237024	318	21668	0
Aug 13 2021	241190	277	21468	0
Aug 14 2021	243945	260	20670	0
Aug 15 2021	247264	282	20546	0
Aug 16 2021	249280	274	19740	0
Aug 17 2021	252151	293	19631	0
Aug 18 2021	254488	225	22242	0
Aug 19 2021	255538	178	22948	0
Aug 20 2021	257421	233	23564	0
Aug 21 2021	260884	223	22262	0
Aug 22 2021	262259	232	19807	0
Aug 23 2021	260704	174	17672	0
Aug 24 2021	262717	211	20837	0
Aug 25 2021	264296	265	22642	0
Aug 26 2021	265845	393	24599	0
Aug 27 2021	265699	339	22070	0
Aug 28 2021	268552	252	22597	0
Aug 29 2021	268001	285	20579	0
Aug 30 2021	265717	295	19268	0
Aug 31 2021	267867	282	20897	0
Sep 01 2021	265278	278	18762	0
Sep 02 2021	262544	249	20988	0
Sep 03 2021	259193	330	19378	0
Sep 04 2021	256306	362	19057	0
Sep 05 2021	255793	336	20396	0
Sep 06 2021	252672	272	17352	0
Sep 07 2021	252006	311	18547	0
Sep 08 2021	248677	361	19733	0
Sep 09 2021	242806	323	19307	0
Sep 10 2021	242165	341	21176	0
Sep 11 2021	239352	592	19550	0
Sep 12 2021	237278	292	19198	0
Sep 13 2021	228125	413	16073	0
Sep 14 2021	225278	463	15669	0
Sep 15 2021	225591	422	19495	0
Sep 16 2021	227121	346	18815	0
Sep 17 2021	221340	388	17577	0
Sep 18 2021	219360	324	15549	0
Sep 19 2021	210469	376	14954	0
Sep 20 2021	207699	301	14345	0
Sep 21 2021	206474	334	15759	0
Sep 22 2021	201275	487	14990	0
Sep 23 2021	198285	116	13754	0
Sep 24 2021	195838	250	14554	0
Sep 25 2021	191435	228	13899	0
Sep 26 2021	183290	278	13104	0
Sep 27 2021	177561	258	10959	0
Sep 28 2021	174493	240	11332	0
Sep 29 2021	169719	208	12434	0
Sep 30 2021	164537	192	12735	0
Oct 01 2021	160414	121	11889	0
Oct 02 2021	155824	109	10915	0
Oct 03 2021	150318	118	9066	0
Oct 04 2021	142861	76	8075	0
Oct 05 2021	135946	117	8817	0
Oct 06 2021	132176	105	9380	0
Oct 07 2021	129050	132	9890	0
Oct 08 2021	125999	78	9751	0
Oct 09 2021	120246	74	8743	0
Oct 10 2021	116596	64	7373	0
Oct 11 2021	112379	93	6709	0
Oct 12 2021	108997	103	7276	0
Oct 13 2021	106047	68	7950	0
Oct 14 2021	101587	88	8084	0
Oct 15 2021	98773	89	7420	0
Oct 16 2021	96663	88	7509	0
Oct 17 2021	93514	63	6145	0
Oct 18 2021	90441	72	5434	0
Oct 19 2021	87184	69	5745	0
Oct 20 2021	83223	76	5516	0
Oct 21 2021	81775	96	6210	0
Oct 22 2021	80697	78	6630	0
Oct 23 2021	77305	42	5828	0
Oct 24 2021	75947	46	5666	0
Oct 25 2021	73223	92	4782	0
Oct 26 2021	73258	84	5726	0
Oct 27 2021	71713	98	6148	0
Oct 28 2021	71358	95	6377	0
Oct 29 2021	70058	63	6060	0
Oct 30 2021	69153	44	5854	0
Oct 31 2021	67969	36	4979	0
Nov 01 2021	67233	63	4626	0
Nov 02 2021	66862	70	5071	0
Nov 03 2021	67160	46	5291	0
Nov 04 2021	66944	64	5713	0
Nov 05 2021	66240	47	4922	0
Nov 06 2021	65505	54	4701	0
Nov 07 2021	64623	35	4343	0
Nov 08 2021	61760	58	4543	0
Nov 09 2021	61774	78	5403	0
Nov 10 2021	62890	59	6243	0
Nov 11 2021	63827	49	6323	0
Nov 12 2021	64277	41	6517	0
Nov 13 2021	65319	55	5809	0
Nov 14 2021	65417	45	5162	0
Nov 15 2021	65956	53	5143	0
Nov 16 2021	65316	40	5413	0
Nov 17 2021	66793	68	6288	0
Nov 18 2021	67358	55	6380	0
Nov 19 2021	68634	48	6355	0
Nov 20 2021	69485	38	5859	0
Nov 21 2021	68790	24	4854	0
Nov 22 2021	67986	61	4885	0
Nov 23 2021	68625	47	5594	0
Nov 24 2021	69261	37	5755	0
Nov 25 2021	68755	48	6144	0
Nov 26 2021	67547	45	5501	0
Nov 27 2021	67252	40	5097	0
Nov 28 2021	66455	29	4239	0
Nov 29 2021	65497	61	4087	0
Nov 30 2021	65153	55	4879	0
Dec 01 2021	63740	49	5439	0
Dec 02 2021	62253	47	5806	0
Dec 03 2021	62486	17	5551	0
Dec 04 2021	62670	36	4896	0
Dec 05 2021	62000	40	4298	0
Dec 06 2021	60330	38	4262	0
Dec 07 2021	60412	66	4965	0
Dec 08 2021	60879	28	5020	0
Dec 09 2021	60857	41	5446	0
Dec 10 2021	60874	44	5058	0
Dec 11 2021	60779	31	4626	0
Dec 12 2021	58853	17	3490	0
Dec 13 2021	57927	29	3504	0
Dec 14 2021	57675	48	4097	0
Dec 15 2021	56990	33	3900	0
Dec 16 2021	56230	37	4262	0
Dec 17 2021	55476	18	4362	0
Dec 18 2021	54095	29	4083	0
Dec 19 2021	53483	19	3108	0
Dec 20 2021	52219	43	2589	0
Dec 21 2021	51025	57	3140	0
Dec 22 2021	49397	29	3519	0
Dec 23 2021	47866	44	3510	0
Dec 24 2021	46886	25	3528	0
Dec 25 2021	45601	25	3160	0
Dec 26 2021	44821	19	2778	0
Dec 27 2021	42923	35	2757	0
Dec 28 2021	42363	23	2897	0
Dec 29 2021	41688	36	3683	0
Dec 30 2021	41667	34	3997	0
Dec 31 2021	41227	25	3573	0
Jan 01 2022	41040	26	3386	0
Jan 02 2022	40612	19	2882	0
Jan 03 2022	39739	28	2690	0
Jan 04 2022	39688	31	2842	0
Jan 05 2022	39745	18	3270	0
Jan 06 2022	39785	19	3543	0
Jan 07 2022	39703	16	3381	0
Jan 08 2022	39782	11	3251	0
Jan 09 2022	39933	23	2888	0
Jan 10 2022	39748	18	2641	0
Jan 11 2022	39919	27	3175	0
Jan 12 2022	39902	15	3198	0
Jan 13 2022	40282	12	3684	0
Jan 14 2022	40564	12	3346	0
Jan 15 2022	40791	19	3074	0
Jan 16 2022	41205	12	3010	0
Jan 17 2022	40625	15	2342	0
Jan 18 2022	40767	10	3245	0
Jan 19 2022	41135	13	3229	0
Jan 20 2022	41623	22	3764	0
Jan 21 2022	42849	16	4046	0
Jan 22 2022	44094	13	4116	0
Jan 23 2022	45126	10	3856	0
Jan 24 2022	45214	10	3214	0
Jan 25 2022	45705	16	4066	0
Jan 26 2022	46791	12	4744	0
Jan 27 2022	47811	10	5439	0
Jan 28 2022	50036	12	5522	0
Jan 29 2022	51403	5	5139	0
Jan 30 2022	53254	8	4915	0
Jan 31 2022	54783	13	4774	0
Feb 01 2022	57155	7	5566	0
Feb 02 2022	59688	7	5736	0
Feb 03 2022	61432	8	5720	0
Feb 04 2022	63401	11	7234	0
Feb 05 2022	65958	14	9117	0
Feb 06 2022	69578	9	10089	0
Feb 07 2022	74567	9	11034	0
Feb 08 2022	83077	13	13944	0
Feb 09 2022	94521	9	17134	0
Feb 10 2022	107889	10	19090	0
Feb 11 2022	122997	24	20939	0
Feb 12 2022	140342	15	22802	0
Feb 13 2022	155679	11	21072	0
Feb 14 2022	168453	24	21315	0
Feb 15 2022	182971	31	22133	0
Feb 16 2022	202870	20	27831	0
Feb 17 2022	217788	39	26701	0
Feb 18 2022	233071	37	27808	0
Feb 19 2022	243348	34	28825	0
Feb 20 2022	251684	37	26832	0
Feb 21 2022	258991	43	25099	0
Feb 22 2022	267090	43	27179	0
Feb 23 2022	277835	55	31199	0
Feb 24 2022	286527	46	32070	0
Feb 25 2022	294436	57	30644	0
Feb 26 2022	298982	43	27299	0
Feb 27 2022	301028	40	24466	0
Feb 28 2022	293429	75	23100	0
Mar 01 2022	293657	78	25854	0
Mar 02 2022	293485	115	27500	0
Mar 03 2022	298237	86	32467	0
Mar 04 2022	305016	78	33209	0
Mar 05 2022	311212	67	33406	0
Mar 06 2022	308257	55	27435	0
Mar 07 2022	304310	77	26856	0
Mar 08 2022	306686	79	31490	0
Mar 09 2022	310166	113	30246	0
Mar 10 2022	314426	70	30787	0
Mar 11 2022	322706	76	32800	0
Mar 12 2022	323790	77	26250	0
Mar 13 2022	320882	87	22535	0
Mar 14 2022	308948	92	22030	0
Mar 15 2022	304153	95	26534	0
Mar 16 2022	299337	105	28298	0
Mar 17 2022	296805	86	27004	0
Mar 18 2022	294372	59	24241	0
Mar 19 2022	283281	85	22341	0
Mar 20 2022	274065	71	19105	0
Mar 21 2022	263827	63	17828	0
Mar 22 2022	252677	72	21483	0
Mar 23 2022	248869	65	22491	0
Mar 24 2022	247609	64	24316	0
Mar 25 2022	247071	53	21839	0
Mar 26 2022	242493	34	20923	0
Mar 27 2022	233148	37	16863	0
Mar 28 2022	220878	54	13336	0
Mar 29 2022	211877	64	15215	0
Mar 30 2022	206599	33	15941	0
Mar 31 2022	206862	44	18560	0
Apr 01 2022	206987	30	17476	0
Apr 02 2022	201240	56	14692	0
Apr 03 2022	192955	30	12380	0
Apr 04 2022	179627	28	10002	0
Apr 05 2022	171180	33	12017	0
Apr 06 2022	162224	32	12105	0
Apr 07 2022	157579	36	11994	0
Apr 08 2022	158447	31	14944	0
Apr 09 2022	153471	21	10177	0
Apr 10 2022	145806	12	8112	0
Apr 11 2022	134477	19	7739	0
Apr 12 2022	126463	30	9002	0
Apr 13 2022	120600	22	10052	0
Apr 14 2022	117793	18	10413	0
Apr 15 2022	113183	16	9673	0
Apr 16 2022	108530	12	9705	0
Apr 17 2022	103908	12	6623	0
Apr 18 2022	96609	16	7140	0
Apr 19 2022	92047	12	6069	0
Apr 20 2022	90732	16	6968	0
Apr 21 2022	88192	5	5899	0
Apr 22 2022	85411	12	6342	0
Apr 23 2022	80985	9	5624	0
Apr 24 2022	74760	8	4006	0
Apr 25 2022	68015	8	2478	0
Apr 26 2022	61879	13	3361	0
Apr 27 2022	58444	6	3471	0
Apr 28 2022	53784	10	2935	0
Apr 29 2022	50302	6	2579	0
Apr 30 2022	45514	5	2107	0
May 01 2022	41175	3	1503	0
May 02 2022	36448	5	1352	0
May 03 2022	31841	9	922	0
May 04 2022	28785	3	1054	0
May 05 2022	27462	2	1278	0
May 06 2022	25525	7	1251	0
May 07 2022	23284	3	1372	0
May 08 2022	22564	4	2153	0
May 09 2022	22376	1	2246	0
May 10 2022	22961	6	2605	0
May 11 2022	24858	8	3321	0
May 12 2022	26834	4	3410	0
May 13 2022	28742	5	3029	0
May 14 2022	29770	5	2373	0
May 15 2022	30743	3	2239	0
May 16 2022	30887	5	1697	0
May 17 2022	30517	3	1469	0
May 18 2022	29979	7	2017	0
May 19 2022	29797	3	2124	0
May 20 2022	29237	5	2063	0
May 21 2022	28093	3	2021	0
May 22 2022	26519	2	1817	0
May 23 2022	25156	2	1544	0
May 24 2022	24948	2	1918	0
May 25 2022	25180	6	2430	0
May 26 2022	25197	3	1845	0
May 27 2022	25392	2	1877	0
May 28 2022	25226	2	1645	0
May 29 2022	24401	5	1155	0
May 30 2022	23787	4	1325	0
May 31 2022	23160	7	1451	0
Jun 01 2022	23056	2	1809	0
Jun 02 2022	23216	2	1877	0
Jun 03 2022	23054	1	1844	0
Jun 04 2022	22455	5	1591	0
Jun 05 2022	22191	2	1358	0
Jun 06 2022	21638	2	1330	0
Jun 07 2022	21210	9	1128	0
Jun 08 2022	21597	6	1518	0
Jun 09 2022	22082	3	1887	0
Jun 10 2022	22759	1	2166	0
Jun 11 2022	22720	2	1709	0
Jun 12 2022	22403	1	1571	0
Jun 13 2022	22615	4	2092	0
Jun 14 2022	22969	4	1922	0
Jun 15 2022	23894	5	2320	0
Jun 16 2022	24585	5	2033	0
Jun 17 2022	25634	1	2130	0
Jun 18 2022	26370	1	2127	0
Jun 19 2022	25952	0	1690	0
Jun 20 2022	25960	3	2093	0
Jun 21 2022	26163	2	1921	0
Jun 22 2022	27034	4	2425	0
Jun 23 2022	27326	1	2796	0
Jun 24 2022	28255	3	2512	0
Jun 25 2022	28018	0	2302	0
Jun 26 2022	28159	1	2003	0
Jun 27 2022	28101	8	1894	0
Jun 28 2022	27755	4	2025	0
Jun 29 2022	28722	5	2605	0
Jun 30 2022	29442	2	2867	0
Jul 01 2022	30225	6	2773	0
Jul 02 2022	30393	0	2527	0
Jul 03 2022	29801	5	2536	0
Jul 04 2022	29390	8	1918	0
Jul 05 2022	30027	3	2932	0
Jul 06 2022	31548	5	3561	0
Jul 07 2022	33847	3	4020	0
Jul 08 2022	35206	6	3589	0
Jul 09 2022	35331	8	2799	0
Jul 10 2022	35890	2	3264	0
Jul 11 2022	35766	5	2417	0
Jul 12 2022	35724	3	2345	0
Jul 13 2022	36902	9	3934	0
Jul 14 2022	38921	8	4098	0
Jul 15 2022	41216	8	5230	0
Jul 16 2022	42489	4	5047	0
Jul 17 2022	42519	7	3936	0
Jul 18 2022	42193	7	3080	0
Jul 19 2022	43152	8	3902	0
Jul 20 2022	45492	8	5685	0
Jul 21 2022	47417	10	4587	0
Jul 22 2022	48676	14	3880	0
Jul 23 2022	49555	9	4816	0
Jul 24 2022	48260	3	2720	0
Jul 25 2022	46324	9	3300	0
Jul 26 2022	46268	9	4759	0
Jul 27 2022	46914	10	4503	0
Jul 28 2022	47294	4	3926	0
Jul 29 2022	48308	10	4860	0
Jul 30 2022	47022	4	4271	0
Jul 31 2022	45314	9	2783	0
Aug 01 2022	44672	8	3213	0
Aug 02 2022	44286	8	4204	0
Aug 03 2022	46531	10	5330	0
Aug 04 2022	47542	8	4413	0
Aug 05 2022	46514	6	3927	0
Aug 06 2022	46912	11	4684	0
Aug 07 2022	45778	6	2728	0
Aug 08 2022	43883	6	2863	0
Aug 09 2022	42725	12	3083	0
Aug 10 2022	44630	12	4896	0
Aug 11 2022	46089	10	4831	0
Aug 12 2022	45383	4	3943	0
Aug 13 2022	44625	10	4334	0
Aug 14 2022	43439	5	3045	0
Aug 15 2022	42210	8	2437	0
Aug 16 2022	40748	9	3429	0
Aug 17 2022	41708	15	3516	0
Aug 18 2022	42483	7	4071	0
Aug 19 2022	42774	6	3490	0
Aug 20 2022	40897	6	2798	0
Aug 21 2022	38925	9	2464	0
Aug 22 2022	37703	10	2078	0
Aug 23 2022	35558	11	2722	0
Aug 24 2022	34977	11	2636	0
Aug 25 2022	35995	8	3206	0
Aug 26 2022	35744	6	3118	0
Aug 27 2022	34515	5	2491	0
Aug 28 2022	32908	2	2191	0
Aug 29 2022	31575	8	1946	0
Aug 30 2022	31166	4	2144	0
Aug 31 2022	30998	6	2340	0
Sep 01 2022	31470	9	2356	0
Sep 02 2022	31171	9	2328	0
Sep 03 2022	30204	9	2244	0
Sep 04 2022	28968	2	1904	0
Sep 05 2022	27553	4	1486	0
Sep 06 2022	27335	6	2067	0
Sep 07 2022	27083	7	2428	0
Sep 08 2022	27407	8	2226	0
Sep 09 2022	27377	4	1990	0
Sep 10 2022	26956	3	1971	0
Sep 11 2022	26346	3	1483	0
Sep 12 2022	26040	5	1847	0
Sep 13 2022	25700	6	1942	0
Sep 14 2022	26306	5	2431	0
Sep 15 2022	27212	3	2375	0
Sep 16 2022	27165	6	1977	0
Sep 17 2022	26039	3	1572	0
Sep 18 2022	25618	4	1639	0
Sep 19 2022	25090	5	1307	0
Sep 20 2022	24722	7	1667	0
Sep 21 2022	25334	6	2111	0
Sep 22 2022	25666	12	2245	0
Sep 23 2022	25724	3	2070	0
Sep 24 2022	25285	3	1924	0
Sep 25 2022	24539	2	1608	0
Sep 26 2022	24028	7	1186	0
Sep 27 2022	23890	6	1552	0
Sep 28 2022	24720	2	2445	0
Sep 29 2022	25181	4	1867	0
Sep 30 2022	25776	5	2007	0
Oct 01 2022	25016	0	1626	0
Oct 02 2022	24104	1	1360	0
Oct 03 2022	23338	5	1244	0
Oct 04 2022	22964	5	1483	0
Oct 05 2022	23045	2	1722	0
Oct 06 2022	23612	0	1794	0
Oct 07 2022	23887	4	1788	0
Oct 08 2022	23128	7	1627	0
Oct 09 2022	22779	2	1453	0
Oct 10 2022	22174	3	1241	0
Oct 11 2022	21870	3	1291	0
Oct 12 2022	22152	1	1628	0
Oct 13 2022	22811	3	2090	0
Oct 14 2022	23564	5	2231	0
Oct 15 2022	23888	0	2023	0
Oct 16 2022	23899	2	1712	0
Oct 17 2022	23077	6	1210	0
Oct 18 2022	23432	3	1873	0
Oct 19 2022	24338	3	2295	0
Oct 20 2022	25643	8	2561	0
Oct 21 2022	26533	3	2256	0
Oct 22 2022	27306	4	2618	0
Oct 23 2022	27385	0	2054	0
Oct 24 2022	27001	3	1737	0
Oct 25 2022	26804	5	1743	0
Oct 26 2022	27239	6	2136	0
Oct 27 2022	28726	4	2762	0
Oct 28 2022	30061	1	3296	0
Oct 29 2022	30708	1	3189	0
Oct 30 2022	31371	2	3129	0
Oct 31 2022	31442	9	2913	0
Nov 01 2022	31753	3	2913	0
Nov 02 2022	33024	2	3969	0
Nov 03 2022	34615	0	4711	0
Nov 04 2022	35545	1	4360	0
Nov 05 2022	36588	1	4621	0
Nov 06 2022	36722	5	3913	0
Nov 07 2022	34721	8	2521	0
Nov 08 2022	35604	9	3781	0
Nov 09 2022	34903	21	3267	0
Nov 10 2022	34039	8	3436	0
Nov 11 2022	33072	4	3245	0
Nov 12 2022	31215	9	2882	0
Nov 13 2022	29611	2	2234	0
Nov 14 2022	28790	6	1749	0
Nov 15 2022	27920	12	2852	0
Nov 16 2022	28171	8	3304	0
Nov 17 2022	27883	9	3457	0
Nov 18 2022	27717	5	3037	0
Nov 19 2022	27162	5	2450	0
Nov 20 2022	26804	2	1633	0
Nov 21 2022	27147	14	2121	0
Nov 22 2022	27009	11	2516	0
Nov 23 2022	27219	8	3537	0
Nov 24 2022	26862	8	2877	0
Nov 25 2022	26909	8	3024	0
Nov 26 2022	27014	4	2898	0
Nov 27 2022	27213	4	2022	0
Nov 28 2022	27644	5	2465	0
Nov 29 2022	26584	10	1672	0
Nov 30 2022	24966	17	1737	0
Dec 01 2022	24473	11	2375	0
Dec 02 2022	24059	9	2421	0
Dec 03 2022	23105	6	1866	0
Dec 04 2022	22511	3	1502	0
Dec 05 2022	21806	3	1576	0
Dec 06 2022	21764	16	1649	0
Dec 07 2022	22012	6	1682	0
Dec 08 2022	21479	4	1616	0
Dec 09 2022	20474	6	1597	0
Dec 10 2022	19183	5	1315	0
Dec 11 2022	18727	10	867	0
Dec 12 2022	17978	6	809	0
Dec 13 2022	17553	9	1040	0
Dec 14 2022	17221	6	1241	0
Dec 15 2022	16817	3	1161	0
Dec 16 2022	16527	8	1138	0
Dec 17 2022	16055	5	993	0
Dec 18 2022	15742	6	847	0
Dec 19 2022	15547	2	721	0
Dec 20 2022	15417	6	816	0
Dec 21 2022	14860	7	984	0
Dec 22 2022	14601	3	858	0
Dec 23 2022	14393	6	902	0
Dec 24 2022	14132	1	766	0
Dec 25 2022	14004	0	609	0
Dec 26 2022	13825	4	480	0
Dec 27 2022	13408	6	423	0
Dec 28 2022	12927	4	480	0
Dec 29 2022	12677	6	679	0
Dec 30 2022	12329	1	583	0
Dec 31 2022	12008	1	513	0
Jan 01 2023	11877	4	420	0
Jan 02 2023	11813	1	360	0
Jan 03 2023	11769	1	333	0
Jan 04 2023	11702	0	433	0
Jan 05 2023	11570	7	571	0
Jan 06 2023	10631	4	543	0
Jan 07 2023	10647	4	571	0
Jan 08 2023	10610	1	405	0
Jan 09 2023	10630	8	383	0
Jan 10 2023	10628	9	380	0
Jan 11 2023	10588	9	367	0
Jan 12 2023	10342	4	383	0
Jan 13 2023	10153	3	320	0
Jan 14 2023	9850	0	287	0
Jan 15 2023	9693	0	244	0
Jan 16 2023	9547	6	227	0
Jan 17 2023	9543	5	350	0
Jan 18 2023	9606	4	371	0
Jan 19 2023	9593	0	318	0
Jan 20 2023	9571	7	285	0
Jan 21 2023	9536	2	293	0
Jan 22 2023	9553	0	309	0
Jan 23 2023	9428	0	142	0
Jan 24 2023	9214	0	101	0
Jan 25 2023	8999	1	132	0
Jan 26 2023	8843	3	172	0
Jan 27 2023	8765	2	236	0
Jan 28 2023	8712	2	258	0
Jan 29 2023	8696	0	269	0
Jan 30 2023	8755	2	202	0
Jan 31 2023	8901	0	251	0
Feb 01 2023	9113	0	325	0
Feb 02 2023	9289	0	324	0
Feb 03 2023	9213	0	340	0
Feb 04 2023	9139	1	202	0
Feb 05 2023	8561	0	211	0
Feb 06 2023	7722	1	175	0
Feb 07 2023	7651	2	184	0
Feb 08 2023	7561	0	189	0
Feb 09 2023	7455	0	269	0
Feb 10 2023	7400	4	255	0
Feb 11 2023	7268	1	259	0
Feb 12 2023	7070	0	160	0
Feb 13 2023	6979	1	164	0
Feb 14 2023	7023	1	200	0
Feb 15 2023	7044	1	237	0
Feb 16 2023	7068	0	281	0
Feb 17 2023	7074	0	241	0
Feb 18 2023	6975	1	212	0
Feb 19 2023	7002	1	186	0
Feb 20 2023	6999	1	167	0
Feb 21 2023	6991	0	184	0
Feb 22 2023	6993	0	229	0
Feb 23 2023	6939	0	224	0
Feb 24 2023	6889	0	204	0
Feb 25 2023	6843	0	173	0
Feb 26 2023	6875	0	207	0
Feb 27 2023	6888	0	190	0
Feb 28 2023	6917	1	206	0
Mar 01 2023	6899	2	217	0
Mar 02 2023	7138	5	244	0
Mar 03 2023	7129	0	204	0
Mar 04 2023	7121	0	170	0
Mar 05 2023	6464	1	164	0
Mar 06 2023	6471	0	188	0
Mar 07 2023	6495	0	226	0
Mar 08 2023	6513	1	235	0
Mar 09 2023	6556	0	279	0
Mar 10 2023	6610	0	251	0
Mar 11 2023	6640	0	223	0
Mar 12 2023	6699	1	227	0
Mar 13 2023	6745	0	217	0
Mar 14 2023	6783	0	269	0
Mar 15 2023	6802	2	273	0
Mar 16 2023	6851	1	311	0
Mar 17 2023	6882	1	281	0
Mar 18 2023	6917	0	270	0
Mar 19 2023	6955	0	257	0
Mar 20 2023	6928	0	197	0
Mar 21 2023	6964	0	320	0
Mar 22 2023	7034	0	367	0
Mar 23 2023	7099	0	346	0
Mar 24 2023	7216	0	386	0
Mar 25 2023	7314	0	355	0
Mar 26 2023	7641	0	327	0
Mar 27 2023	7867	0	226	0
Mar 28 2023	7887	7	357	0
Mar 29 2023	7986	0	461	0
Mar 30 2023	8142	0	493	0
Mar 31 2023	8351	0	606	0
Apr 01 2023	8575	0	599	0
Apr 02 2023	8678	0	430	0
Apr 03 2023	8904	3	458	0
Apr 04 2023	9156	0	611	0
Apr 05 2023	9407	0	747	0
Apr 06 2023	10212	0	805	0
Apr 07 2023	10413	0	797	0
Apr 08 2023	10555	0	726	0
Apr 09 2023	10653	0	517	0
Apr 10 2023	10725	0	539	0
Apr 11 2023	11311	12	598	0
Apr 12 2023	11521	0	900	0
Apr 13 2023	11606	0	875	0
Apr 14 2023	11662	0	839	0
Apr 15 2023	11783	0	881	0
Apr 16 2023	11988	0	739	0
Apr 17 2023	11918	6	490	0
Apr 18 2023	12039	0	790	0
Apr 19 2023	11968	0	784	0
Apr 20 2023	11901	0	750	0
Apr 21 2023	11751	0	702	0
Apr 22 2023	11421	11	562	0
Apr 23 2023	11152	0	449	0
Apr 24 2023	11059	0	387	0
Apr 25 2023	10838	0	561	0
Apr 26 2023	10646	0	617	0
Apr 27 2023	10716	0	832	0
Apr 28 2023	11101	9	1067	0
Apr 29 2023	11551	0	1050	0
Apr 30 2023	12050	0	968	0
May 01 2023	12442	0	793	0
May 02 2023	13235	0	793	0
May 03 2023	14588	0	1353	0
May 04 2023	15076	8	1409	0
May 05 2023	15243	0	1170	0
May 06 2023	15241	0	1110	0
May 07 2023	15301	0	977	0
May 08 2023	15538	0	1046	0
May 09 2023	16799	0	1261	0
May 10 2023	16899	0	1433	0
May 11 2023	18228	0	1329	0
May 12 2023	19550	0	1322	0
May 13 2023	19507	0	1205	0
May 14 2023	19346	18	740	0
May 15 2023	19057	0	740	0
May 16 2023	18833	0	1064	0
May 17 2023	18499	0	1019	0
May 18 2023	18345	24	1119	0
May 19 2023	18007	0	971	0
May 20 2023	17521	0	786	0
May 21 2023	17525	0	749	0
May 22 2023	17420	0	653	0
May 23 2023	17311	0	947	0
May 24 2023	17264	0	1001	0
May 25 2023	17051	0	843	0
May 26 2023	16892	31	826	0
May 27 2023	16895	0	782	0
May 28 2023	16746	0	582	0
May 29 2023	16602	0	513	0
May 30 2023	16476	0	779	0
May 31 2023	16262	0	745	0
Jun 01 2023	16928	0	666	0
Jun 02 2023	17582	15	669	0
Jun 03 2023	17306	0	569	0
Jun 04 2023	16703	0	460	0
Jun 05 2023	16515	0	344	0
Jun 06 2023	16190	0	427	0
Jun 07 2023	16850	0	660	0
Jun 08 2023	17531	0	681	0
Jun 09 2023	18155	0	624	0
Jun 10 2023	18137	10	618	0
Jun 11 2023	18208	0	512	0
Jun 12 2023	18188	0	352	0
Jun 13 2023	18310	0	573	0
Jun 14 2023	18203	0	536	0
Jun 15 2023	18041	0	466	0
Jun 16 2023	17974	10	594	0
Jun 17 2023	17744	0	400	0
Jun 18 2023	17648	0	366	0
Jun 19 2023	17390	0	284	0
Jun 20 2023	17151	0	416	0
Jun 21 2023	16932	0	449	0
Jun 22 2023	16753	0	417	0
Jun 23 2023	16506	11	425	0
Jun 24 2023	16306	0	341	0
Jun 25 2023	16032	0	278	0
Jun 26 2023	15877	0	160	0
Jun 27 2023	15723	0	282	0
Jun 28 2023	15531	0	252	0
Jun 29 2023	15337	0	223	0
Jun 30 2023	15121	0	182	0
Jul 01 2023	14957	2	171	0
Jul 02 2023	14830	0	121	0
Jul 03 2023	14865	0	180	0
Jul 04 2023	14715	0	175	0
Jul 05 2023	14661	0	199	0
Jul 06 2023	13925	0	224	0
Jul 07 2023	13922	7	184	0
Jul 08 2023	13894	0	139	0
Jul 09 2023	13917	0	137	0
Jul 10 2023	13885	0	142	0
Jul 11 2023	13881	0	178	0
Jul 12 2023	13890	0	200	0
Jul 13 2023	13819	0	170	0
Jul 14 2023	13837	2	202	0
Jul 15 2023	13869	0	173	0
Jul 16 2023	13887	0	140	0
Jul 17 2023	13856	0	122	0
Jul 18 2023	13797	0	156	0
Jul 19 2023	13794	0	159	0
Jul 20 2023	13758	0	123	0
Jul 21 2023	13688	3	129	0
Jul 22 2023	13628	0	129	0
Jul 23 2023	13606	0	96	0
Jul 24 2023	13589	0	102	0
Jul 25 2023	13558	0	139	0
Jul 26 2023	13573	0	171	0
Jul 27 2023	13589	0	177	0
Jul 28 2023	13584	1	119	0
Jul 29 2023	13599	0	130	0
Jul 30 2023	13554	0	58	0
Jul 31 2023	13516	0	65	0
Aug 01 2023	13484	0	117	0
Aug 02 2023	13441	0	117	0
Aug 03 2023	13368	0	104	0
Aug 04 2023	13385	2	129	0
Aug 05 2023	13362	0	105	0
Aug 06 2023	12735	0	73	0
Aug 07 2023	12708	0	57	0
Aug 08 2023	12662	0	67	0
Aug 09 2023	12648	0	97	0
Aug 10 2023	12656	0	109	0
Aug 11 2023	12625	0	106	0
Aug 12 2023	12602	0	73	0
Aug 13 2023	12608	0	77	0
Aug 14 2023	12618	0	75	0
Aug 15 2023	12654	0	106	0
Aug 16 2023	12691	0	131	0
Aug 17 2023	12674	0	94	0
Aug 18 2023	12677	0	113	0
Aug 19 2023	12726	0	114	0
Aug 20 2023	12724	0	70	0
Aug 21 2023	12717	0	72	0
Aug 22 2023	12704	0	105	0
Aug 23 2023	12714	0	136	0
Aug 24 2023	12727	0	107	0
Aug 25 2023	12737	0	116	0
Aug 26 2023	12716	0	90	0
Aug 27 2023	12719	0	73	0
Aug 28 2023	12709	0	66	0
Aug 29 2023	12681	0	86	0
Aug 30 2023	12658	0	107	0
Aug 31 2023	12627	0	81	0
Sep 01 2023	12580	0	67	0
Sep 02 2023	12537	3	57	0
Sep 03 2023	12548	0	77	0
Sep 04 2023	12542	0	57	0
Sep 05 2023	11734	0	118	0
Sep 06 2023	11087	0	101	0
Sep 07 2023	11110	0	111	0
Sep 08 2023	11155	0	108	0
Sep 09 2023	11206	4	108	0
Sep 10 2023	11220	0	88	0
Sep 11 2023	11225	0	71	0
Sep 12 2023	11226	0	128	0
Sep 13 2023	11258	0	125	0
Sep 14 2023	11271	0	122	0
Sep 15 2023	11267	0	103	0
Sep 16 2023	11241	1	91	0
Sep 17 2023	11251	0	86	0
Sep 18 2023	11236	0	55	0
Sep 19 2023	11193	0	95	0
Sep 20 2023	11200	0	122	0
Sep 21 2023	11205	0	129	0
Sep 22 2023	11214	0	117	0
Sep 23 2023	11212	0	87	0
Sep 24 2023	11204	2	74	0
Sep 25 2023	11214	0	62	0
Sep 26 2023	11282	0	166	0
Sep 27 2023	11309	0	155	0
Sep 28 2023	11309	0	130	0
Sep 29 2023	11293	0	99	0
Sep 30 2023	11299	0	97	0
Oct 01 2023	11320	3	95	0
Oct 02 2023	11369	0	107	0
Oct 03 2023	11346	0	152	0
Oct 04 2023	11351	0	162	0
Oct 05 2023	11357	0	140	0
Oct 06 2023	11396	0	135	0
Oct 07 2023	11445	2	142	0
Oct 08 2023	11445	0	89	0
Oct 09 2023	11430	0	115	0
Oct 10 2023	11426	0	133	0
Oct 11 2023	11446	0	187	0
Oct 12 2023	11481	0	174	0
Oct 13 2023	11506	0	173	0
Oct 14 2023	11554	2	181	0
Oct 15 2023	11600	0	131	0
Oct 16 2023	11610	0	115	0
Oct 17 2023	11649	0	172	0
Oct 18 2023	11664	0	204	0
Oct 19 2023	11672	0	201	0
Oct 20 2023	11665	0	152	0
Oct 21 2023	11643	3	157	0
Oct 22 2023	11631	0	121	0
Oct 23 2023	11659	0	140	0
Oct 24 2023	11708	0	232	0
Oct 25 2023	11722	0	214	0
Oct 26 2023	11742	0	220	0
Oct 27 2023	11793	0	205	0
Oct 28 2023	11849	0	207	0
Oct 29 2023	11891	0	160	0
Oct 30 2023	11900	0	153	0
Oct 31 2023	11903	0	240	0
Nov 01 2023	11981	0	289	0
Nov 02 2023	12059	0	305	0
Nov 03 2023	12134	0	283	0
Nov 04 2023	11580	6	262	0
Nov 05 2023	10278	0	181	0
Nov 06 2023	10267	0	153	0
Nov 07 2023	10330	0	306	0
Nov 08 2023	10356	0	302	0
Nov 09 2023	10381	0	324	0
Nov 10 2023	10404	0	306	0
Nov 11 2023	10353	1	229	0
Nov 12 2023	10452	0	259	0
Nov 13 2023	10482	0	184	0
Nov 14 2023	10456	0	275	0
Nov 15 2023	10477	0	332	0
Nov 16 2023	10579	0	441	0
Nov 17 2023	10722	0	439	0
Nov 18 2023	10857	3	375	0
Nov 19 2023	10875	0	282	0
Nov 20 2023	10990	0	291	0
Nov 21 2023	11220	0	498	0
Nov 22 2023	11543	0	649	0
Nov 23 2023	11720	0	618	0
Nov 24 2023	11951	0	671	0
Nov 25 2023	12189	7	617	0
Nov 26 2023	12554	0	642	0
Nov 27 2023	12687	0	440	0
Nov 28 2023	12936	0	753	0
Nov 29 2023	13464	0	1195	0
Nov 30 2023	14015	0	1169	0
Dec 01 2023	14806	6	1471	0
Dec 02 2023	15322	0	1126	0
Dec 03 2023	15738	2	1038	0
Dec 04 2023	16181	0	906	0
Dec 05 2023	15870	3	1598	0
Dec 06 2023	16721	2	2061	0
Dec 07 2023	18002	3	2501	0
Dec 08 2023	18626	2	2099	0
Dec 09 2023	20014	2	2554	0
Dec 10 2023	21338	4	2288	0
Dec 11 2023	22230	6	1795	0
Dec 12 2023	23215	7	2496	0
Dec 13 2023	24685	4	3432	0
Dec 14 2023	25975	4	3923	0
Dec 15 2023	27257	5	3373	0
Dec 16 2023	28367	3	3389	0
Dec 17 2023	28648	2	2719	0
Dec 18 2023	29173	5	2545	0
Dec 19 2023	29973	5	3313	0
Dec 20 2023	31707	1	5048	0
Dec 21 2023	32214	2	4530	0
Dec 22 2023	33157	4	4258	0
Dec 23 2023	33278	2	3499	0
Dec 24 2023	33737	2	3329	0
Dec 25 2023	33543	0	2279	0
Dec 26 2023	32477	2	2256	0
Dec 27 2023	30465	5	3022	0
Dec 28 2023	29338	3	3425	0
Dec 29 2023	28584	1	3484	0
Dec 30 2023	27894	5	2803	0
Dec 31 2023	26925	1	2317	0
Jan 01 2024	26553	4	1956	0
Jan 02 2024	26108	5	1860	0
Jan 03 2024	25570	5	2543	0
Jan 04 2024	25456	3	3269	0
Jan 05 2024	24954	4	2981	0
Jan 06 2024	24463	0	2330	0
Jan 07 2024	24383	4	2203	0
Jan 08 2024	23892	2	1466	0
Jan 09 2024	23629	1	1725	0
Jan 10 2024	23114	0	1940	0
Jan 11 2024	21904	1	2037	0
Jan 12 2024	20650	0	1705	0
Jan 13 2024	19689	0	1355	0
Jan 14 2024	18813	1	1326	0
Jan 15 2024	18326	2	962	0
Jan 16 2024	18059	0	1440	0
Jan 17 2024	17658	4	1535	0
Jan 18 2024	16729	1	1149	0
Jan 19 2024	16138	0	1089	0
Jan 20 2024	15648	4	857	0
Jan 21 2024	15028	0	686	0
Jan 22 2024	14689	0	628	0
Jan 23 2024	14022	0	772	0
Jan 24 2024	13344	2	852	0
Jan 25 2024	12935	1	733	0
Jan 26 2024	12372	2	518	0
Jan 27 2024	11920	0	411	0
Jan 28 2024	11729	0	482	0
Jan 29 2024	11447	2	335	0
Jan 30 2024	11072	1	407	0
Jan 31 2024	10678	3	461	0
Feb 01 2024	10363	1	412	0
Feb 02 2024	10113	0	263	0
Feb 03 2024	9894	0	190	0
Feb 04 2024	9633	0	211	0
Feb 05 2024	9502	0	224	0
Feb 06 2024	9337	0	241	0
Feb 07 2024	9138	0	261	0
Feb 08 2024	8911	0	181	0
Feb 09 2024	8839	0	191	0
Feb 10 2024	8821	0	170	0
Feb 11 2024	8728	0	100	0
Feb 12 2024	8572	0	63	0
Feb 13 2024	8438	0	104	0
Feb 14 2024	8306	0	145	0
Feb 15 2024	8222	0	111	0
Feb 16 2024	8155	0	125	0
Feb 17 2024	8131	0	142	0
Feb 18 2024	8195	0	158	0
Feb 19 2024	8235	0	112	0
Feb 20 2024	8270	0	135	0
Feb 21 2024	8268	0	131	0
Feb 22 2024	8290	0	130	0
Feb 23 2024	8281	1	118	0
Feb 24 2024	8235	0	97	0
Feb 25 2024	8155	0	74	0
Feb 26 2024	8114	0	70	0
Feb 27 2024	8084	0	103	0
Feb 28 2024	8087	0	132	0
Feb 29 2024	8070	0	109	0
Mar 01 2024	8045	0	94	0
Mar 02 2024	8011	0	63	0
Mar 03 2024	8000	0	62	0
Mar 04 2024	7994	0	66	0
Mar 05 2024	7984	0	93	0
Mar 06 2024	7938	0	85	0
Mar 07 2024	7954	0	123	0
Mar 08 2024	7936	0	74	0
Mar 09 2024	7935	0	65	0
Mar 10 2024	7926	0	51	0
Mar 11 2024	7910	0	49	0
Mar 12 2024	7905	0	94	0
Mar 13 2024	7922	0	106	0
Mar 14 2024	7921	0	117	0
Mar 15 2024	7942	0	94	0
Mar 16 2024	7960	0	82	0
Mar 17 2024	7980	0	68	0
Mar 18 2024	7980	0	0	0
Mar 19 2024	7980	0	0	0
Mar 20 2024	7980	0	0	0
Mar 21 2024	7980	0	0	0
Mar 22 2024	7980	0	0	0
Mar 23 2024	7980	0	0	0
Mar 24 2024	7980	0	0	0
Mar 25 2024	7980	0	0	0
Mar 26 2024	7980	0	0	0
Mar 27 2024	7980	0	0	0
