Date	Active Cases	Daily Death	New cases	Recoverd Cases
Feb 15 2020	0	0	0	0
Feb 16 2020	0	0	0	0
Feb 17 2020	0	0	0	0
Feb 18 2020	0	0	0	0
Feb 19 2020	0	0	0	0
Feb 20 2020	0	0	0	0
Feb 21 2020	0	0	0	0
Feb 22 2020	0	0	0	0
Feb 23 2020	0	0	0	0
Feb 24 2020	0	0	0	0
Feb 25 2020	0	0	0	0
Feb 26 2020	0	0	0	0
Feb 27 2020	0	0	0	0
Feb 28 2020	0	0	0	0
Feb 29 2020	0	0	0	0
Mar 01 2020	0	0	0	0
Mar 02 2020	0	0	0	0
Mar 03 2020	0	0	0	0
Mar 04 2020	0	0	0	0
Mar 05 2020	0	0	1	0
Mar 06 2020	0	0	0	0
Mar 07 2020	0	0	0	0
Mar 08 2020	0	0	0	0
Mar 09 2020	0	0	0	0
Mar 10 2020	0	1	1	0
Mar 11 2020	0	0	3	0
Mar 12 2020	0	0	0	0
Mar 13 2020	0	0	1	0
Mar 14 2020	0	0	11	0
Mar 15 2020	0	0	10	0
Mar 16 2020	0	0	9	0
Mar 17 2020	0	1	7	0
Mar 18 2020	0	0	10	0
Mar 19 2020	0	0	9	0
Mar 20 2020	0	1	23	0
Mar 21 2020	0	0	10	0
Mar 22 2020	0	1	19	0
Mar 23 2020	0	0	28	0
Mar 24 2020	0	1	27	0
Mar 25 2020	0	1	55	0
Mar 26 2020	0	5	50	0
Mar 27 2020	0	12	70	0
Mar 28 2020	0	2	57	0
Mar 29 2020	0	1	77	0
Mar 30 2020	0	7	77	0
Mar 31 2020	0	3	61	0
Apr 01 2020	0	3	37	0
Apr 02 2020	0	5	54	0
Apr 03 2020	0	4	83	0
Apr 04 2020	0	11	128	0
Apr 05 2020	0	11	102	0
Apr 06 2020	0	10	99	0
Apr 07 2020	0	10	64	0
Apr 08 2020	0	3	91	0
Apr 09 2020	0	4	99	0
Apr 10 2020	0	10	74	0
Apr 11 2020	0	4	97	0
Apr 12 2020	0	7	116	0
Apr 13 2020	0	8	102	0
Apr 14 2020	0	0	125	0
Apr 15 2020	0	1	136	0
Apr 16 2020	0	3	259	0
Apr 17 2020	0	5	281	0
Apr 18 2020	0	2	121	0
Apr 19 2020	0	4	170	0
Apr 20 2020	0	2	191	0
Apr 21 2020	0	2	163	0
Apr 22 2020	0	4	237	0
Apr 23 2020	0	6	122	0
Apr 24 2020	0	3	190	0
Apr 25 2020	0	1	139	0
Apr 26 2020	0	2	168	0
Apr 27 2020	0	1	55	0
Apr 28 2020	0	3	132	0
Apr 29 2020	0	3	69	0
Apr 30 2020	0	2	102	0
May 01 2020	0	1	146	0
May 02 2020	0	2	160	0
May 03 2020	0	1	174	0
May 04 2020	0	5	150	0
May 05 2020	0	2	166	0
May 06 2020	0	2	189	0
May 07 2020	0	0	140	0
May 08 2020	0	3	163	0
May 09 2020	0	0	199	0
May 10 2020	0	2	153	0
May 11 2020	0	0	218	0
May 12 2020	0	0	137	0
May 13 2020	0	0	94	0
May 14 2020	0	2	95	0
May 15 2020	0	0	45	0
May 16 2020	0	2	89	0
May 17 2020	0	0	129	0
May 18 2020	0	0	82	0
May 19 2020	0	1	71	0
May 20 2020	0	1	110	0
May 21 2020	0	2	78	0
May 22 2020	0	1	121	0
May 23 2020	0	1	74	0
May 24 2020	0	1	27	0
May 25 2020	0	1	99	0
May 26 2020	0	2	45	0
May 27 2020	0	0	24	0
May 28 2020	0	0	42	0
May 29 2020	0	0	71	0
May 30 2020	0	2	66	0
May 31 2020	0	1	27	0
Jun 01 2020	0	0	26	0
Jun 02 2020	0	1	33	0
Jun 03 2020	0	0	56	0
Jun 04 2020	0	2	81	0
Jun 05 2020	0	0	68	0
Jun 06 2020	0	0	80	0
Jun 07 2020	0	0	73	0
Jun 08 2020	0	0	78	0
Jun 09 2020	0	2	135	0
Jun 10 2020	0	1	71	0
Jun 11 2020	0	0	29	0
Jun 12 2020	0	1	73	0
Jun 13 2020	0	0	82	0
Jun 14 2020	0	0	101	0
Jun 15 2020	0	0	92	0
Jun 16 2020	0	0	46	0
Jun 17 2020	0	1	66	0
Jun 18 2020	0	0	77	0
Jun 19 2020	0	0	539	0
Jun 20 2020	0	0	226	0
Jun 21 2020	0	1	138	0
Jun 22 2020	0	0	195	0
Jun 23 2020	0	0	172	0
Jun 24 2020	0	2	563	0
Jun 25 2020	0	1	431	0
Jun 26 2020	0	1	295	0
Jun 27 2020	0	2	244	0
Jun 28 2020	0	1	175	0
Jun 29 2020	0	4	238	0
Jun 30 2020	0	3	243	0
Jul 01 2020	0	0	103	0
Jul 02 2020	0	1	333	0
Jul 03 2020	0	1	319	0
Jul 04 2020	0	2	534	0
Jul 05 2020	0	3	393	0
Jul 06 2020	0	2	164	0
Jul 07 2020	0	3	228	0
Jul 08 2020	0	2	164	0
Jul 09 2020	0	0	308	0
Jul 10 2020	0	1	249	0
Jul 11 2020	0	2	214	0
Jul 12 2020	0	5	203	0
Jul 13 2020	0	5	191	0
Jul 14 2020	0	2	161	0
Jul 15 2020	0	2	165	0
Jul 16 2020	0	4	283	0
Jul 17 2020	0	1	181	0
Jul 18 2020	0	5	289	0
Jul 19 2020	0	4	221	0
Jul 20 2020	0	3	326	0
Jul 21 2020	0	4	180	0
Jul 22 2020	0	5	220	0
Jul 23 2020	0	7	302	0
Jul 24 2020	0	7	570	0
Jul 25 2020	0	6	811	0
Jul 26 2020	0	8	633	0
Jul 27 2020	0	3	609	0
Jul 28 2020	0	11	500	0
Jul 29 2020	0	7	826	0
Jul 30 2020	0	12	1046	0
Jul 31 2020	0	7	1063	0
Aug 01 2020	0	14	693	0
Aug 02 2020	0	15	522	0
Aug 03 2020	0	19	659	0
Aug 04 2020	0	16	1021	0
Aug 05 2020	0	18	1283	0
Aug 06 2020	0	14	1144	0
Aug 07 2020	0	12	1018	0
Aug 08 2020	0	19	1345	0
Aug 09 2020	0	18	1230	0
Aug 10 2020	0	18	826	0
Aug 11 2020	0	17	1132	0
Aug 12 2020	0	23	1499	0
Aug 13 2020	0	28	1241	0
Aug 14 2020	0	27	1306	0
Aug 15 2020	0	21	1776	0
Aug 16 2020	0	26	1472	0
Aug 17 2020	0	23	1069	0
Aug 18 2020	0	33	1245	0
Aug 19 2020	0	29	1510	0
Aug 20 2020	0	32	1325	0
Aug 21 2020	0	42	1609	0
Aug 22 2020	0	41	1565	0
Aug 23 2020	0	30	1537	0
Aug 24 2020	0	32	903	0
Aug 25 2020	0	35	1276	0
Aug 26 2020	0	29	1336	0
Aug 27 2020	0	27	1221	0
Aug 28 2020	0	41	1404	0
Aug 29 2020	0	26	1567	0
Aug 30 2020	0	33	1343	0
Aug 31 2020	0	30	1191	0
Sep 01 2020	0	43	1191	0
Sep 02 2020	0	32	1672	0
Sep 03 2020	0	37	1402	0
Sep 04 2020	0	39	1750	0
Sep 05 2020	0	37	1555	0
Sep 06 2020	0	32	2234	0
Sep 07 2020	0	33	1386	0
Sep 08 2020	0	33	1941	0
Sep 09 2020	0	26	2157	0
Sep 10 2020	0	38	1889	0
Sep 11 2020	0	33	2430	0
Sep 12 2020	0	29	2238	0
Sep 13 2020	0	25	2251	0
Sep 14 2020	0	36	1517	0
Sep 15 2020	0	34	2121	0
Sep 16 2020	0	38	1692	0
Sep 17 2020	0	28	2488	0
Sep 18 2020	0	41	2760	0
Sep 19 2020	0	40	2552	0
Sep 20 2020	0	35	1927	0
Sep 21 2020	0	25	1376	0
Sep 22 2020	0	34	2227	0
Sep 23 2020	0	29	2397	0
Sep 24 2020	0	38	2356	0
Sep 25 2020	0	42	2423	0
Sep 26 2020	0	43	2719	0
Sep 27 2020	0	28	2444	0
Sep 28 2020	0	44	1422	0
Sep 29 2020	0	39	2076	0
Sep 30 2020	0	42	2470	0
Oct 01 2020	0	35	2391	0
Oct 02 2020	0	34	2521	0
Oct 03 2020	0	30	2663	0
Oct 04 2020	0	37	2044	0
Oct 05 2020	0	39	1423	0
Oct 06 2020	0	41	2553	0
Oct 07 2020	0	29	2776	0
Oct 08 2020	0	47	2929	0
Oct 09 2020	0	44	3445	0
Oct 10 2020	0	42	3443	0
Oct 11 2020	0	33	2563	0
Oct 12 2020	0	31	1357	0
Oct 13 2020	0	49	3185	0
Oct 14 2020	0	41	3387	0
Oct 15 2020	0	46	3317	0
Oct 16 2020	0	46	3498	0
Oct 17 2020	0	60	3763	0
Oct 18 2020	0	50	2721	0
Oct 19 2020	0	48	2117	0
Oct 20 2020	0	51	3254	0
Oct 21 2020	0	52	3577	0
Oct 22 2020	0	53	4151	0
Oct 23 2020	0	73	3685	0
Oct 24 2020	0	50	4045	0
Oct 25 2020	0	46	3020	0
Oct 26 2020	0	72	2264	0
Oct 27 2020	0	72	3988	0
Oct 28 2020	0	61	3985	0
Oct 29 2020	0	66	4320	0
Oct 30 2020	0	53	3256	0
Oct 31 2020	0	70	3790	0
Nov 01 2020	0	67	3460	0
Nov 02 2020	0	64	2526	0
Nov 03 2020	0	74	4495	0
Nov 04 2020	0	82	5745	0
Nov 05 2020	0	77	5641	0
Nov 06 2020	0	68	5398	0
Nov 07 2020	0	70	5836	0
Nov 08 2020	0	75	4596	0
Nov 09 2020	0	84	3170	0
Nov 10 2020	0	69	5214	0
Nov 11 2020	0	81	5461	0
Nov 12 2020	0	64	6195	0
Nov 13 2020	0	61	5515	0
Nov 14 2020	0	66	5875	0
Nov 15 2020	0	82	4966	0
Nov 16 2020	0	71	3012	0
Nov 17 2020	0	82	5415	0
Nov 18 2020	0	81	5391	0
Nov 19 2020	0	77	4559	0
Nov 20 2020	0	92	4706	0
Nov 21 2020	0	74	4702	0
Nov 22 2020	0	60	3979	0
Nov 23 2020	0	80	2587	0
Nov 24 2020	0	73	3999	0
Nov 25 2020	0	70	4979	0
Nov 26 2020	0	80	4178	0
Nov 27 2020	0	70	4592	0
Nov 28 2020	0	50	4412	0
Nov 29 2020	0	50	4115	0
Nov 30 2020	0	57	2533	0
Dec 01 2020	0	69	3508	0
Dec 02 2020	0	70	4346	0
Dec 03 2020	0	78	4434	0
Dec 04 2020	0	73	3996	0
Dec 05 2020	0	48	4118	0
Dec 06 2020	0	61	2919	0
Dec 07 2020	0	75	1531	0
Dec 08 2020	0	50	2900	0
Dec 09 2020	0	57	4096	0
Dec 10 2020	0	65	3345	0
Dec 11 2020	0	50	3035	0
Dec 12 2020	0	47	3033	0
Dec 13 2020	0	35	2012	0
Dec 14 2020	0	35	1217	0
Dec 15 2020	0	52	2793	0
Dec 16 2020	0	38	3351	0
Dec 17 2020	0	55	2776	0
Dec 18 2020	0	50	2647	0
Dec 19 2020	0	55	2833	0
Dec 20 2020	0	48	1899	0
Dec 21 2020	0	43	877	0
Dec 22 2020	0	30	2646	0
Dec 23 2020	0	56	2566	0
Dec 24 2020	0	44	2650	0
Dec 25 2020	0	40	2329	0
Dec 26 2020	0	34	2369	0
Dec 27 2020	0	36	1517	0
Dec 28 2020	0	32	950	0
Dec 29 2020	0	42	2160	0
Dec 30 2020	0	41	2143	0
Dec 31 2020	0	33	1861	0
Jan 01 2021	0	37	1777	0
Jan 02 2021	0	27	1171	0
Jan 03 2021	0	33	1005	0
Jan 04 2021	0	53	656	0
Jan 05 2021	0	43	1637	0
Jan 06 2021	0	37	1642	0
Jan 07 2021	0	27	1597	0
Jan 08 2021	0	40	1543	0
Jan 09 2021	0	24	1416	0
Jan 10 2021	0	34	895	0
Jan 11 2021	0	24	456	0
Jan 12 2021	0	17	801	0
Jan 13 2021	0	26	1266	0
Jan 14 2021	0	44	1279	0
Jan 15 2021	0	34	1291	0
Jan 16 2021	0	23	1240	0
Jan 17 2021	0	31	806	0
Jan 18 2021	0	35	473	0
Jan 19 2021	0	34	1246	0
Jan 20 2021	0	32	1152	0
Jan 21 2021	0	33	1164	0
Jan 22 2021	0	29	1138	0
Jan 23 2021	0	23	925	0
Jan 24 2021	0	22	520	0
Jan 25 2021	0	22	337	0
Jan 26 2021	0	15	867	0
Jan 27 2021	0	20	890	0
Jan 28 2021	0	17	756	0
Jan 29 2021	0	22	851	0
Jan 30 2021	0	13	701	0
Jan 31 2021	0	16	466	0
Feb 01 2021	0	12	281	0
Feb 02 2021	0	22	835	0
Feb 03 2021	0	14	774	0
Feb 04 2021	0	28	620	0
Feb 05 2021	0	17	712	0
Feb 06 2021	0	13	587	0
Feb 07 2021	0	13	389	0
Feb 08 2021	0	14	234	0
Feb 09 2021	0	16	536	0
Feb 10 2021	0	12	564	0
Feb 11 2021	0	4	471	0
Feb 12 2021	0	10	496	0
Feb 13 2021	0	10	479	0
Feb 14 2021	0	17	339	0
Feb 15 2021	0	14	121	0
Feb 16 2021	0	13	476	0
Feb 17 2021	0	13	508	0
Feb 18 2021	0	7	477	0
Feb 19 2021	0	16	448	0
Feb 20 2021	0	8	444	0
Feb 21 2021	0	6	207	0
Feb 22 2021	0	5	108	0
Feb 23 2021	0	15	446	0
Feb 24 2021	0	18	419	0
Feb 25 2021	0	6	386	0
Feb 26 2021	0	10	480	0
Feb 27 2021	0	7	416	0
Feb 28 2021	0	8	244	0
Mar 01 2021	0	14	112	0
Mar 02 2021	0	8	393	0
Mar 03 2021	0	8	594	0
Mar 04 2021	0	16	394	0
Mar 05 2021	0	4	420	0
Mar 06 2021	0	3	407	0
Mar 07 2021	0	6	249	0
Mar 08 2021	0	1	102	0
Mar 09 2021	0	12	508	0
Mar 10 2021	0	10	453	0
Mar 11 2021	0	7	464	0
Mar 12 2021	0	4	431	0
Mar 13 2021	0	2	451	0
Mar 14 2021	0	5	305	0
Mar 15 2021	0	10	159	0
Mar 16 2021	0	4	526	0
Mar 17 2021	0	8	466	0
Mar 18 2021	0	3	487	0
Mar 19 2021	0	7	444	0
Mar 20 2021	0	8	444	0
Mar 21 2021	0	4	246	0
Mar 22 2021	0	2	125	0
Mar 23 2021	0	6	569	0
Mar 24 2021	0	11	439	0
Mar 25 2021	0	2	511	0
Mar 26 2021	0	5	514	0
Mar 27 2021	0	5	491	0
Mar 28 2021	0	0	301	0
Mar 29 2021	0	9	97	0
Mar 30 2021	0	6	665	0
Mar 31 2021	0	5	676	0
Apr 01 2021	0	7	579	0
Apr 02 2021	0	10	581	0
Apr 03 2021	0	7	575	0
Apr 04 2021	0	8	365	0
Apr 05 2021	0	7	132	0
Apr 06 2021	0	8	696	0
Apr 07 2021	0	2	663	0
Apr 08 2021	0	6	635	0
Apr 09 2021	0	12	625	0
Apr 10 2021	0	6	740	0
Apr 11 2021	0	9	414	0
Apr 12 2021	0	9	175	0
Apr 13 2021	0	6	684	0
Apr 14 2021	0	5	703	0
Apr 15 2021	0	7	596	0
Apr 16 2021	0	7	587	0
Apr 17 2021	0	10	600	0
Apr 18 2021	0	1	364	0
Apr 19 2021	0	7	138	0
Apr 20 2021	0	7	720	0
Apr 21 2021	0	10	669	0
Apr 22 2021	0	7	600	0
Apr 23 2021	0	7	592	0
Apr 24 2021	0	5	507	0
Apr 25 2021	0	4	326	0
Apr 26 2021	0	7	102	0
Apr 27 2021	0	6	507	0
Apr 28 2021	0	10	493	0
Apr 29 2021	0	5	421	0
Apr 30 2021	0	3	363	0
May 01 2021	0	3	313	0
May 02 2021	0	2	294	0
May 03 2021	0	4	56	0
May 04 2021	0	6	373	0
May 05 2021	0	5	371	0
May 06 2021	0	6	360	0
May 07 2021	0	8	298	0
May 08 2021	0	7	314	0
May 09 2021	0	8	236	0
May 10 2021	0	5	58	0
May 11 2021	0	6	242	0
May 12 2021	0	5	268	0
May 13 2021	0	3	238	0
May 14 2021	0	1	35	0
May 15 2021	0	6	112	0
May 16 2021	0	0	127	0
May 17 2021	0	6	79	0
May 18 2021	0	1	397	0
May 19 2021	0	1	338	0
May 20 2021	0	3	333	0
May 21 2021	0	6	358	0
May 22 2021	0	4	363	0
May 23 2021	0	3	211	0
May 24 2021	0	4	90	0
May 25 2021	0	3	310	0
May 26 2021	0	2	385	0
May 27 2021	0	3	314	0
May 28 2021	0	1	336	0
May 29 2021	0	3	410	0
May 30 2021	0	5	240	0
May 31 2021	0	4	108	0
Jun 01 2021	0	7	394	0
Jun 02 2021	0	6	418	0
Jun 03 2021	0	5	395	0
Jun 04 2021	0	4	346	0
Jun 05 2021	0	4	426	0
Jun 06 2021	0	5	231	0
Jun 07 2021	0	3	104	0
Jun 08 2021	0	6	473	0
Jun 09 2021	0	3	386	0
Jun 10 2021	0	2	376	0
Jun 11 2021	0	10	400	0
Jun 12 2021	0	5	455	0
Jun 13 2021	0	4	270	0
Jun 14 2021	0	2	109	0
Jun 15 2021	0	4	476	0
Jun 16 2021	0	4	500	0
Jun 17 2021	0	4	468	0
Jun 18 2021	0	8	481	0
Jun 19 2021	0	4	439	0
Jun 20 2021	0	1	288	0
Jun 21 2021	0	6	86	0
Jun 22 2021	0	3	437	0
Jun 23 2021	0	7	522	0
Jun 24 2021	0	11	484	0
Jun 25 2021	0	3	551	0
Jun 26 2021	0	5	493	0
Jun 27 2021	0	4	452	0
Jun 28 2021	0	6	219	0
Jun 29 2021	0	9	690	0
Jun 30 2021	0	4	776	0
Jul 01 2021	0	2	789	0
Jul 02 2021	0	9	844	0
Jul 03 2021	0	8	951	0
Jul 04 2021	0	4	605	0
Jul 05 2021	0	10	247	0
Jul 06 2021	0	7	1177	0
Jul 07 2021	0	5	1279	0
Jul 08 2021	0	5	1336	0
Jul 09 2021	0	5	1250	0
Jul 10 2021	0	9	1566	0
Jul 11 2021	0	9	1057	0
Jul 12 2021	0	15	657	0
Jul 13 2021	0	11	1897	0
Jul 14 2021	0	9	2257	0
Jul 15 2021	0	14	2571	0
Jul 16 2021	0	9	2791	0
Jul 17 2021	0	7	2853	0
Jul 18 2021	0	16	2144	0
Jul 19 2021	0	16	1153	0
Jul 20 2021	0	20	3631	0
Jul 21 2021	0	12	3940	0
Jul 22 2021	0	19	1402	0
Jul 23 2021	0	19	1910	0
Jul 24 2021	0	23	5494	0
Jul 25 2021	0	30	4110	0
Jul 26 2021	0	22	2205	0
Jul 27 2021	0	27	6971	0
Jul 28 2021	0	27	9428	0
Jul 29 2021	0	32	8995	0
Jul 30 2021	0	35	9128	0
Jul 31 2021	0	53	7529	0
Aug 01 2021	0	48	6189	0
Aug 02 2021	0	52	4206	0
Aug 03 2021	0	64	8760	0
Aug 04 2021	0	66	10603	0
Aug 05 2021	0	72	12039	0
Aug 06 2021	0	76	11358	0
Aug 07 2021	0	92	10609	0
Aug 08 2021	0	80	8990	0
Aug 09 2021	0	69	5043	0
Aug 10 2021	0	105	9778	0
Aug 11 2021	0	98	9153	0
Aug 12 2021	0	104	10828	0
Aug 13 2021	0	112	10752	0
Aug 14 2021	0	110	10240	0
Aug 15 2021	0	84	7380	0
Aug 16 2021	0	102	3897	0
Aug 17 2021	0	123	9041	0
Aug 18 2021	0	103	9703	0
Aug 19 2021	0	127	9462	0
Aug 20 2021	0	115	8216	0
Aug 21 2021	0	90	6513	0
Aug 22 2021	0	115	4661	0
Aug 23 2021	0	97	2996	0
Aug 24 2021	0	105	7184	0
Aug 25 2021	0	85	8008	0
Aug 26 2021	0	97	7357	0
Aug 27 2021	0	92	6863	0
Aug 28 2021	0	93	6175	0
Aug 29 2021	0	76	3841	0
Aug 30 2021	0	103	2676	0
Aug 31 2021	0	109	4899	0
Sep 01 2021	0	100	6020	0
Sep 02 2021	0	70	5383	0
Sep 03 2021	0	104	4381	0
Sep 04 2021	0	70	4310	0
Sep 05 2021	0	80	3043	0
Sep 06 2021	0	72	1923	0
Sep 07 2021	0	79	3524	0
Sep 08 2021	0	72	3930	0
Sep 09 2021	0	74	3451	0
Sep 10 2021	0	66	2668	0
Sep 11 2021	0	52	3113	0
Sep 12 2021	0	58	1953	0
Sep 13 2021	0	72	917	0
Sep 14 2021	0	65	2785	0
Sep 15 2021	0	46	2642	0
Sep 16 2021	0	46	2432	0
Sep 17 2021	0	53	2412	0
Sep 18 2021	0	48	2291	0
Sep 19 2021	0	34	1555	0
Sep 20 2021	0	48	693	0
Sep 21 2021	0	51	1848	0
Sep 22 2021	0	31	1702	0
Sep 23 2021	0	36	1583	0
Sep 24 2021	0	26	1620	0
Sep 25 2021	0	30	1444	0
Sep 26 2021	0	35	734	0
Sep 27 2021	0	32	394	0
Sep 28 2021	0	26	1192	0
Sep 29 2021	0	23	1082	0
Sep 30 2021	0	19	1098	0
Oct 01 2021	0	23	936	0
Oct 02 2021	0	25	821	0
Oct 03 2021	0	24	504	0
Oct 04 2021	0	16	228	0
Oct 05 2021	0	17	676	0
Oct 06 2021	0	18	727	0
Oct 07 2021	0	23	668	0
Oct 08 2021	0	14	655	0
Oct 09 2021	0	15	515	0
Oct 10 2021	0	15	386	0
Oct 11 2021	0	17	169	0
Oct 12 2021	0	11	566	0
Oct 13 2021	0	15	581	0
Oct 14 2021	0	20	506	0
Oct 15 2021	0	13	437	0
Oct 16 2021	0	4	417	0
Oct 17 2021	0	7	269	0
Oct 18 2021	0	17	148	0
Oct 19 2021	0	5	499	0
Oct 20 2021	0	14	188	0
Oct 21 2021	0	13	255	0
Oct 22 2021	0	7	430	0
Oct 23 2021	0	6	424	0
Oct 24 2021	0	6	201	0
Oct 25 2021	0	9	101	0
Oct 26 2021	0	15	425	0
Oct 27 2021	0	11	398	0
Oct 28 2021	0	7	303	0
Oct 29 2021	0	6	216	0
Oct 30 2021	0	7	240	0
Oct 31 2021	0	1	185	0
Nov 01 2021	0	10	138	0
Nov 02 2021	0	5	260	0
Nov 03 2021	0	6	223	0
Nov 04 2021	0	9	191	0
Nov 05 2021	0	3	182	0
Nov 06 2021	0	5	168	0
Nov 07 2021	0	7	89	0
Nov 08 2021	0	8	55	0
Nov 09 2021	0	5	159	0
Nov 10 2021	0	3	151	0
Nov 11 2021	0	5	141	0
Nov 12 2021	0	3	123	0
Nov 13 2021	0	3	132	0
Nov 14 2021	0	3	69	0
Nov 15 2021	0	3	45	0
Nov 16 2021	0	1	120	0
Nov 17 2021	0	7	148	0
Nov 18 2021	0	1	94	0
Nov 19 2021	0	3	72	0
Nov 20 2021	0	3	125	0
Nov 21 2021	0	0	93	0
Nov 22 2021	0	3	53	0
Nov 23 2021	0	2	157	0
Nov 24 2021	0	4	130	0
Nov 25 2021	0	0	115	0
Nov 26 2021	0	3	154	0
Nov 27 2021	0	1	116	0
Nov 28 2021	0	0	84	0
Nov 29 2021	0	1	53	0
Nov 30 2021	0	1	132	0
Dec 01 2021	0	3	171	0
Dec 02 2021	0	3	135	0
Dec 03 2021	0	2	151	0
Dec 04 2021	0	3	127	0
Dec 05 2021	0	1	90	0
Dec 06 2021	0	0	52	0
Dec 07 2021	0	0	158	0
Dec 08 2021	0	4	145	0
Dec 09 2021	0	2	146	0
Dec 10 2021	0	1	175	0
Dec 11 2021	0	1	113	0
Dec 12 2021	0	0	102	0
Dec 13 2021	0	2	62	0
Dec 14 2021	0	0	219	0
Dec 15 2021	0	0	221	0
Dec 16 2021	0	4	205	0
Dec 17 2021	0	2	209	0
Dec 18 2021	0	4	230	0
Dec 19 2021	0	1	186	0
Dec 20 2021	0	1	102	0
Dec 21 2021	0	4	381	0
Dec 22 2021	0	3	427	0
Dec 23 2021	0	6	475	0
Dec 24 2021	0	2	654	0
Dec 25 2021	0	2	734	0
Dec 26 2021	0	1	532	0
Dec 27 2021	0	4	291	0
Dec 28 2021	0	5	1184	0
Dec 29 2021	0	5	1504	0
Dec 30 2021	0	2	1960	0
Dec 31 2021	0	5	2034	0
Jan 01 2022	0	2	2328	0
Jan 02 2022	0	4	1357	0
Jan 03 2022	0	7	885	0
Jan 04 2022	0	5	4299	0
Jan 05 2022	0	5	5618	0
Jan 06 2022	0	11	6050	0
Jan 07 2022	0	13	6428	0
Jan 08 2022	0	8	7064	0
Jan 09 2022	0	7	4963	0
Jan 10 2022	0	4	2622	0
Jan 11 2022	0	12	7336	0
Jan 12 2022	0	8	5518	0
Jan 13 2022	0	10	8338	0
Jan 14 2022	0	9	8501	0
Jan 15 2022	0	9	8826	0
Jan 16 2022	0	13	5428	0
Jan 17 2022	0	18	3177	0
Jan 18 2022	0	18	7756	0
Jan 19 2022	0	13	9355	0
Jan 20 2022	0	22	9061	0
Jan 21 2022	0	35	8338	0
Jan 22 2022	0	31	7638	0
Jan 23 2022	0	19	4435	0
Jan 24 2022	0	35	2750	0
Jan 25 2022	0	34	6362	0
Jan 26 2022	0	36	7002	0
Jan 27 2022	0	33	5560	0
Jan 28 2022	0	30	4899	0
Jan 29 2022	0	28	4154	0
Jan 30 2022	0	34	2255	0
Jan 31 2022	0	38	1321	0
Feb 01 2022	0	35	3080	0
Feb 02 2022	0	29	3051	0
Feb 03 2022	0	51	2861	0
Feb 04 2022	0	25	2266	0
Feb 05 2022	0	35	2067	0
Feb 06 2022	0	18	1202	0
Feb 07 2022	0	24	721	0
Feb 08 2022	0	40	1618	0
Feb 09 2022	0	41	1499	0
Feb 10 2022	0	29	1333	0
Feb 11 2022	0	20	1148	0
Feb 12 2022	0	19	969	0
Feb 13 2022	0	15	634	0
Feb 14 2022	0	21	369	0
Feb 15 2022	0	18	822	0
Feb 16 2022	0	13	645	0
Feb 17 2022	0	22	636	0
Feb 18 2022	0	15	508	0
Feb 19 2022	0	11	524	0
Feb 20 2022	0	13	298	0
Feb 21 2022	0	22	190	0
Feb 22 2022	0	6	427	0
Feb 23 2022	0	16	357	0
Feb 24 2022	0	14	362	0
Feb 25 2022	0	8	259	0
Feb 26 2022	0	10	188	0
Feb 27 2022	0	8	142	0
Feb 28 2022	0	10	83	0
Mar 01 2022	0	6	156	0
Mar 02 2022	0	8	159	0
Mar 03 2022	0	4	102	0
Mar 04 2022	0	3	114	0
Mar 05 2022	0	6	80	0
Mar 06 2022	0	2	60	0
Mar 07 2022	0	5	52	0
Mar 08 2022	0	7	78	0
Mar 09 2022	0	0	72	0
Mar 10 2022	0	4	77	0
Mar 11 2022	0	1	55	0
Mar 12 2022	0	2	60	0
Mar 13 2022	0	3	56	0
Mar 14 2022	0	4	29	0
Mar 15 2022	0	3	111	0
Mar 16 2022	0	2	52	0
Mar 17 2022	0	2	34	0
Mar 18 2022	0	0	52	0
Mar 19 2022	0	1	70	0
Mar 20 2022	0	1	53	0
Mar 21 2022	0	0	42	0
Mar 22 2022	0	1	87	0
Mar 23 2022	0	2	60	0
Mar 24 2022	0	1	78	0
Mar 25 2022	0	0	77	0
Mar 26 2022	0	1	82	0
Mar 27 2022	0	0	51	0
Mar 28 2022	0	1	38	0
Mar 29 2022	0	1	97	0
Mar 30 2022	0	1	105	0
Mar 31 2022	0	0	60	0
Apr 01 2022	0	0	85	0
Apr 02 2022	0	0	113	0
Apr 03 2022	0	0	54	0
Apr 04 2022	0	0	35	0
Apr 05 2022	0	1	95	0
Apr 06 2022	0	0	70	0
Apr 07 2022	0	0	80	0
Apr 08 2022	0	0	82	0
Apr 09 2022	0	0	74	0
Apr 10 2022	0	0	68	0
Apr 11 2022	0	0	22	0
Apr 12 2022	0	0	83	0
Apr 13 2022	0	0	54	0
Apr 14 2022	0	0	70	0
Apr 15 2022	0	1	37	0
Apr 16 2022	0	0	49	0
Apr 17 2022	0	1	36	0
Apr 18 2022	0	1	30	0
Apr 19 2022	0	0	56	0
Apr 20 2022	0	0	40	0
Apr 21 2022	0	0	60	0
Apr 22 2022	0	0	47	0
Apr 23 2022	0	1	56	0
Apr 24 2022	0	0	30	0
Apr 25 2022	0	1	17	0
Apr 26 2022	0	0	57	0
Apr 27 2022	0	2	51	0
Apr 28 2022	0	1	40	0
Apr 29 2022	0	0	42	0
Apr 30 2022	0	0	46	0
May 01 2022	0	0	20	0
May 02 2022	0	0	11	0
May 03 2022	0	0	20	0
May 04 2022	0	0	22	0
May 05 2022	0	0	58	0
May 06 2022	0	1	67	0
May 07 2022	0	0	55	0
May 08 2022	0	0	41	0
May 09 2022	0	1	36	0
May 10 2022	0	0	83	0
May 11 2022	0	0	89	0
May 12 2022	0	0	97	0
May 13 2022	0	0	73	0
May 14 2022	0	0	81	0
May 15 2022	0	0	89	0
May 16 2022	0	1	54	0
May 17 2022	0	2	135	0
May 18 2022	0	1	116	0
May 19 2022	0	0	124	0
May 20 2022	0	0	153	0
May 21 2022	0	0	153	0
May 22 2022	0	0	98	0
May 23 2022	0	0	88	0
May 24 2022	0	0	200	0
May 25 2022	0	1	170	0
May 26 2022	0	0	239	0
May 27 2022	0	0	202	0
May 28 2022	0	0	205	0
May 29 2022	0	0	162	0
May 30 2022	0	0	89	0
May 31 2022	0	0	320	0
Jun 01 2022	0	1	361	0
Jun 02 2022	0	1	393	0
Jun 03 2022	0	0	425	0
Jun 04 2022	0	1	438	0
Jun 05 2022	0	1	274	0
Jun 06 2022	0	0	233	0
Jun 07 2022	0	2	607	0
Jun 08 2022	0	0	938	0
Jun 09 2022	0	0	966	0
Jun 10 2022	0	0	1090	0
Jun 11 2022	0	0	1076	0
Jun 12 2022	0	0	500	0
Jun 13 2022	0	0	561	0
Jun 14 2022	0	1	1677	0
Jun 15 2022	0	2	1632	0
Jun 16 2022	0	0	1568	0
Jun 17 2022	0	0	1734	0
Jun 18 2022	0	1	1956	0
Jun 19 2022	0	1	1258	0
Jun 20 2022	0	0	607	0
Jun 21 2022	0	0	3059	0
Jun 22 2022	0	5	3141	0
Jun 23 2022	0	2	3086	0
Jun 24 2022	0	3	3343	0
Jun 25 2022	0	1	3235	0
Jun 26 2022	0	3	2117	0
Jun 27 2022	0	0	715	0
Jun 28 2022	0	3	4009	0
Jun 29 2022	0	3	3604	0
Jun 30 2022	0	2	4003	0
Jul 01 2022	0	4	3370	0
Jul 02 2022	0	3	3306	0
Jul 03 2022	0	1	1720	0
Jul 04 2022	0	3	941	0
Jul 05 2022	0	11	3849	0
Jul 06 2022	0	2	3043	0
Jul 07 2022	0	9	2782	0
Jul 08 2022	0	5	2451	0
Jul 09 2022	0	4	2476	0
Jul 10 2022	0	5	1120	0
Jul 11 2022	0	1	274	0
Jul 12 2022	0	3	587	0
Jul 13 2022	0	5	2064	0
Jul 14 2022	0	2	1943	0
Jul 15 2022	0	6	2021	0
Jul 16 2022	0	5	1654	0
Jul 17 2022	0	6	787	0
Jul 18 2022	0	5	469	0
Jul 19 2022	0	4	1575	0
Jul 20 2022	0	5	1209	0
Jul 21 2022	0	6	1131	0
Jul 22 2022	0	5	842	0
Jul 23 2022	0	2	797	0
Jul 24 2022	0	2	444	0
Jul 25 2022	0	2	254	0
Jul 26 2022	0	9	743	0
Jul 27 2022	0	2	659	0
Jul 28 2022	0	2	554	0
Jul 29 2022	0	5	431	0
Jul 30 2022	0	1	354	0
Jul 31 2022	0	3	219	0
Aug 01 2022	0	1	147	0
Aug 02 2022	0	4	374	0
Aug 03 2022	0	6	317	0
Aug 04 2022	0	2	266	0
Aug 05 2022	0	4	218	0
Aug 06 2022	0	2	201	0
Aug 07 2022	0	1	121	0
Aug 08 2022	0	2	74	0
Aug 09 2022	0	1	191	0
Aug 10 2022	0	2	148	0
Aug 11 2022	0	2	129	0
Aug 12 2022	0	3	92	0
Aug 13 2022	0	1	117	0
Aug 14 2022	0	1	80	0
Aug 15 2022	0	0	38	0
Aug 16 2022	0	0	100	0
Aug 17 2022	0	0	109	0
Aug 18 2022	0	0	79	0
Aug 19 2022	0	0	86	0
Aug 20 2022	0	1	78	0
Aug 21 2022	0	0	42	0
Aug 22 2022	0	0	25	0
Aug 23 2022	0	0	58	0
Aug 24 2022	0	0	62	0
Aug 25 2022	0	1	70	0
Aug 26 2022	0	0	37	0
Aug 27 2022	0	0	49	0
Aug 28 2022	0	0	30	0
Aug 29 2022	0	1	26	0
Aug 30 2022	0	1	46	0
Aug 31 2022	0	0	47	0
Sep 01 2022	0	0	33	0
Sep 02 2022	0	1	27	0
Sep 03 2022	0	0	36	0
Sep 04 2022	0	0	18	0
Sep 05 2022	0	0	7	0
Sep 06 2022	0	0	24	0
Sep 07 2022	0	1	17	0
Sep 08 2022	0	0	12	0
Sep 09 2022	0	0	13	0
Sep 10 2022	0	1	26	0
Sep 11 2022	0	0	11	0
Sep 12 2022	0	0	5	0
Sep 13 2022	0	0	26	0
Sep 14 2022	0	0	21	0
Sep 15 2022	0	0	20	0
Sep 16 2022	0	0	12	0
Sep 17 2022	0	1	19	0
Sep 18 2022	0	0	17	0
Sep 19 2022	0	0	6	0
Sep 20 2022	0	0	22	0
Sep 21 2022	0	1	15	0
Sep 22 2022	0	0	18	0
Sep 23 2022	0	0	10	0
Sep 24 2022	0	0	22	0
Sep 25 2022	0	0	7	0
Sep 26 2022	0	0	4	0
Sep 27 2022	0	0	20	0
Sep 28 2022	0	0	17	0
Sep 29 2022	0	0	15	0
Sep 30 2022	0	0	10	0
Oct 01 2022	0	0	16	0
Oct 02 2022	0	0	11	0
Oct 03 2022	0	0	6	0
Oct 04 2022	0	0	30	0
Oct 05 2022	0	0	24	0
Oct 06 2022	0	0	0	0
Oct 07 2022	0	0	40	0
Oct 08 2022	0	0	14	0
Oct 09 2022	0	0	7	0
Oct 10 2022	0	0	10	0
Oct 11 2022	0	0	12	0
Oct 12 2022	0	0	23	0
Oct 13 2022	0	0	24	0
Oct 14 2022	0	0	18	0
Oct 15 2022	0	0	21	0
Oct 16 2022	0	1	19	0
Oct 17 2022	0	0	12	0
Oct 18 2022	0	1	33	0
Oct 19 2022	0	0	36	0
Oct 20 2022	0	0	31	0
Oct 21 2022	0	0	31	0
Oct 22 2022	0	0	19	0
Oct 23 2022	0	0	7	0
Oct 24 2022	0	0	7	0
Oct 25 2022	0	1	35	0
Oct 26 2022	0	0	46	0
Oct 27 2022	0	0	46	0
Oct 28 2022	0	0	26	0
Oct 29 2022	0	0	23	0
Oct 30 2022	0	0	17	0
Oct 31 2022	0	0	12	0
Nov 01 2022	0	0	49	0
Nov 02 2022	0	0	82	0
Nov 03 2022	0	0	56	0
Nov 04 2022	0	0	88	0
Nov 05 2022	0	0	89	0
Nov 06 2022	0	1	33	0
Nov 07 2022	0	0	11	0
Nov 08 2022	0	0	95	0
Nov 09 2022	0	1	127	0
Nov 10 2022	0	0	119	0
Nov 11 2022	0	0	108	0
Nov 12 2022	0	0	103	0
Nov 13 2022	0	0	56	0
Nov 14 2022	0	0	22	0
Nov 15 2022	0	0	149	0
Nov 16 2022	0	0	129	0
Nov 17 2022	0	0	122	0
Nov 18 2022	0	0	138	0
Nov 19 2022	0	0	89	0
Nov 20 2022	0	0	49	0
Nov 21 2022	0	0	35	0
Nov 22 2022	0	0	247	0
Nov 23 2022	0	0	219	0
Nov 24 2022	0	0	150	0
Nov 25 2022	0	1	170	0
Nov 26 2022	0	0	159	0
Nov 27 2022	0	0	101	0
Nov 28 2022	0	0	44	0
Nov 29 2022	0	0	199	0
Nov 30 2022	0	0	184	0
Dec 01 2022	0	0	179	0
Dec 02 2022	0	0	149	0
Dec 03 2022	0	1	145	0
Dec 04 2022	0	0	49	0
Dec 05 2022	0	0	46	0
Dec 06 2022	0	1	179	0
Dec 07 2022	0	1	147	0
Dec 08 2022	0	0	134	0
Dec 09 2022	0	0	156	0
Dec 10 2022	0	1	112	0
Dec 11 2022	0	0	42	0
Dec 12 2022	0	0	18	0
Dec 13 2022	0	1	139	0
Dec 14 2022	0	1	148	0
Dec 15 2022	0	1	122	0
Dec 16 2022	0	3	111	0
Dec 17 2022	0	0	83	0
Dec 18 2022	0	0	38	0
Dec 19 2022	0	0	20	0
Dec 20 2022	0	0	105	0
Dec 21 2022	0	0	72	0
Dec 22 2022	0	0	80	0
Dec 23 2022	0	0	69	0
Dec 24 2022	0	0	78	0
Dec 25 2022	0	0	16	0
Dec 26 2022	0	0	16	0
Dec 27 2022	0	0	98	0
Dec 28 2022	0	0	66	0
Dec 29 2022	0	0	53	0
Dec 30 2022	0	0	55	0
Dec 31 2022	0	0	47	0
Jan 01 2023	0	1	15	0
Jan 02 2023	0	0	6	0
Jan 03 2023	0	0	55	0
Jan 04 2023	0	0	47	0
Jan 05 2023	0	0	68	0
Jan 06 2023	0	0	37	0
Jan 07 2023	0	0	45	0
Jan 08 2023	0	0	13	0
Jan 09 2023	0	0	6	0
Jan 10 2023	0	0	55	0
Jan 11 2023	0	0	39	0
Jan 12 2023	0	0	8	0
Jan 13 2023	0	0	33	0
Jan 14 2023	0	0	21	0
Jan 15 2023	0	0	7	0
Jan 16 2023	0	0	3	0
Jan 17 2023	0	1	37	0
Jan 18 2023	0	0	26	0
Jan 19 2023	0	0	15	0
Jan 20 2023	0	0	15	0
Jan 21 2023	0	0	16	0
Jan 22 2023	0	0	2	0
Jan 23 2023	0	0	3	0
Jan 24 2023	0	0	19	0
Jan 25 2023	0	0	13	0
Jan 26 2023	0	0	8	0
Jan 27 2023	0	0	10	0
Jan 28 2023	0	0	5	0
Jan 29 2023	0	0	7	0
Jan 30 2023	0	0	0	0
Jan 31 2023	0	0	11	0
Feb 01 2023	0	0	14	0
Feb 02 2023	0	0	4	0
Feb 03 2023	0	0	9	0
Feb 04 2023	0	0	9	0
Feb 05 2023	0	0	4	0
Feb 06 2023	0	0	1	0
Feb 07 2023	0	0	18	0
Feb 08 2023	0	0	11	0
Feb 09 2023	0	0	13	0
Feb 10 2023	0	0	5	0
Feb 11 2023	0	0	4	0
Feb 12 2023	0	0	3	0
Feb 13 2023	0	0	4	0
Feb 14 2023	0	0	5	0
Feb 15 2023	0	0	9	0
Feb 16 2023	0	0	8	0
Feb 17 2023	0	0	5	0
Feb 18 2023	0	0	5	0
Feb 19 2023	0	0	12	0
Feb 20 2023	0	0	3	0
Feb 21 2023	0	0	14	0
Feb 22 2023	0	0	11	0
Feb 23 2023	0	0	7	0
Feb 24 2023	0	0	17	0
Feb 25 2023	0	0	7	0
Feb 26 2023	0	0	3	0
Feb 27 2023	0	0	1	0
Feb 28 2023	0	0	8	0
Mar 01 2023	0	0	5	0
Mar 02 2023	0	0	12	0
Mar 03 2023	0	0	6	0
Mar 04 2023	0	0	9	0
Mar 05 2023	0	0	1	0
Mar 06 2023	0	0	3	0
Mar 07 2023	0	0	0	0
Mar 08 2023	0	0	0	0
Mar 09 2023	0	0	0	0
Mar 10 2023	0	0	36	0
Mar 11 2023	0	0	0	0
Mar 12 2023	0	0	0	0
Mar 13 2023	0	0	0	0
Mar 14 2023	0	0	0	0
Mar 15 2023	0	0	0	0
Mar 16 2023	0	0	0	0
Mar 17 2023	0	0	0	0
Mar 18 2023	0	0	0	0
Mar 19 2023	0	0	0	0
Mar 20 2023	0	0	59	0
Mar 21 2023	0	0	0	0
Mar 22 2023	0	0	0	0
Mar 23 2023	0	0	0	0
Mar 24 2023	0	0	37	0
Mar 25 2023	0	0	0	0
Mar 26 2023	0	0	0	0
Mar 27 2023	0	0	0	0
Mar 28 2023	0	0	0	0
Mar 29 2023	0	0	0	0
Mar 30 2023	0	0	0	0
Mar 31 2023	0	0	0	0
Apr 01 2023	0	0	0	0
Apr 02 2023	0	0	57	0
Apr 03 2023	0	0	0	0
Apr 04 2023	0	0	0	0
Apr 05 2023	0	0	0	0
Apr 06 2023	0	0	0	0
Apr 07 2023	0	0	0	0
Apr 08 2023	0	0	0	0
Apr 09 2023	0	0	54	0
Apr 10 2023	0	0	0	0
Apr 11 2023	0	0	0	0
Apr 12 2023	0	0	0	0
Apr 13 2023	0	0	0	0
Apr 14 2023	0	0	0	0
Apr 15 2023	0	0	0	0
Apr 16 2023	0	0	156	0
Apr 17 2023	0	0	0	0
Apr 18 2023	0	0	0	0
Apr 19 2023	0	0	0	0
Apr 20 2023	0	0	0	0
Apr 21 2023	0	0	0	0
Apr 22 2023	0	0	0	0
Apr 23 2023	0	1	241	0
Apr 24 2023	0	0	0	0
Apr 25 2023	0	0	0	0
Apr 26 2023	0	0	0	0
Apr 27 2023	0	0	0	0
Apr 28 2023	0	0	0	0
Apr 29 2023	0	0	333	0
Apr 30 2023	0	0	0	0
May 01 2023	0	0	0	0
May 02 2023	0	0	0	0
May 03 2023	0	0	0	0
May 04 2023	0	0	0	0
May 05 2023	0	0	0	0
May 06 2023	0	0	0	0
May 07 2023	0	0	369	0
May 08 2023	0	0	0	0
May 09 2023	0	0	0	0
May 10 2023	0	0	0	0
May 11 2023	0	0	0	0
May 12 2023	0	0	0	0
May 13 2023	0	0	348	0
May 14 2023	0	0	0	0
May 15 2023	0	0	0	0
May 16 2023	0	0	0	0
May 17 2023	0	0	0	0
May 18 2023	0	0	0	0
May 19 2023	0	0	0	0
May 20 2023	0	0	0	0
May 21 2023	0	0	373	0
May 22 2023	0	0	0	0
May 23 2023	0	0	0	0
May 24 2023	0	0	0	0
May 25 2023	0	0	0	0
May 26 2023	0	0	0	0
May 27 2023	0	0	0	0
May 28 2023	0	0	180	0
May 29 2023	0	0	0	0
May 30 2023	0	0	0	0
May 31 2023	0	0	0	0
Jun 01 2023	0	0	0	0
Jun 02 2023	0	0	0	0
Jun 03 2023	0	0	0	0
Jun 04 2023	0	0	168	0
Jun 05 2023	0	0	0	0
Jun 06 2023	0	0	0	0
Jun 07 2023	0	0	0	0
Jun 08 2023	0	0	0	0
Jun 09 2023	0	0	0	0
Jun 10 2023	0	0	0	0
Jun 11 2023	0	0	102	0
Jun 12 2023	0	0	0	0
Jun 13 2023	0	0	0	0
Jun 14 2023	0	0	0	0
Jun 15 2023	0	0	0	0
Jun 16 2023	0	0	0	0
Jun 17 2023	0	0	0	0
Jun 18 2023	0	0	86	0
Jun 19 2023	0	0	0	0
Jun 20 2023	0	0	0	0
Jun 21 2023	0	0	0	0
Jun 22 2023	0	0	0	0
Jun 23 2023	0	0	0	0
Jun 24 2023	0	0	0	0
Jun 25 2023	0	0	47	0
Jun 26 2023	0	0	0	0
Jun 27 2023	0	0	0	0
Jun 28 2023	0	0	0	0
Jun 29 2023	0	0	0	0
Jun 30 2023	0	0	0	0
Jul 01 2023	0	0	32	0
Jul 02 2023	0	0	0	0
Jul 03 2023	0	0	0	0
Jul 04 2023	0	0	0	0
Jul 05 2023	0	0	0	0
Jul 06 2023	0	0	0	0
Jul 07 2023	0	0	0	0
Jul 08 2023	0	0	23	0
Jul 09 2023	0	0	0	0
Jul 10 2023	0	0	0	0
Jul 11 2023	0	0	0	0
Jul 12 2023	0	0	0	0
Jul 13 2023	0	0	0	0
Jul 14 2023	0	0	0	0
Jul 15 2023	0	0	33	0
Jul 16 2023	0	0	0	0
Jul 17 2023	0	0	0	0
Jul 18 2023	0	0	0	0
Jul 19 2023	0	0	0	0
Jul 20 2023	0	0	0	0
Jul 21 2023	0	0	0	0
Jul 22 2023	0	0	21	0
Jul 23 2023	0	0	0	0
Jul 24 2023	0	0	0	0
Jul 25 2023	0	0	0	0
Jul 26 2023	0	0	0	0
Jul 27 2023	0	0	0	0
Jul 28 2023	0	0	0	0
Jul 29 2023	0	0	28	0
Jul 30 2023	0	0	0	0
Jul 31 2023	0	0	0	0
Aug 01 2023	0	0	0	0
Aug 02 2023	0	0	0	0
Aug 03 2023	0	0	0	0
Aug 04 2023	0	0	0	0
Aug 05 2023	0	0	20	0
Aug 06 2023	0	0	0	0
Aug 07 2023	0	0	0	0
Aug 08 2023	0	0	0	0
Aug 09 2023	0	0	0	0
Aug 10 2023	0	0	0	0
Aug 11 2023	0	0	0	0
Aug 12 2023	0	0	0	0
Aug 13 2023	0	0	27	0
Aug 14 2023	0	0	0	0
Aug 15 2023	0	0	0	0
Aug 16 2023	0	0	0	0
Aug 17 2023	0	0	0	0
Aug 18 2023	0	0	0	0
Aug 19 2023	0	0	74	0
Aug 20 2023	0	0	0	0
Aug 21 2023	0	0	0	0
Aug 22 2023	0	0	0	0
Aug 23 2023	0	0	0	0
Aug 24 2023	0	0	0	0
Aug 25 2023	0	0	0	0
Aug 26 2023	0	0	0	0
Aug 27 2023	0	0	161	0
Aug 28 2023	0	0	0	0
Aug 29 2023	0	0	0	0
Aug 30 2023	0	0	0	0
Aug 31 2023	0	0	0	0
Sep 01 2023	0	0	0	0
Sep 02 2023	0	0	0	0
Sep 03 2023	0	0	309	0
Sep 04 2023	0	0	0	0
Sep 05 2023	0	0	0	0
Sep 06 2023	0	0	0	0
Sep 07 2023	0	0	0	0
Sep 08 2023	0	0	0	0
Sep 09 2023	0	0	312	0
Sep 10 2023	0	0	0	0
Sep 11 2023	0	0	0	0
Sep 12 2023	0	0	0	0
Sep 13 2023	0	0	0	0
Sep 14 2023	0	0	0	0
Sep 15 2023	0	0	0	0
Sep 16 2023	0	0	254	0
Sep 17 2023	0	0	0	0
Sep 18 2023	0	0	0	0
Sep 19 2023	0	0	0	0
Sep 20 2023	0	0	0	0
Sep 21 2023	0	0	0	0
Sep 22 2023	0	0	0	0
Sep 23 2023	0	0	205	0
Sep 24 2023	0	0	0	0
Sep 25 2023	0	0	0	0
Sep 26 2023	0	0	0	0
Sep 27 2023	0	0	0	0
Sep 28 2023	0	0	0	0
Sep 29 2023	0	0	0	0
Sep 30 2023	0	0	177	0
Oct 01 2023	0	0	0	0
Oct 02 2023	0	0	0	0
Oct 03 2023	0	0	0	0
Oct 04 2023	0	0	0	0
Oct 05 2023	0	0	0	0
Oct 06 2023	0	0	0	0
Oct 07 2023	0	0	138	0
Oct 08 2023	0	0	0	0
Oct 09 2023	0	0	0	0
Oct 10 2023	0	0	0	0
Oct 11 2023	0	0	0	0
Oct 12 2023	0	0	0	0
Oct 13 2023	0	0	0	0
Oct 14 2023	0	0	0	0
Oct 15 2023	0	0	0	0
Oct 16 2023	0	0	0	0
Oct 17 2023	0	0	132	0
Oct 18 2023	0	0	0	0
Oct 19 2023	0	0	0	0
Oct 20 2023	0	0	0	0
Oct 21 2023	0	0	0	0
Oct 22 2023	0	0	0	0
Oct 23 2023	0	0	136	0
Oct 24 2023	0	0	0	0
Oct 25 2023	0	0	0	0
Oct 26 2023	0	0	0	0
Oct 27 2023	0	0	0	0
Oct 28 2023	0	0	124	0
Oct 29 2023	0	0	0	0
Oct 30 2023	0	0	0	0
Oct 31 2023	0	0	0	0
Nov 01 2023	0	0	0	0
Nov 02 2023	0	0	0	0
Nov 03 2023	0	0	0	0
Nov 04 2023	0	0	0	0
Nov 05 2023	0	0	0	0
Nov 06 2023	0	0	0	0
Nov 07 2023	0	0	0	0
Nov 08 2023	0	0	0	0
Nov 09 2023	0	0	0	0
Nov 10 2023	0	0	0	0
Nov 11 2023	0	0	196	0
Nov 12 2023	0	0	0	0
Nov 13 2023	0	0	0	0
Nov 14 2023	0	0	0	0
Nov 15 2023	0	0	0	0
Nov 16 2023	0	0	0	0
Nov 17 2023	0	0	0	0
Nov 18 2023	0	0	104	0
Nov 19 2023	0	0	0	0
Nov 20 2023	0	0	0	0
Nov 21 2023	0	0	0	0
Nov 22 2023	0	0	0	0
Nov 23 2023	0	0	0	0
Nov 24 2023	0	0	0	0
Nov 25 2023	0	0	0	0
Nov 26 2023	0	0	104	0
Nov 27 2023	0	0	0	0
Nov 28 2023	0	0	0	0
Nov 29 2023	0	0	0	0
Nov 30 2023	0	0	0	0
Dec 01 2023	0	0	0	0
Dec 02 2023	0	1	116	0
Dec 03 2023	0	0	0	0
Dec 04 2023	0	0	0	0
Dec 05 2023	0	0	0	0
Dec 06 2023	0	0	0	0
Dec 07 2023	0	0	0	0
Dec 08 2023	0	0	0	0
Dec 09 2023	0	0	94	0
Dec 10 2023	0	0	0	0
Dec 11 2023	0	0	0	0
Dec 12 2023	0	0	0	0
Dec 13 2023	0	0	0	0
Dec 14 2023	0	0	0	0
Dec 15 2023	0	0	0	0
Dec 16 2023	0	0	99	0
Dec 17 2023	0	0	0	0
Dec 18 2023	0	0	0	0
Dec 19 2023	0	0	0	0
Dec 20 2023	0	0	0	0
Dec 21 2023	0	0	0	0
Dec 22 2023	0	0	0	0
Dec 23 2023	0	0	0	0
Dec 24 2023	0	0	109	0
Dec 25 2023	0	0	0	0
Dec 26 2023	0	0	0	0
Dec 27 2023	0	0	0	0
Dec 28 2023	0	0	0	0
Dec 29 2023	0	0	0	0
Dec 30 2023	0	0	0	0
Dec 31 2023	0	2	105	0
Jan 01 2024	0	0	0	0
Jan 02 2024	0	0	0	0
Jan 03 2024	0	0	0	0
Jan 04 2024	0	0	0	0
Jan 05 2024	0	0	0	0
Jan 06 2024	0	0	0	0
Jan 07 2024	0	0	130	0
Jan 08 2024	0	0	0	0
Jan 09 2024	0	0	0	0
Jan 10 2024	0	0	0	0
Jan 11 2024	0	0	0	0
Jan 12 2024	0	0	0	0
Jan 13 2024	0	0	0	0
Jan 14 2024	0	1	113	0
Jan 15 2024	0	0	0	0
Jan 16 2024	0	0	0	0
Jan 17 2024	0	0	0	0
Jan 18 2024	0	0	0	0
Jan 19 2024	0	0	0	0
Jan 20 2024	0	0	0	0
Jan 21 2024	0	0	154	0
Jan 22 2024	0	0	0	0
Jan 23 2024	0	0	0	0
Jan 24 2024	0	0	0	0
Jan 25 2024	0	0	0	0
Jan 26 2024	0	0	0	0
Jan 27 2024	0	0	0	0
Jan 28 2024	0	0	86	0
Jan 29 2024	0	0	0	0
Jan 30 2024	0	0	0	0
Jan 31 2024	0	0	0	0
Feb 01 2024	0	0	0	0
Feb 02 2024	0	0	0	0
Feb 03 2024	0	0	0	0
Feb 04 2024	0	0	92	0
Feb 05 2024	0	0	0	0
Feb 06 2024	0	0	0	0
Feb 07 2024	0	0	0	0
Feb 08 2024	0	0	0	0
Feb 09 2024	0	0	0	0
Feb 10 2024	0	0	0	0
Feb 11 2024	0	0	100	0
Feb 12 2024	0	0	0	0
Feb 13 2024	0	0	0	0
Feb 14 2024	0	0	0	0
Feb 15 2024	0	0	0	0
Feb 16 2024	0	0	0	0
Feb 17 2024	0	0	0	0
Feb 18 2024	0	2	44	0
Feb 19 2024	0	0	0	0
Feb 20 2024	0	0	0	0
Feb 21 2024	0	0	0	0
Feb 22 2024	0	0	0	0
Feb 23 2024	0	0	0	0
Feb 24 2024	0	0	0	0
Feb 25 2024	0	0	0	0
Feb 26 2024	0	0	0	0
Feb 27 2024	0	0	0	0
Feb 28 2024	0	0	0	0
Feb 29 2024	0	0	0	0
Mar 01 2024	0	0	0	0
Mar 02 2024	0	0	0	0
Mar 03 2024	0	0	0	0
Mar 04 2024	0	0	0	0
Mar 05 2024	0	0	0	0
Mar 06 2024	0	0	0	0
Mar 07 2024	0	0	0	0
Mar 08 2024	0	0	0	0
Mar 09 2024	0	0	0	0
Mar 10 2024	0	0	4	0
Mar 11 2024	0	0	0	0
Mar 12 2024	0	0	0	0
Mar 13 2024	0	0	0	0
Mar 14 2024	0	0	0	0
Mar 15 2024	0	0	0	0
Mar 16 2024	0	0	0	0
Mar 17 2024	0	0	0	0
Mar 18 2024	0	0	0	0
Mar 19 2024	0	0	0	0
Mar 20 2024	0	0	0	0
Mar 21 2024	0	0	0	0
Mar 22 2024	0	0	0	0
Mar 23 2024	0	0	0	0
Mar 24 2024	0	0	0	0
Mar 25 2024	0	0	0	0
Mar 26 2024	0	0	0	0
Mar 27 2024	0	0	0	0
Mar 28 2024	0	0	0	0
Mar 29 2024	0	0	0	0
Mar 30 2024	0	0	0	0
Mar 31 2024	0	0	0	0
Apr 01 2024	0	0	0	0
Apr 02 2024	0	0	0	0
Apr 03 2024	0	0	0	0
Apr 04 2024	0	0	0	0
Apr 05 2024	0	0	0	0
Apr 06 2024	0	0	0	0
