Date	Active Cases	Daily Death	New cases	Recoverd Cases
Feb 15 2020	3	0	0	0
Feb 16 2020	3	0	0	0
Feb 17 2020	3	0	0	0
Feb 18 2020	3	0	0	0
Feb 19 2020	3	0	0	0
Feb 20 2020	4	0	1	0
Feb 21 2020	19	1	17	1
Feb 22 2020	75	1	58	1
Feb 23 2020	152	1	78	0
Feb 24 2020	220	4	72	0
Feb 25 2020	310	4	94	0
Feb 26 2020	455	1	147	1
Feb 27 2020	593	5	185	42
Feb 28 2020	824	4	236	1
Feb 29 2020	1054	8	242	4
Mar 01 2020	1586	12	577	33
Mar 02 2020	1848	11	339	66
Mar 03 2020	2279	27	469	11
Mar 04 2020	2726	28	591	116
Mar 05 2020	3322	41	775	138
Mar 06 2020	3948	49	784	109
Mar 07 2020	5102	36	1256	66
Mar 08 2020	6440	134	1505	33
Mar 09 2020	8052	97	1811	102
Mar 10 2020	8585	169	983	281
Mar 11 2020	10676	197	2329	41
Mar 12 2020	12944	190	2672	214
Mar 13 2020	15077	251	2565	181
Mar 14 2020	17897	176	3524	528
Mar 15 2020	20778	369	3620	370
Mar 16 2020	23271	350	3258	415
Mar 17 2020	26285	346	3552	192
Mar 18 2020	28959	477	4238	1087
Mar 19 2020	33476	429	5362	416
Mar 20 2020	38187	630	6032	691
Mar 21 2020	43047	797	6602	945
Mar 22 2020	47040	654	5601	954
Mar 23 2020	50844	604	4817	409
Mar 24 2020	54479	746	5277	896
Mar 25 2020	57989	686	5235	1039
Mar 26 2020	62520	715	6247	1001
Mar 27 2020	66958	922	5950	590
Mar 28 2020	70646	892	6017	1437
Mar 29 2020	74491	759	5252	648
Mar 30 2020	76158	816	4077	1594
Mar 31 2020	78288	841	4083	1112
Apr 01 2020	81254	730	4817	1121
Apr 02 2020	83759	763	4702	1434
Apr 03 2020	86123	770	4618	1484
Apr 04 2020	89039	684	4841	1241
Apr 05 2020	92040	527	4349	821
Apr 06 2020	94003	639	3626	1024
Apr 07 2020	94894	607	3057	1559
Apr 08 2020	96107	544	3861	2104
Apr 09 2020	97744	613	4234	1984
Apr 10 2020	99159	573	3978	1990
Apr 11 2020	101184	622	4731	2084
Apr 12 2020	103194	433	4124	1681
Apr 13 2020	104573	569	3175	1227
Apr 14 2020	105262	605	2993	1699
Apr 15 2020	106402	581	2685	964
Apr 16 2020	107612	527	3814	2077
Apr 17 2020	107995	567	3519	2569
Apr 18 2020	108821	484	3517	2207
Apr 19 2020	109320	435	3067	2133
Apr 20 2020	109305	456	2267	1826
Apr 21 2020	108785	536	2746	2730
Apr 22 2020	108789	439	3393	2950
Apr 23 2020	107946	466	2663	3040
Apr 24 2020	107638	421	3042	2929
Apr 25 2020	106968	416	2374	2628
Apr 26 2020	107237	261	2342	1812
Apr 27 2020	106953	334	1750	1700
Apr 28 2020	106353	383	2106	2323
Apr 29 2020	105813	323	2100	2317
Apr 30 2020	102709	285	1885	4704
May 01 2020	102109	270	1980	2310
May 02 2020	101878	476	1914	1669
May 03 2020	101357	175	1398	1744
May 04 2020	101164	196	1231	1228
May 05 2020	99652	237	1083	2358
May 06 2020	92704	370	1455	8033
May 07 2020	90802	275	1411	3038
May 08 2020	89141	244	1337	2754
May 09 2020	86019	195	1091	4018
May 10 2020	84501	166	808	2160
May 11 2020	83668	180	751	1404
May 12 2020	82449	173	1412	2458
May 13 2020	79637	196	894	3510
May 14 2020	77619	263	999	2754
May 15 2020	73242	243	795	4929
May 16 2020	71358	154	881	2611
May 17 2020	69520	146	680	2372
May 18 2020	67720	99	454	2155
May 19 2020	66296	163	819	2080
May 20 2020	63916	162	670	2888
May 21 2020	62123	157	648	2284
May 22 2020	60485	131	658	2165
May 23 2020	58915	120	675	2125
May 24 2020	57757	50	535	1643
May 25 2020	56462	92	303	1506
May 26 2020	54101	78	400	2683
May 27 2020	52122	118	588	2449
May 28 2020	49135	70	597	3514
May 29 2020	47323	87	520	2245
May 30 2020	44835	112	420	2796
May 31 2020	43218	75	337	1879
Jun 01 2020	42508	60	200	850
Jun 02 2020	41034	55	322	1741
Jun 03 2020	40440	71	325	848
Jun 04 2020	39570	88	177	959
Jun 05 2020	38116	85	522	1891
Jun 06 2020	37017	72	273	1300
Jun 07 2020	36400	53	197	761
Jun 08 2020	35869	65	283	749
Jun 09 2020	34009	79	286	2067
Jun 10 2020	32844	71	202	1296
Jun 11 2020	31772	53	383	1402
Jun 12 2020	30128	56	163	1751
Jun 13 2020	28616	78	350	1784
Jun 14 2020	27403	44	340	1509
Jun 15 2020	27039	26	304	642
Jun 16 2020	25696	34	211	1520
Jun 17 2020	25054	43	332	931
Jun 18 2020	24231	66	335	1092
Jun 19 2020	23072	47	254	1366
Jun 20 2020	22743	49	267	547
Jun 21 2020	22504	24	226	441
Jun 22 2020	22170	23	223	534
Jun 23 2020	21103	18	113	1162
Jun 24 2020	20184	30	190	1079
Jun 25 2020	19835	34	299	614
Jun 26 2020	19173	30	258	890
Jun 27 2020	18371	8	175	969
Jun 28 2020	18216	22	174	307
Jun 29 2020	18031	6	126	305
Jun 30 2020	17098	23	142	1052
Jul 01 2020	16790	21	182	469
Jul 02 2020	16595	30	201	366
Jul 03 2020	16421	15	225	384
Jul 04 2020	16160	21	237	477
Jul 05 2020	16181	7	192	164
Jul 06 2020	16249	8	209	133
Jul 07 2020	15782	30	137	574
Jul 08 2020	15135	15	193	825
Jul 09 2020	15001	12	216	338
Jul 10 2020	14973	12	279	295
Jul 11 2020	14848	7	188	306
Jul 12 2020	14726	9	236	349
Jul 13 2020	14704	13	169	178
Jul 14 2020	14466	17	114	335
Jul 15 2020	14040	13	162	575
Jul 16 2020	14022	20	232	230
Jul 17 2020	14007	11	233	237
Jul 18 2020	13922	14	252	323
Jul 19 2020	13996	3	220	143
Jul 20 2020	13960	13	190	213
Jul 21 2020	13804	15	128	269
Jul 22 2020	13881	9	283	197
Jul 23 2020	13966	10	309	214
Jul 24 2020	13866	5	255	350
Jul 25 2020	14009	5	276	128
Jul 26 2020	14133	5	255	126
Jul 27 2020	14151	5	170	147
Jul 28 2020	14158	11	181	163
Jul 29 2020	14169	6	292	275
Jul 30 2020	13786	3	385	765
Jul 31 2020	13981	9	382	178
Aug 01 2020	14019	5	298	255
Aug 02 2020	14021	8	241	231
Aug 03 2020	14039	12	159	129
Aug 04 2020	14047	5	190	177
Aug 05 2020	14214	10	387	210
Aug 06 2020	14265	6	404	347
Aug 07 2020	14498	3	555	319
Aug 08 2020	14530	13	350	305
Aug 09 2020	14843	2	466	151
Aug 10 2020	14951	4	262	150
Aug 11 2020	15147	6	415	213
Aug 12 2020	15380	10	479	236
Aug 13 2020	15673	6	525	226
Aug 14 2020	15844	3	577	403
Aug 15 2020	16157	4	631	314
Aug 16 2020	16489	4	482	146
Aug 17 2020	16626	4	323	182
Aug 18 2020	16851	5	404	174
Aug 19 2020	17127	7	647	364
Aug 20 2020	17787	6	846	180
Aug 21 2020	18457	9	953	274
Aug 22 2020	19290	3	1079	243
Aug 23 2020	20234	7	1218	267
Aug 24 2020	20996	4	958	192
Aug 25 2020	21521	4	882	353
Aug 26 2020	22568	13	1374	314
Aug 27 2020	23756	5	1418	225
Aug 28 2020	24871	9	1472	348
Aug 29 2020	26002	1	1454	322
Aug 30 2020	27060	4	1374	312
Aug 31 2020	27942	6	1005	117
Sep 01 2020	28633	8	990	291
Sep 02 2020	29711	6	1341	257
Sep 03 2020	30823	10	1411	289
Sep 04 2020	32025	11	1750	537
Sep 05 2020	33146	16	1720	583
Sep 06 2020	34049	7	1315	405
Sep 07 2020	34929	12	1115	223
Sep 08 2020	35732	10	1376	563
Sep 09 2020	36695	14	1448	471
Sep 10 2020	37687	10	1615	613
Sep 11 2020	38766	10	1636	547
Sep 12 2020	39520	6	1519	759
Sep 13 2020	40554	7	1484	443
Sep 14 2020	41241	14	1017	316
Sep 15 2020	41783	9	1246	695
Sep 16 2020	42615	12	1464	620
Sep 17 2020	43514	13	1601	689
Sep 18 2020	44597	10	1946	853
Sep 19 2020	45322	24	1658	909
Sep 20 2020	46277	15	1605	635
Sep 21 2020	47273	17	1365	352
Sep 22 2020	47696	14	1404	967
Sep 23 2020	48343	20	1662	995
Sep 24 2020	49031	23	1808	1097
Sep 25 2020	50002	20	1945	954
Sep 26 2020	50901	17	1893	977
Sep 27 2020	51946	17	1786	724
Sep 28 2020	52670	16	1513	773
Sep 29 2020	52991	24	1661	1316
Sep 30 2020	53644	19	1870	1198
Oct 01 2020	55056	24	2576	1140
Oct 02 2020	56429	23	2522	1126
Oct 03 2020	58028	27	2873	1247
Oct 04 2020	59920	18	2607	697
Oct 05 2020	61416	16	2279	767
Oct 06 2020	62671	28	2701	1418
Oct 07 2020	65160	31	3724	1204
Oct 08 2020	68592	22	4514	1060
Oct 09 2020	72819	28	5441	1186
Oct 10 2020	77613	29	5799	976
Oct 11 2020	81930	26	5527	1184
Oct 12 2020	85664	39	4664	891
Oct 13 2020	90150	41	5955	1428
Oct 14 2020	95499	43	7429	2037
Oct 15 2020	102418	83	8901	1899
Oct 16 2020	110582	55	10127	1908
Oct 17 2020	120339	47	11059	1255
Oct 18 2020	129785	69	11849	2334
Oct 19 2020	137645	73	9431	1498
Oct 20 2020	146537	89	11027	2046
Oct 21 2020	159414	127	15373	2369
Oct 22 2020	173477	136	16281	2082
Oct 23 2020	190406	91	19372	2352
Oct 24 2020	207831	151	19885	2309
Oct 25 2020	227159	128	21542	2086
Oct 26 2020	241840	141	17245	2423
Oct 27 2020	260489	221	22232	3362
Oct 28 2020	282103	205	25235	3416
Oct 29 2020	305131	217	27123	3878
Oct 30 2020	332077	199	31430	4285
Oct 31 2020	358102	297	32181	5859
Nov 01 2020	385253	208	30313	2954
Nov 02 2020	403949	233	22566	3637
Nov 03 2020	425961	353	28623	6258
Nov 04 2020	451359	352	30853	5103
Nov 05 2020	480989	429	35020	4961
Nov 06 2020	508292	447	38336	10586
Nov 07 2020	542273	426	40373	5966
Nov 08 2020	568888	331	33129	6183
Nov 09 2020	583973	356	25656	10215
Nov 10 2020	601140	581	35482	17734
Nov 11 2020	624759	624	33333	9090
Nov 12 2020	646977	637	38500	15645
Nov 13 2020	676430	551	41484	11480
Nov 14 2020	701457	545	37768	12196
Nov 15 2020	725979	547	34445	9376
Nov 16 2020	731667	505	27747	21554
Nov 17 2020	748011	731	32509	15434
Nov 18 2020	757826	753	34737	24169
Nov 19 2020	776835	654	36683	17020
Nov 20 2020	792871	700	37771	21035
Nov 21 2020	807888	693	35212	19502
Nov 22 2020	822480	563	28729	13574
Nov 23 2020	813635	631	23181	31395
Nov 24 2020	815396	853	23451	20837
Nov 25 2020	805088	722	26158	35744
Nov 26 2020	808681	822	29304	24889
Nov 27 2020	799031	827	28694	37517
Nov 28 2020	798841	687	26686	26189
Nov 29 2020	805509	542	20952	13742
Nov 30 2020	797521	673	16434	23749
Dec 01 2020	786995	785	19312	29053
Dec 02 2020	766806	685	20755	40259
Dec 03 2020	763096	993	23249	25966
Dec 04 2020	758165	814	24098	28215
Dec 05 2020	752074	663	21088	26516
Dec 06 2020	752710	565	18897	17696
Dec 07 2020	746476	529	13736	19441
Dec 08 2020	734261	635	14837	26417
Dec 09 2020	706255	500	12800	40306
Dec 10 2020	690063	887	17068	32373
Dec 11 2020	682569	761	18739	25472
Dec 12 2020	675031	650	19933	26821
Dec 13 2020	675286	485	18014	17274
Dec 14 2020	664313	492	12056	22537
Dec 15 2020	655404	846	14815	22878
Dec 16 2020	633589	681	17628	38762
Dec 17 2020	620562	684	18340	30683
Dec 18 2020	613324	675	18148	24711
Dec 19 2020	603746	554	16452	25476
Dec 20 2020	607413	352	15269	11250
Dec 21 2020	598934	415	10953	19017
Dec 22 2020	589694	629	13425	22036
Dec 23 2020	580781	554	14672	23031
Dec 24 2020	573376	506	18220	25119
Dec 25 2020	557897	461	19237	34255
Dec 26 2020	558249	261	10512	9899
Dec 27 2020	558927	305	8992	8009
Dec 28 2020	553191	446	8688	13978
Dec 29 2020	546812	660	11325	17044
Dec 30 2020	543401	576	16396	19231
Dec 31 2020	547569	556	23735	19011
Jan 01 2021	551844	463	22457	17719
Jan 02 2021	554210	364	12342	9612
Jan 03 2021	553766	347	14376	14473
Jan 04 2021	548421	348	10886	15883
Jan 05 2021	547236	650	15532	16067
Jan 06 2021	547885	549	20589	19391
Jan 07 2021	549984	414	18237	15724
Jan 08 2021	549301	621	17712	17774
Jan 09 2021	552308	484	20253	16762
Jan 10 2021	561194	361	18850	9603
Jan 11 2021	557713	449	12664	15696
Jan 12 2021	552060	617	14375	19411
Jan 13 2021	547067	508	15977	20462
Jan 14 2021	542928	523	17427	21043
Jan 15 2021	540502	478	16256	18204
Jan 16 2021	540475	476	16421	15972
Jan 17 2021	536761	377	12631	15968
Jan 18 2021	531798	377	8886	13472
Jan 19 2021	520444	604	10566	21316
Jan 20 2021	517628	525	13640	15931
Jan 21 2021	510436	522	14175	20845
Jan 22 2021	495542	473	13727	28148
Jan 23 2021	492540	489	13422	15935
Jan 24 2021	493569	299	11707	10379
Jan 25 2021	486956	420	8611	14804
Jan 26 2021	477904	542	10652	19162
Jan 27 2021	475751	468	15295	16980
Jan 28 2021	472295	493	14459	17422
Jan 29 2021	464505	478	13666	20978
Jan 30 2021	460811	421	12800	16073
Jan 31 2021	452283	237	11331	19622
Feb 01 2021	446487	329	7974	13441
Feb 02 2021	437356	500	9721	18352
Feb 03 2021	433737	477	13278	16420
Feb 04 2021	428959	421	13750	18107
Feb 05 2021	427426	377	14314	15470
Feb 06 2021	425128	385	13535	15448
Feb 07 2021	425596	270	11722	10984
Feb 08 2021	418413	307	8010	14886
Feb 09 2021	413349	422	10695	15337
Feb 10 2021	409084	336	13038	16967
Feb 11 2021	403796	391	15236	20133
Feb 12 2021	400595	317	13995	16879
Feb 13 2021	399699	312	13617	14201
Feb 14 2021	401336	222	11138	9279
Feb 15 2021	396853	259	7385	11609
Feb 16 2021	393944	336	10452	13025
Feb 17 2021	389809	369	12152	15918
Feb 18 2021	384879	348	13850	18432
Feb 19 2021	382534	349	15569	17565
Feb 20 2021	384920	252	15032	12394
Feb 21 2021	390360	233	13533	7860
Feb 22 2021	389568	275	9684	10201
Feb 23 2021	389967	356	13386	12631
Feb 24 2021	392185	319	16524	13987
Feb 25 2021	398649	308	20013	13241
Feb 26 2021	406663	254	20628	12360
Feb 27 2021	413694	281	19032	11720
Feb 28 2021	422820	193	17567	8248
Mar 01 2021	423870	248	13186	11888
Mar 02 2021	430423	344	17159	10262
Mar 03 2021	436146	348	21010	14939
Mar 04 2021	444846	339	22997	13958
Mar 05 2021	453986	298	24195	14757
Mar 06 2021	462533	307	23764	14910
Mar 07 2021	468403	208	20888	14810
Mar 08 2021	468307	320	13974	13750
Mar 09 2021	474789	378	19750	12890
Mar 10 2021	483449	333	22540	13547
Mar 11 2021	493899	374	25817	14993
Mar 12 2021	505863	381	26978	14633
Mar 13 2021	516768	318	26232	15009
Mar 14 2021	528099	265	21448	9852
Mar 15 2021	528095	355	15352	15001
Mar 16 2021	534487	505	20519	13622
Mar 17 2021	538039	433	23185	19200
Mar 18 2021	546457	423	25079	16238
Mar 19 2021	555377	386	25996	16690
Mar 20 2021	564222	402	23883	14636
Mar 21 2021	571056	301	20290	13155
Mar 22 2021	553323	388	13917	31262
Mar 23 2021	552663	554	18875	18981
Mar 24 2021	553402	463	21387	20185
Mar 25 2021	555722	463	23965	21182
Mar 26 2021	560064	460	24149	19347
Mar 27 2021	565539	381	23999	18143
Mar 28 2021	565996	298	19732	18977
Mar 29 2021	558896	420	13045	19725
Mar 30 2021	555788	533	16112	18687
Mar 31 2021	554168	470	22594	23744
Apr 01 2021	556749	507	23800	20712
Apr 02 2021	558714	486	22071	19620
Apr 03 2021	558428	377	21402	21311
Apr 04 2021	562742	326	18151	13511
Apr 05 2021	563873	296	10750	9323
Apr 06 2021	549514	425	7799	21733
Apr 07 2021	541750	631	13794	20927
Apr 08 2021	538357	491	17327	20229
Apr 09 2021	530519	719	19056	26175
Apr 10 2021	527373	344	17681	20483
Apr 11 2021	527401	332	15846	15486
Apr 12 2021	518880	361	9850	18010
Apr 13 2021	513775	477	13532	18160
Apr 14 2021	509322	471	16269	20251
Apr 15 2021	504792	382	17072	21220
Apr 16 2021	501630	431	16048	18779
Apr 17 2021	500307	310	15471	16484
Apr 18 2021	498681	252	12782	14156
Apr 19 2021	486947	317	8921	20338
Apr 20 2021	476419	393	12151	22286
Apr 21 2021	468843	365	13754	20965
Apr 22 2021	465669	361	16343	19156
Apr 23 2021	459764	345	14860	20420
Apr 24 2021	456079	325	13913	17273
Apr 25 2021	455270	218	13245	13836
Apr 26 2021	446751	304	8498	16713
Apr 27 2021	441910	374	10474	14941
Apr 28 2021	436133	345	13473	18905
Apr 29 2021	431984	289	14419	18279
Apr 30 2021	430757	271	13539	14495
May 01 2021	425384	227	13052	18198
May 02 2021	425509	144	9210	8941
May 03 2021	417726	256	5988	13515
May 04 2021	408786	305	9173	17808
May 05 2021	402213	267	10649	16955
May 06 2021	398272	258	11884	15567
May 07 2021	394400	208	10625	14289
May 08 2021	388103	224	10243	16316
May 09 2021	382163	139	8347	14148
May 10 2021	372029	199	5111	15046
May 11 2021	362461	251	6992	16309
May 12 2021	350994	262	7904	19109
May 13 2021	344858	201	8136	14071
May 14 2021	339038	182	7613	13251
May 15 2021	332122	136	6700	13480
May 16 2021	327440	93	5791	10380
May 17 2021	320866	140	3474	9908
May 18 2021	313256	201	4476	11885
May 19 2021	304024	149	5540	14623
May 20 2021	296735	165	5778	12902
May 21 2021	289560	133	5250	12292
May 22 2021	282161	125	4747	12021
May 23 2021	278776	72	4020	7333
May 24 2021	273394	110	2503	7775
May 25 2021	264411	166	3244	12061
May 26 2021	255616	121	3959	12633
May 27 2021	248226	171	4174	11393
May 28 2021	241317	126	3760	10543
May 29 2021	235935	83	3372	8671
May 30 2021	231314	44	2966	7543
May 31 2021	225673	84	1828	7385
Jun 01 2021	216933	94	2499	11145
Jun 02 2021	200097	62	2912	19686
Jun 03 2021	195072	59	1981	6947
Jun 04 2021	189874	73	2572	7697
Jun 05 2021	184416	57	2453	7854
Jun 06 2021	180470	51	2288	6183
Jun 07 2021	175891	65	1280	5794
Jun 08 2021	168608	102	1909	9090
Jun 09 2021	160417	77	2213	10327
Jun 10 2021	154366	88	2084	8047
Jun 11 2021	150155	69	1914	6056
Jun 12 2021	146888	52	1735	4950
Jun 13 2021	143720	26	1399	4541
Jun 14 2021	139206	36	911	5389
Jun 15 2021	135396	58	1264	5016
Jun 16 2021	131372	52	1407	5379
Jun 17 2021	128135	38	1334	4533
Jun 18 2021	121603	35	1151	7648
Jun 19 2021	118694	28	1206	4087
Jun 20 2021	117249	17	876	2304
Jun 21 2021	106405	21	497	11320
Jun 22 2021	102523	31	841	4692
Jun 23 2021	97995	30	957	5455
Jun 24 2021	92332	28	931	6566
Jun 25 2021	90266	56	759	2769
Jun 26 2021	87767	40	842	3301
Jun 27 2021	87203	14	786	1336
Jun 28 2021	84740	14	390	2839
Jun 29 2021	82889	42	684	2493
Jun 30 2021	80507	26	779	3135
Jul 01 2021	79432	22	888	1941
Jul 02 2021	77856	28	797	2345
Jul 03 2021	75660	22	936	3110
Jul 04 2021	74742	26	814	1706
Jul 05 2021	73626	17	483	1582
Jul 06 2021	72680	24	913	1835
Jul 07 2021	71944	14	1013	1735
Jul 08 2021	71581	13	1399	1749
Jul 09 2021	71515	25	1393	1434
Jul 10 2021	71149	12	1409	1763
Jul 11 2021	71223	7	1399	1318
Jul 12 2021	70571	13	890	1529
Jul 13 2021	70809	20	1545	1287
Jul 14 2021	71893	23	2186	1079
Jul 15 2021	71089	9	2469	3264
Jul 16 2021	72923	11	2915	1070
Jul 17 2021	73724	13	3142	2328
Jul 18 2021	76367	3	3147	501
Jul 19 2021	77792	7	2083	651
Jul 20 2021	79604	10	3582	1760
Jul 21 2021	81630	21	4282	2235
Jul 22 2021	85223	15	5091	1483
Jul 23 2021	89144	17	5177	1239
Jul 24 2021	92952	5	5175	1362
Jul 25 2021	96718	7	4774	1001
Jul 26 2021	98715	22	3133	1114
Jul 27 2021	100824	24	4551	2418
Jul 28 2021	104714	15	5732	1827
Jul 29 2021	109078	19	6208	1825
Jul 30 2021	113604	18	6661	2117
Jul 31 2021	117973	18	6557	2170
Aug 01 2021	122070	6	5353	1250
Aug 02 2021	123761	20	3209	1498
Aug 03 2021	124992	27	4873	3615
Aug 04 2021	128042	21	6636	3565
Aug 05 2021	131924	27	7280	3371
Aug 06 2021	135604	24	6640	2936
Aug 07 2021	139505	22	6948	3025
Aug 08 2021	143278	11	5775	1991
Aug 09 2021	145884	22	4217	1589
Aug 10 2021	147356	31	5628	4125
Aug 11 2021	149889	31	7014	4450
Aug 12 2021	152453	30	7309	4715
Aug 13 2021	155474	45	7454	4388
Aug 14 2021	157744	34	7235	4931
Aug 15 2021	159843	19	5698	3580
Aug 16 2021	160036	25	3695	3477
Aug 17 2021	160494	55	5307	4794
Aug 18 2021	160193	69	7192	7424
Aug 19 2021	161979	55	7306	5465
Aug 20 2021	162989	49	7270	6211
Aug 21 2021	165003	45	7521	5462
Aug 22 2021	166558	25	5962	4382
Aug 23 2021	167208	44	4199	3505
Aug 24 2021	167010	60	6110	6248
Aug 25 2021	167463	60	7594	7081
Aug 26 2021	168849	43	7268	5839
Aug 27 2021	169961	49	7878	6717
Aug 28 2021	171310	59	6902	5494
Aug 29 2021	172963	46	5997	4298
Aug 30 2021	173321	68	4280	3854
Aug 31 2021	169903	63	5530	8885
Sep 01 2021	168611	59	6541	7774
Sep 02 2021	169007	34	6802	6372
Sep 03 2021	169185	59	6781	6544
Sep 04 2021	169241	57	6199	6086
Sep 05 2021	168927	50	5338	5602
Sep 06 2021	168277	52	3379	3977
Sep 07 2021	166078	73	4751	6877
Sep 08 2021	163909	71	5960	8058
Sep 09 2021	162285	59	5557	7122
Sep 10 2021	160895	64	5658	6984
Sep 11 2021	160061	66	5229	5997
Sep 12 2021	159776	50	4687	4922
Sep 13 2021	158346	52	2808	4186
Sep 14 2021	154827	63	4045	7501
Sep 15 2021	151023	58	4860	8606
Sep 16 2021	148922	53	5145	7193
Sep 17 2021	146905	52	4584	6549
Sep 18 2021	145700	54	4605	5756
Sep 19 2021	146222	26	3862	3314
Sep 20 2021	145210	50	2421	3383
Sep 21 2021	142221	73	3392	6308
Sep 22 2021	139311	49	3989	6850
Sep 23 2021	137865	63	4083	5466
Sep 24 2021	136364	52	3816	5265
Sep 25 2021	135412	50	3549	4451
Sep 26 2021	135105	44	3122	3385
Sep 27 2021	133928	45	1760	2892
Sep 28 2021	131763	65	3005	5105
Sep 29 2021	128893	63	3235	6042
Sep 30 2021	126956	51	3828	5714
Oct 01 2021	126321	53	3425	4007
Oct 02 2021	125442	26	3334	4187
Oct 03 2021	125681	33	2988	2716
Oct 04 2021	124817	38	1620	2446
Oct 05 2021	123037	50	2480	4210
Oct 06 2021	121005	40	3253	5245
Oct 07 2021	119950	41	2952	3966
Oct 08 2021	118728	30	3042	4234
Oct 09 2021	118125	46	2768	3325
Oct 10 2021	117647	27	2294	2745
Oct 11 2021	116946	36	1519	2184
Oct 12 2021	115407	50	2508	3997
Oct 13 2021	113333	37	2790	4827
Oct 14 2021	112267	41	2684	3709
Oct 15 2021	111441	43	2750	3533
Oct 16 2021	111008	15	3001	3419
Oct 17 2021	110516	30	2451	2913
Oct 18 2021	109321	45	1606	2756
Oct 19 2021	107539	53	2713	4442
Oct 20 2021	106687	33	3725	4544
Oct 21 2021	106795	36	3817	3673
Oct 22 2021	106801	39	3906	3861
Oct 23 2021	107115	40	3933	3579
Oct 24 2021	107901	25	3751	2940
Oct 25 2021	107797	30	2552	2626
Oct 26 2021	108215	48	4079	3613
Oct 27 2021	108565	51	4627	4226
Oct 28 2021	110011	51	4897	3400
Oct 29 2021	111916	33	5371	3433
Oct 30 2021	113685	38	4910	3103
Oct 31 2021	115786	26	4559	2432
Nov 01 2021	117076	21	2835	1524
Nov 02 2021	117824	41	2854	2065
Nov 03 2021	118697	63	5221	4285
Nov 04 2021	120827	59	5943	3754
Nov 05 2021	123851	53	6807	3730
Nov 06 2021	127234	36	6811	3392
Nov 07 2021	130568	26	5862	2502
Nov 08 2021	132107	40	4306	2727
Nov 09 2021	133777	63	6346	4613
Nov 10 2021	136342	62	7946	5319
Nov 11 2021	140356	51	8634	4569
Nov 12 2021	144142	69	8570	4715
Nov 13 2021	148654	54	8599	4033
Nov 14 2021	152878	42	7677	3411
Nov 15 2021	154619	47	5298	3510
Nov 16 2021	157087	58	7746	5220
Nov 17 2021	160843	73	10235	6406
Nov 18 2021	166360	70	10735	5148
Nov 19 2021	171023	50	10602	5889
Nov 20 2021	177381	54	11632	5220
Nov 21 2021	182803	51	9775	4302
Nov 22 2021	185597	72	6445	3579
Nov 23 2021	188684	67	10119	6965
Nov 24 2021	193567	86	12527	7558
Nov 25 2021	200946	72	13855	6404
Nov 26 2021	207058	52	13774	7610
Nov 27 2021	213479	90	12962	6451
Nov 28 2021	221066	49	13019	5383
Nov 29 2021	224315	68	8024	4707
Nov 30 2021	229021	93	12840	8041
Dec 01 2021	234665	93	15194	9457
Dec 02 2021	243850	72	16907	7650
Dec 03 2021	251258	77	17143	9658
Dec 04 2021	258930	77	16737	8988
Dec 05 2021	267314	48	15117	6685
Dec 06 2021	271207	95	9555	5567
Dec 07 2021	276387	88	15852	10584
Dec 08 2021	284832	88	18073	9540
Dec 09 2021	290259	82	12607	7098
Dec 10 2021	298991	123	20632	11777
Dec 11 2021	309871	100	21185	10205
Dec 12 2021	320989	71	19340	8151
Dec 13 2021	326953	98	12788	6726
Dec 14 2021	333729	131	20815	13908
Dec 15 2021	342158	120	23351	14802
Dec 16 2021	354614	113	26273	13704
Dec 17 2021	368859	121	28823	14457
Dec 18 2021	384608	124	28303	12430
Dec 19 2021	399524	101	24420	9403
Dec 20 2021	407049	146	16311	8640
Dec 21 2021	421741	164	31045	16189
Dec 22 2021	440546	134	36534	17595
Dec 23 2021	468172	153	44896	17117
Dec 24 2021	499197	146	50975	19804
Dec 25 2021	539339	148	55141	14851
Dec 26 2021	555861	94	25044	8428
Dec 27 2021	576729	151	31011	9992
Dec 28 2021	638650	176	78843	16746
Dec 29 2021	715466	136	98823	21871
Dec 30 2021	820841	160	127781	22246
Dec 31 2021	943342	158	145238	22579
Jan 01 2022	1135448	120	212658	20432
Jan 02 2022	1184586	149	61451	12164
Jan 03 2022	1239561	164	68518	13379
Jan 04 2022	1381005	232	172009	30333
Jan 05 2022	1538195	184	190411	33037
Jan 06 2022	1712184	200	220959	46770
Jan 07 2022	1793414	227	109039	27582
Jan 08 2022	1939603	189	198907	52529
Jan 09 2022	2065781	162	156739	30399
Jan 10 2022	2111229	232	102240	56560
Jan 11 2022	2242048	303	221578	90456
Jan 12 2022	2330662	321	197133	108198
Jan 13 2022	2433023	343	185507	82803
Jan 14 2022	2494604	373	187153	125199
Jan 15 2022	2555052	240	181297	120609
Jan 16 2022	2625814	249	150218	79207
Jan 17 2022	2632595	290	83750	76679
Jan 18 2022	2640625	440	229281	220811
Jan 19 2022	2697333	388	193248	136152
Jan 20 2022	2743602	411	189709	143029
Jan 21 2022	2751616	392	179971	171565
Jan 22 2022	2774652	298	172090	148756
Jan 23 2022	2782615	234	139500	131303
Jan 24 2022	2757910	381	78039	102363
Jan 25 2022	2716983	352	190925	231500
Jan 26 2022	2741467	364	167946	143098
Jan 27 2022	2731813	391	156516	165779
Jan 28 2022	2694357	381	144519	181594
Jan 29 2022	2690254	390	137517	141230
Jan 30 2022	2669521	254	104227	124706
Jan 31 2022	2618674	370	58016	108493
Feb 01 2022	2503151	339	133787	248971
Feb 02 2022	2434481	395	119541	187816
Feb 03 2022	2356468	414	114339	191938
Feb 04 2022	2245475	433	99793	210353
Feb 05 2022	2157778	375	95296	182618
Feb 06 2022	2101107	229	77567	134009
Feb 07 2022	2018847	348	41911	123823
Feb 08 2022	1955947	393	102408	164915
Feb 09 2022	1902997	384	81894	134460
Feb 10 2022	1841818	325	76367	137221
Feb 11 2022	1779492	334	67301	129293
Feb 12 2022	1724525	269	62765	117463
Feb 13 2022	1667467	191	52228	109095
Feb 14 2022	1619502	281	28869	76553
Feb 15 2022	1579414	388	71140	110840
Feb 16 2022	1509304	278	60056	129888
Feb 17 2022	1467409	320	58065	99640
Feb 18 2022	1433553	314	53930	87472
Feb 19 2022	1399309	252	50775	84767
Feb 20 2022	1377933	141	42257	63492
Feb 21 2022	1351647	201	24574	50659
Feb 22 2022	1321625	322	60293	89993
Feb 23 2022	1252576	252	50483	119280
Feb 24 2022	1230290	249	47402	69439
Feb 25 2022	1206949	193	42032	65180
Feb 26 2022	1171941	210	39718	74516
Feb 27 2022	1152782	144	30999	50014
Feb 28 2022	1130690	207	18530	40415
Mar 01 2022	1105112	233	48262	73607
Mar 02 2022	1093152	214	37606	49352
Mar 03 2022	1072273	185	41857	62551
Mar 04 2022	1055834	210	39589	55818
Mar 05 2022	1050406	173	40892	46147
Mar 06 2022	1047747	105	35720	38274
Mar 07 2022	1039803	130	22699	30513
Mar 08 2022	1043880	184	61669	57408
Mar 09 2022	1033992	156	49526	59258
Mar 10 2022	1003263	136	55194	85787
Mar 11 2022	1008725	156	54099	48481
Mar 12 2022	1018347	133	55148	45393
Mar 13 2022	1031952	86	49802	36111
Mar 14 2022	1036086	129	30097	25834
Mar 15 2022	1069630	180	87073	53349
Mar 16 2022	1088745	137	75219	55967
Mar 17 2022	1122844	128	82417	48190
Mar 18 2022	1154450	165	78179	46408
Mar 19 2022	1181331	85	75351	48385
Mar 20 2022	1206504	93	61432	36166
Mar 21 2022	1208705	119	33190	30870
Mar 22 2022	1235824	197	98696	71380
Mar 23 2022	1261028	153	77279	51922
Mar 24 2022	1280080	182	82787	63553
Mar 25 2022	1281387	146	77057	75604
Mar 26 2022	1289294	118	74590	66565
Mar 27 2022	1297738	82	60548	52022
Mar 28 2022	1288967	95	31624	40300
Mar 29 2022	1294961	177	93468	87297
Mar 30 2022	1318464	170	78976	55303
Mar 31 2022	1314393	159	76065	79977
Apr 01 2022	1306932	154	75136	82443
Apr 02 2022	1314039	129	72395	65159
Apr 03 2022	1319850	118	54415	48486
Apr 04 2022	1310255	125	31445	40915
Apr 05 2022	1310414	194	88990	88637
Apr 06 2022	1310398	149	69970	69837
Apr 07 2022	1289913	150	70869	91204
Apr 08 2022	1285945	144	67122	70946
Apr 09 2022	1274594	112	64812	76051
Apr 10 2022	1283082	90	53717	45139
Apr 11 2022	1269432	115	28849	42384
Apr 12 2022	1265750	169	84391	87904
Apr 13 2022	1265128	155	62851	63318
Apr 14 2022	1265156	149	65841	65664
Apr 15 2022	1256548	133	62420	70895
Apr 16 2022	1258656	133	64227	61986
Apr 17 2022	1263428	85	52325	47468
Apr 18 2022	1254181	79	18536	27704
Apr 19 2022	1246163	127	27872	35763
Apr 20 2022	1245406	205	101062	101614
Apr 21 2022	1261055	166	75731	59916
Apr 22 2022	1261514	202	73894	73233
Apr 23 2022	1270866	143	71273	61778
Apr 24 2022	1282739	79	56801	44849
Apr 25 2022	1281255	93	25347	26738
Apr 26 2022	1273784	146	30137	37462
Apr 27 2022	1274033	186	88980	88545
Apr 28 2022	1288032	131	69903	55773
Apr 29 2022	1286364	133	59416	60951
Apr 30 2022	1269174	130	54565	71625
May 01 2022	1270900	105	41026	39195
May 02 2022	1244544	124	19280	45512
May 03 2022	1239816	153	62823	67398
May 04 2022	1226894	152	47611	60381
May 05 2022	1205020	138	48787	70523
May 06 2022	1186230	125	44313	62978
May 07 2022	1171466	113	41040	55691
May 08 2022	1202538	72	31144	0
May 09 2022	1143735	84	17380	76099
May 10 2022	1123336	158	56583	76824
May 11 2022	1081392	115	42515	84344
May 12 2022	1059329	130	39933	61866
May 13 2022	1048371	115	38891	49734
May 14 2022	1041655	91	36693	43318
May 15 2022	1038594	62	27335	30334
May 16 2022	1023181	102	14113	29424
May 17 2022	1008428	148	45115	59720
May 18 2022	993571	136	30893	45614
May 19 2022	934085	108	30639	90017
May 20 2022	915396	89	26894	45494
May 21 2022	898188	91	24579	41696
May 22 2022	891613	34	17987	24528
May 23 2022	874727	80	10684	27490
May 24 2022	854343	95	31657	51946
May 25 2022	834098	137	23037	43145
May 26 2022	798165	94	22529	58368
May 27 2022	780383	118	20080	37744
May 28 2022	762999	66	18609	35927
May 29 2022	753507	27	15171	24636
May 30 2022	740450	62	7976	20971
May 31 2022	721052	66	24756	44088
Jun 01 2022	710706	59	18961	29248
Jun 02 2022	697476	79	17497	30648
Jun 03 2022	689674	40	9734	17496
Jun 04 2022	683700	47	23021	28948
Jun 05 2022	682957	27	15222	15938
Jun 06 2022	673260	70	8998	18625
Jun 07 2022	671056	70	28714	30848
Jun 08 2022	671056	80	22907	22827
Jun 09 2022	667300	84	23556	27228
Jun 10 2022	665452	52	21960	23756
Jun 11 2022	663239	60	22700	24853
Jun 12 2022	664287	26	19110	18036
Jun 13 2022	659099	41	10766	15913
Jun 14 2022	646703	73	40494	52817
Jun 15 2022	646354	48	32457	32758
Jun 16 2022	643586	64	37404	40108
Jun 17 2022	614191	41	35511	64865
Jun 18 2022	606982	45	38792	45956
Jun 19 2022	635993	18	30933	1904
Jun 20 2022	617563	59	17174	35545
Jun 21 2022	643403	62	63823	37921
Jun 22 2022	668915	50	55302	29740
Jun 23 2022	695923	75	56881	29798
Jun 24 2022	721568	51	56449	30753
Jun 25 2022	747386	40	57390	31532
Jun 26 2022	776865	44	48843	19320
Jun 27 2022	782799	63	25542	19545
Jun 28 2022	818283	69	85046	49493
Jun 29 2022	879941	60	95350	33632
Jun 30 2022	929321	59	84038	34599
Jul 01 2022	974422	72	87784	42611
Jul 02 2022	1010914	59	85873	49322
Jul 03 2022	1055094	61	72722	28481
Jul 04 2022	1064616	59	37171	27590
Jul 05 2022	1134517	94	134823	64828
Jul 06 2022	1192452	72	109190	51183
Jul 07 2022	1245399	94	108670	55629
Jul 08 2022	1293848	105	101787	53233
Jul 09 2022	1310513	93	99923	83165
Jul 10 2022	1346077	44	79920	44312
Jul 11 2022	1305109	127	38847	79688
Jul 12 2022	1351904	157	144390	97438
Jul 13 2022	1393400	106	111678	70076
Jul 14 2022	1424977	105	108674	76992
Jul 15 2022	1428320	134	97938	94461
Jul 16 2022	1449729	111	91009	69489
Jul 17 2022	1465897	79	68664	52417
Jul 18 2022	1454815	112	31624	42594
Jul 19 2022	1453675	176	121417	122381
Jul 20 2022	1460258	157	86949	80209
Jul 21 2022	1456413	157	81245	84933
Jul 22 2022	1450443	155	72079	77894
Jul 23 2022	1432527	116	68837	86637
Jul 24 2022	1430283	77	51626	53793
Jul 25 2022	1414812	104	24129	39496
Jul 26 2022	1395996	253	88784	107347
Jul 27 2022	1380572	207	64282	79499
Jul 28 2022	1352658	199	60710	88425
Jul 29 2022	1323990	244	54814	83238
Jul 30 2022	1287012	121	49857	86714
Jul 31 2022	1277190	83	37673	47412
Aug 01 2022	1254991	121	19051	41129
Aug 02 2022	1230042	190	65196	89955
Aug 03 2022	1201443	171	45621	74049
Aug 04 2022	1175294	161	42959	68947
Aug 05 2022	1147179	175	38215	66155
Aug 06 2022	1105458	158	34997	76560
Aug 07 2022	1094956	74	26656	37084
Aug 08 2022	1054167	113	11975	52651
Aug 09 2022	1018327	177	43078	78741
Aug 10 2022	969830	145	31699	80051
Aug 11 2022	940212	130	28423	57911
Aug 12 2022	914928	152	26689	51821
Aug 13 2022	888122	129	24785	51462
Aug 14 2022	877570	78	19455	29929
Aug 15 2022	867064	42	9893	20357
Aug 16 2022	854023	70	8941	21912
Aug 17 2022	834760	128	36261	55396
Aug 18 2022	817998	147	27291	43906
Aug 19 2022	799423	124	24689	43140
Aug 20 2022	782628	88	24392	41099
Aug 21 2022	778810	63	19470	23225
Aug 22 2022	767077	75	10417	22075
Aug 23 2022	752091	134	35357	50209
Aug 24 2022	727812	112	25388	49555
Aug 25 2022	711312	84	23435	39851
Aug 26 2022	697822	99	21995	35386
Aug 27 2022	682575	80	21802	36969
Aug 28 2022	679894	41	17647	20287
Aug 29 2022	668764	60	8347	19417
Aug 30 2022	660241	98	31087	39512
Aug 31 2022	645933	90	21814	36032
Sep 01 2022	634194	68	20498	32169
Sep 02 2022	620385	91	19158	32876
Sep 03 2022	608181	48	17660	29816
Sep 04 2022	603166	30	13196	18181
Sep 05 2022	589460	40	6608	20274
Sep 06 2022	571344	80	24848	42884
Sep 07 2022	555745	57	17570	33112
Sep 08 2022	515431	89	17317	57542
Sep 09 2022	502811	59	15542	28103
Sep 10 2022	484939	18	15563	33417
Sep 11 2022	471849	34	12315	25371
Sep 12 2022	462669	33	6411	15558
Sep 13 2022	454035	93	23158	31699
Sep 14 2022	450900	69	18849	21915
Sep 15 2022	444210	60	17973	24603
Sep 16 2022	425722	44	17362	35806
Sep 17 2022	426951	38	17150	15883
Sep 18 2022	428054	32	12081	10946
Sep 19 2022	427222	31	8257	9058
Sep 20 2022	414067	60	28385	41480
Sep 21 2022	413107	46	21188	22102
Sep 22 2022	412735	60	22523	22835
Sep 23 2022	416766	49	21083	17003
Sep 24 2022	422999	43	22360	16084
Sep 25 2022	428286	13	18794	13494
Sep 26 2022	427432	32	10006	10828
Sep 27 2022	444389	64	44875	27854
Sep 28 2022	459373	48	36795	21763
Sep 29 2022	476145	30	37521	20719
Sep 30 2022	441944	38	34475	68638
Oct 01 2022	456149	38	33068	18825
Oct 02 2022	467949	20	28906	17086
Oct 03 2022	468336	47	14703	14269
Oct 04 2022	491811	60	58885	35350
Oct 05 2022	509740	43	45223	27251
Oct 06 2022	508524	56	44849	46009
Oct 07 2022	525955	62	44665	27172
Oct 08 2022	497497	60	43716	72114
Oct 09 2022	507891	41	34443	24008
Oct 10 2022	503427	51	15089	19502
Oct 11 2022	520919	80	65917	48345
Oct 12 2022	533451	69	47754	35153
Oct 13 2022	539023	66	45705	40067
Oct 14 2022	542766	98	40576	36735
Oct 15 2022	552492	73	38968	29169
Oct 16 2022	553014	32	30238	29684
Oct 17 2022	544088	93	14030	22863
Oct 18 2022	543207	113	58357	59125
Oct 19 2022	542792	81	41703	42037
Oct 20 2022	534676	84	40560	48592
Oct 21 2022	528150	91	36114	42549
Oct 22 2022	523696	92	31775	36137
Oct 23 2022	519797	52	25553	29400
Oct 24 2022	508440	39	11605	22923
Oct 25 2022	499999	120	48713	57034
Oct 26 2022	498269	93	35036	36673
Oct 27 2022	484241	94	31758	45692
Oct 28 2022	475906	85	29037	37287
Oct 29 2022	467205	76	26799	35424
Oct 30 2022	460563	53	18500	25089
Oct 31 2022	451094	53	7968	17384
Nov 01 2022	441425	82	31419	41006
Nov 02 2022	434581	60	14106	20890
Nov 03 2022	425111	87	38995	48378
Nov 04 2022	422691	118	28421	30723
Nov 05 2022	419380	101	26580	29790
Nov 06 2022	420746	45	20666	19255
Nov 07 2022	414942	53	10241	15992
Nov 08 2022	415812	86	38905	37949
Nov 09 2022	416727	81	28172	27176
Nov 10 2022	418554	65	28196	26304
Nov 11 2022	418986	84	27233	26717
Nov 12 2022	422641	70	27768	24043
Nov 13 2022	427520	46	22801	17876
Nov 14 2022	423962	66	11313	14805
Nov 15 2022	437933	106	47334	33257
Nov 16 2022	445577	88	36187	28455
Nov 17 2022	452895	73	35710	28319
Nov 18 2022	463533	85	34830	24107
Nov 19 2022	470933	76	32838	25362
Nov 20 2022	476968	37	25955	19883
Nov 21 2022	469610	66	12671	19963
Nov 22 2022	483661	117	50281	36113
Nov 23 2022	485641	110	35640	33550
Nov 24 2022	492457	89	36907	30002
Nov 25 2022	495052	84	34596	31917
Nov 26 2022	498247	89	32408	29124
Nov 27 2022	498053	51	23956	24099
Nov 28 2022	489978	81	12266	20260
Nov 29 2022	500676	141	50620	39781
Nov 30 2022	502827	86	36977	34740
Dec 01 2022	507169	103	36597	32152
Dec 02 2022	513877	106	33849	27035
Dec 03 2022	518580	105	33527	28719
Dec 04 2022	519466	45	25414	24483
Dec 05 2022	512751	67	12547	19195
Dec 06 2022	518826	166	49463	43222
Dec 07 2022	520005	102	35365	34084
Dec 08 2022	523075	95	31159	27994
Dec 09 2022	517298	90	11106	16793
Dec 10 2022	512026	110	33379	38541
Dec 11 2022	512309	48	23241	22910
Dec 12 2022	503753	74	11654	20136
Dec 13 2022	498712	142	42457	47356
Dec 14 2022	493324	143	27870	33115
Dec 15 2022	485654	112	24923	32481
Dec 16 2022	482379	131	23074	26218
Dec 17 2022	478781	101	20968	24465
Dec 18 2022	475730	68	16266	19249
Dec 19 2022	463982	84	8545	20209
Dec 20 2022	455909	117	28475	36431
Dec 21 2022	449271	141	20680	27177
Dec 22 2022	436465	156	19564	32214
Dec 23 2022	431483	134	19132	23980
Dec 24 2022	429449	98	19765	21701
Dec 25 2022	426882	44	15974	18497
Dec 26 2022	423110	36	4528	8264
Dec 27 2022	417812	76	8322	13544
Dec 28 2022	416013	204	29761	31356
Dec 29 2022	417661	114	24617	22855
Dec 30 2022	419249	150	24733	22995
Dec 31 2022	423829	126	24393	19687
Jan 01 2023	427798	54	17240	13217
Jan 02 2023	422705	86	5430	10437
Jan 03 2023	425161	140	27102	24506
Jan 04 2023	422141	97	19205	22128
Jan 05 2023	406182	122	17874	33711
Jan 06 2023	381040	71	16494	41565
Jan 07 2023	370071	44	4967	15892
Jan 08 2023	369429	53	13425	14014
Jan 09 2023	352301	65	5620	22683
Jan 10 2023	372767	150	20616	0
Jan 11 2023	361348	89	12120	23450
Jan 12 2023	353643	104	10818	18419
Jan 13 2023	346760	86	9082	15879
Jan 14 2023	336591	79	8064	18154
Jan 15 2023	329518	29	5814	12858
Jan 16 2023	320773	74	3038	11709
Jan 17 2023	313418	78	11219	18496
Jan 18 2023	307855	73	7618	13108
Jan 19 2023	300050	76	7053	14782
Jan 20 2023	296249	54	6703	10450
Jan 21 2023	292579	59	5745	9356
Jan 22 2023	287220	16	3720	9063
Jan 23 2023	281237	44	2499	8438
Jan 24 2023	276247	73	8061	12978
Jan 25 2023	270864	54	5900	11229
Jan 26 2023	251970	45	5531	24380
Jan 27 2023	247840	38	4974	9066
Jan 28 2023	246608	33	6037	7236
Jan 29 2023	242432	25	3443	7594
Jan 30 2023	238065	33	1827	6161
Jan 31 2023	234807	115	7297	10440
Feb 01 2023	231025	147	5243	8878
Feb 02 2023	227985	48	5556	8548
Feb 03 2023	223961	57	4675	8642
Feb 04 2023	219446	30	4710	9195
Feb 05 2023	215670	18	3487	7245
Feb 06 2023	211203	32	1800	6235
Feb 07 2023	209950	64	7120	8309
Feb 08 2023	206197	40	4706	8419
Feb 09 2023	196058	38	4403	14504
Feb 10 2023	193760	45	3961	6214
Feb 11 2023	190770	22	3809	6777
Feb 12 2023	187191	12	2835	6402
Feb 13 2023	185398	26	1579	3346
Feb 14 2023	186948	66	6733	5117
Feb 15 2023	187297	63	4833	4421
Feb 16 2023	185528	65	4597	6301
Feb 17 2023	185245	48	4374	4609
Feb 18 2023	184637	29	4195	4774
Feb 19 2023	183031	18	3077	4665
Feb 20 2023	179975	19	1613	4650
Feb 21 2023	180201	56	6798	6516
Feb 22 2023	177629	34	4661	7199
Feb 23 2023	169105	40	4720	13204
Feb 24 2023	161379	49	4414	12091
Feb 25 2023	159460	31	3894	5782
Feb 26 2023	152945	13	2839	9341
Feb 27 2023	150179	31	1494	4229
Feb 28 2023	148859	44	5892	7168
Mar 01 2023	148036	32	4628	5419
Mar 02 2023	148070	28	3497	3435
Mar 03 2023	147119	51	3521	4421
Mar 04 2023	146512	23	3262	3846
Mar 05 2023	146265	9	2316	2554
Mar 06 2023	144978	25	1419	2681
Mar 07 2023	143981	45	5684	6636
Mar 08 2023	143907	27	3932	3979
Mar 09 2023	144071	36	3829	3629
Mar 10 2023	143580	32	3597	4056
Mar 11 2023	143252	24	3372	3676
Mar 12 2023	142506	27	2511	3230
Mar 13 2023	141214	37	1378	2633
Mar 14 2023	141837	38	5470	4809
Mar 15 2023	141806	28	3921	3924
Mar 16 2023	141988	26	3483	3275
Mar 17 2023	142193	24	3285	3056
Mar 18 2023	142182	21	2993	2983
Mar 19 2023	141646	7	2163	2692
Mar 20 2023	139894	21	1178	2909
Mar 21 2023	140072	46	5182	4958
Mar 22 2023	139531	30	3859	4370
Mar 23 2023	138599	34	3577	4475
Mar 24 2023	138605	22	3347	3319
Mar 25 2023	139066	19	3359	2879
Mar 26 2023	138273	9	2068	2852
Mar 27 2023	135857	16	1229	3629
Mar 28 2023	134570	38	5015	6264
Mar 29 2023	133314	23	3595	4828
Mar 30 2023	133668	29	3256	2873
Mar 31 2023	133697	42	3002	2931
Apr 01 2023	134371	24	2834	2136
Apr 02 2023	134005	12	2136	2490
Apr 03 2023	132624	15	1219	2585
Apr 04 2023	133111	39	4710	4184
Apr 05 2023	132670	30	3295	3706
Apr 06 2023	132525	11	2877	3011
Apr 07 2023	132775	19	3000	2731
Apr 08 2023	133650	22	2670	1773
Apr 09 2023	133264	6	2194	2574
Apr 10 2023	132677	6	898	1479
Apr 11 2023	130838	22	1445	3262
Apr 12 2023	133342	26	6706	4176
Apr 13 2023	133878	28	4873	4309
Apr 14 2023	134801	36	4322	3363
Apr 15 2023	136819	13	4308	2277
Apr 16 2023	137883	4	2836	1768
Apr 17 2023	135875	18	1498	3488
Apr 18 2023	135537	28	6004	6314
Apr 19 2023	135820	70	4867	4514
Apr 20 2023	136174	22	4214	3838
Apr 21 2023	136706	21	3766	3213
Apr 22 2023	137694	24	3474	2462
Apr 23 2023	137050	16	2614	3242
Apr 24 2023	135321	19	1306	3016
Apr 25 2023	130604	25	4857	9549
Apr 26 2023	129291	25	1578	2866
Apr 27 2023	130032	26	5573	4806
Apr 28 2023	130029	21	3808	3790
Apr 29 2023	129082	27	3314	4234
Apr 30 2023	128690	10	2311	2693
May 01 2023	128495	8	1179	1366
May 02 2023	126502	21	1472	3444
May 03 2023	127652	48	5157	3959
May 04 2023	125553	31	3580	5648
May 05 2023	125865	32	3416	3072
May 06 2023	126543	32	2779	2069
May 07 2023	126899	14	1974	1604
May 08 2023	125276	23	1096	2696
May 09 2023	125988	32	4205	3461
May 10 2023	126167	19	2982	2784
May 11 2023	126475	24	2592	2260
May 12 2023	126114	21	2191	2531
May 13 2023	126255	21	2070	1908
May 14 2023	125792	16	1382	1829
May 15 2023	125212	19	705	1266
May 16 2023	125471	35	2965	2671
May 17 2023	124464	32	2754	3729
May 18 2023	124150	18	2276	2572
May 19 2023	124070	34	2060	2106
May 20 2023	124456	10	2021	1625
May 21 2023	124230	8	1515	1733
May 22 2023	123373	19	869	1707
May 23 2023	123631	28	3490	3204
May 24 2023	121641	25	2608	4573
May 25 2023	121783	26	2414	2246
May 26 2023	122331	27	2194	1619
May 27 2023	123101	21	2046	1255
May 28 2023	122879	12	1482	1692
May 29 2023	122095	6	800	1578
May 30 2023	122290	24	2858	2639
May 31 2023	120327	17	2058	4004
Jun 01 2023	119805	18	1823	2327
Jun 02 2023	119651	24	1332	1462
Jun 03 2023	119480	10	630	791
Jun 04 2023	119244	5	1185	1416
Jun 05 2023	118366	9	732	1601
Jun 06 2023	118388	23	2399	2354
Jun 07 2023	118321	8	1496	1555
Jun 08 2023	118319	29	1377	1350
Jun 09 2023	118313	17	1178	1167
Jun 10 2023	118414	13	1134	1020
Jun 11 2023	118095	9	820	1130
Jun 12 2023	117708	4	455	838
Jun 13 2023	116678	11	1728	2747
Jun 14 2023	116395	14	1152	1421
Jun 15 2023	116031	13	993	1344
Jun 16 2023	115926	15	913	1003
Jun 17 2023	115830	15	869	950
Jun 18 2023	115773	8	587	636
Jun 19 2023	115192	7	297	871
Jun 20 2023	115249	13	1416	1346
Jun 21 2023	115177	12	816	876
Jun 22 2023	114366	6	759	1564
Jun 23 2023	114453	21	731	623
Jun 24 2023	114508	17	686	614
Jun 25 2023	114474	6	528	556
Jun 26 2023	114338	10	381	507
Jun 27 2023	114257	19	1002	1064
Jun 28 2023	113944	9	689	993
Jun 29 2023	113365	4	683	1258
Jun 30 2023	113091	9	585	850
Jul 01 2023	113643	10	562	0
Jul 02 2023	113945	1	391	88
Jul 03 2023	113725	5	195	410
Jul 04 2023	112624	7	810	1904
Jul 05 2023	112230	2	610	1002
Jul 06 2023	112244	4	575	557
Jul 07 2023	112285	3	469	425
Jul 08 2023	112276	7	486	488
Jul 09 2023	112395	2	402	281
Jul 10 2023	112054	1	198	538
Jul 11 2023	112115	13	802	728
Jul 12 2023	112125	2	514	502
Jul 13 2023	111814	8	551	854
Jul 14 2023	111737	13	508	572
Jul 15 2023	111729	4	430	434
Jul 16 2023	111716	2	317	328
Jul 17 2023	111618	6	200	292
Jul 18 2023	111847	12	842	601
Jul 19 2023	111773	7	538	605
Jul 20 2023	111989	1	567	350
Jul 21 2023	112240	9	545	285
Jul 22 2023	112137	6	563	660
Jul 23 2023	112144	1	373	365
Jul 24 2023	112035	1	231	339
Jul 25 2023	112458	4	1010	583
Jul 26 2023	112809	1	717	365
Jul 27 2023	112799	3	689	696
Jul 28 2023	113070	5	706	430
Jul 29 2023	113211	2	655	512
Jul 30 2023	113378	3	553	383
Jul 31 2023	113394	0	276	260
Aug 01 2023	113699	9	1395	1081
Aug 02 2023	114213	13	1095	568
Aug 03 2023	114484	9	1092	812
Aug 04 2023	114864	10	983	593
Aug 05 2023	115407	5	958	410
Aug 06 2023	115469	2	524	460
Aug 07 2023	115380	11	421	499
Aug 08 2023	115481	23	1269	1145
Aug 09 2023	115711	7	941	704
Aug 10 2023	115587	7	959	1076
Aug 11 2023	115817	17	955	708
Aug 12 2023	116110	9	1002	700
Aug 13 2023	116204	3	689	592
Aug 14 2023	115506	9	475	1164
Aug 15 2023	115391	6	1421	1530
Aug 16 2023	115223	5	388	551
Aug 17 2023	115629	8	1694	1280
Aug 18 2023	116163	5	1433	894
Aug 19 2023	116954	2	1591	798
Aug 20 2023	117477	4	1256	729
Aug 21 2023	117604	3	635	505
Aug 22 2023	118826	11	2793	1560
Aug 23 2023	119753	11	2200	1262
Aug 24 2023	120405	8	1938	1278
Aug 25 2023	120786	14	2158	1763
Aug 26 2023	121773	4	1968	977
Aug 27 2023	122179	10	1485	1069
Aug 28 2023	122060	6	867	980
Aug 29 2023	123254	13	3744	2537
Aug 30 2023	124435	10	2703	1512
Aug 31 2023	124140	16	2847	3126
Sep 01 2023	125302	16	2709	1531
Sep 02 2023	127156	10	2758	894
Sep 03 2023	127780	6	2124	1494
Sep 04 2023	127811	13	1203	1159
Sep 05 2023	130410	12	5546	2935
Sep 06 2023	132133	21	4122	2378
Sep 07 2023	133707	21	3974	2379
Sep 08 2023	135385	10	3926	2238
Sep 09 2023	137557	6	3835	1657
Sep 10 2023	138404	8	3066	2211
Sep 11 2023	137985	14	1548	1953
Sep 12 2023	141238	18	8510	5239
Sep 13 2023	144044	22	5918	3090
Sep 14 2023	144805	14	5574	4799
Sep 15 2023	147931	20	5083	1937
Sep 16 2023	149997	13	5028	2949
Sep 17 2023	150361	5	3625	3256
Sep 18 2023	149559	18	1758	2542
Sep 19 2023	150983	27	8707	7256
Sep 20 2023	153296	20	6306	3973
Sep 21 2023	154118	32	6078	5224
Sep 22 2023	156420	20	5633	3311
Sep 23 2023	159584	12	5417	2241
Sep 24 2023	160419	6	4473	3632
Sep 25 2023	159826	8	1875	2460
Sep 26 2023	156910	20	8834	11730
Sep 27 2023	154145	31	6465	9199
Sep 28 2023	152496	17	6656	8288
Sep 29 2023	155113	26	6594	3951
Sep 30 2023	156369	22	4905	3627
Oct 01 2023	158074	11	5304	3588
Oct 02 2023	157172	22	1971	2851
Oct 03 2023	160373	25	11363	8137
Oct 04 2023	160727	14	7354	6986
Oct 05 2023	162485	28	6965	5179
Oct 06 2023	164601	26	6575	4433
Oct 07 2023	167406	28	6116	3283
Oct 08 2023	167029	6	3977	4348
Oct 09 2023	165275	20	1793	3527
Oct 10 2023	165837	28	9320	8730
Oct 11 2023	166119	25	6874	6567
Oct 12 2023	167055	26	6208	5246
Oct 13 2023	167131	36	5148	5036
Oct 14 2023	167288	23	4851	4671
Oct 15 2023	167213	15	3153	3213
Oct 16 2023	165349	28	2324	4160
Oct 17 2023	164626	44	7577	8256
Oct 18 2023	164014	25	4580	5167
Oct 19 2023	163497	44	4286	4759
Oct 20 2023	163671	29	4049	3846
Oct 21 2023	164551	29	3964	3055
Oct 22 2023	163882	14	2638	3293
Oct 23 2023	162863	24	1342	2337
Oct 24 2023	163266	24	7075	6648
Oct 25 2023	163329	32	4570	4475
Oct 26 2023	162230	30	4444	5513
Oct 27 2023	162958	26	4188	3434
Oct 28 2023	163657	17	4183	3467
Oct 29 2023	163029	6	2646	3268
Oct 30 2023	161800	19	1368	2578
Oct 31 2023	162729	31	6445	5485
Nov 01 2023	162683	19	4097	4124
Nov 02 2023	161816	40	1359	2186
Nov 03 2023	162212	26	5387	4965
Nov 04 2023	163632	26	3980	2534
Nov 05 2023	163658	6	2706	2674
Nov 06 2023	162592	6	1357	2417
Nov 07 2023	165038	32	7311	4833
Nov 08 2023	165740	27	4755	4026
Nov 09 2023	166544	23	5128	4301
Nov 10 2023	167544	32	4304	3272
Nov 11 2023	169054	22	4477	2945
Nov 12 2023	168836	21	3092	3289
Nov 13 2023	168235	25	1585	2161
Nov 14 2023	169923	45	8952	7219
Nov 15 2023	172099	24	6776	4576
Nov 16 2023	174620	36	6724	4167
Nov 17 2023	176821	39	6609	4369
Nov 18 2023	179578	36	6403	3610
Nov 19 2023	179857	23	4063	3761
Nov 20 2023	179088	36	2001	2734
Nov 21 2023	181331	47	11440	9150
Nov 22 2023	182554	18	7713	6472
Nov 23 2023	185529	43	8031	5013
Nov 24 2023	186499	41	6865	5854
Nov 25 2023	190519	36	6840	2784
Nov 26 2023	190394	20	4008	4113
Nov 27 2023	189001	30	2075	3438
Nov 28 2023	195632	67	15513	8815
Nov 29 2023	196559	54	8843	7862
Nov 30 2023	196559	0	0	0
Dec 01 2023	196559	0	0	0
Dec 02 2023	196559	0	0	0
Dec 03 2023	196559	0	0	0
Dec 04 2023	196559	0	0	0
Dec 05 2023	196559	0	0	0
Dec 06 2023	196559	0	0	0
Dec 07 2023	212618	307	59498	43132
Dec 08 2023	212618	0	0	0
Dec 09 2023	212618	0	0	0
Dec 10 2023	212618	0	0	0
Dec 11 2023	212618	0	0	0
Dec 12 2023	212618	0	0	0
Dec 13 2023	224605	322	55542	43233
Dec 14 2023	224605	0	0	0
Dec 15 2023	224605	0	0	0
Dec 16 2023	224605	0	0	0
Dec 17 2023	224605	0	0	0
Dec 18 2023	224605	0	0	0
Dec 19 2023	224605	0	0	0
Dec 20 2023	234090	425	60556	50646
Dec 21 2023	234090	0	0	0
Dec 22 2023	234090	0	0	0
Dec 23 2023	234090	0	0	0
Dec 24 2023	234090	0	0	0
Dec 25 2023	234090	0	0	0
Dec 26 2023	234090	0	0	0
Dec 27 2023	225284	279	40988	49515
Dec 28 2023	225284	0	0	0
Dec 29 2023	225284	0	0	0
Dec 30 2023	225284	0	0	0
Dec 31 2023	225284	0	0	0
Jan 01 2024	225284	0	0	0
Jan 02 2024	225284	0	0	0
Jan 03 2024	218284	371	38736	45365
Jan 04 2024	218284	0	0	0
Jan 05 2024	218284	0	0	0
Jan 06 2024	218284	0	0	0
Jan 07 2024	218284	0	0	0
Jan 08 2024	218284	0	0	0
Jan 09 2024	218284	0	0	0
Jan 10 2024	218284	0	0	0
Jan 11 2024	218284	0	0	0
Jan 12 2024	206444	355	21086	32571
Jan 13 2024	206444	0	0	0
Jan 14 2024	206444	0	0	0
Jan 15 2024	206444	0	0	0
Jan 16 2024	206444	0	0	0
Jan 17 2024	193385	258	9673	22474
Jan 18 2024	193385	0	0	0
Jan 19 2024	193385	0	0	0
Jan 20 2024	193385	0	0	0
Jan 21 2024	193385	0	0	0
Jan 22 2024	193385	0	0	0
Jan 23 2024	193385	0	0	0
Jan 24 2024	186697	203	5810	12295
Jan 25 2024	186697	0	0	0
Jan 26 2024	186697	0	0	0
Jan 27 2024	186697	0	0	0
Jan 28 2024	186697	0	0	0
Jan 29 2024	186697	0	0	0
Jan 30 2024	186697	0	0	0
Jan 31 2024	186697	0	0	0
Feb 01 2024	186697	0	0	0
Feb 02 2024	180744	115	3858	9696
Feb 03 2024	180744	0	0	0
Feb 04 2024	180744	0	0	0
Feb 05 2024	180744	0	0	0
Feb 06 2024	180744	0	0	0
Feb 07 2024	180744	0	0	0
Feb 08 2024	180744	0	0	0
Feb 09 2024	175048	95	2991	8592
Feb 10 2024	175048	0	0	0
Feb 11 2024	175048	0	0	0
Feb 12 2024	175048	0	0	0
Feb 13 2024	175048	0	0	0
Feb 14 2024	172684	92	2221	4493
Feb 15 2024	172684	0	0	0
Feb 16 2024	172684	0	0	0
Feb 17 2024	172684	0	0	0
Feb 18 2024	172684	0	0	0
Feb 19 2024	172684	0	0	0
Feb 20 2024	172684	0	0	0
Feb 21 2024	171207	52	1607	3032
Feb 22 2024	171207	0	0	0
Feb 23 2024	171207	0	0	0
Feb 24 2024	171207	0	0	0
Feb 25 2024	171207	0	0	0
Feb 26 2024	171207	0	0	0
Feb 27 2024	171207	0	0	0
Feb 28 2024	171192	39	1100	1076
Feb 29 2024	171192	0	0	0
Mar 01 2024	171192	0	0	0
Mar 02 2024	171192	0	0	0
Mar 03 2024	171192	0	0	0
Mar 04 2024	171192	0	0	0
Mar 05 2024	171192	0	0	0
Mar 06 2024	171192	0	0	0
Mar 07 2024	171192	0	0	0
Mar 08 2024	171192	0	0	0
Mar 09 2024	171192	0	0	0
Mar 10 2024	171192	0	0	0
Mar 11 2024	171192	0	0	0
Mar 12 2024	171192	0	0	0
Mar 13 2024	171192	0	0	0
Mar 14 2024	171192	0	0	0
Mar 15 2024	170036	72	1852	2936
Mar 16 2024	170036	0	0	0
Mar 17 2024	170036	0	0	0
Mar 18 2024	170036	0	0	0
Mar 19 2024	170036	0	0	0
Mar 20 2024	169361	26	780	1429
Mar 21 2024	169361	0	0	0
Mar 22 2024	169361	0	0	0
Mar 23 2024	169361	0	0	0
Mar 24 2024	169361	0	0	0
Mar 25 2024	169361	0	0	0
Mar 26 2024	169361	0	0	0
Mar 27 2024	169361	0	0	0
Mar 28 2024	169361	0	0	0
Mar 29 2024	168976	20	602	967
Mar 30 2024	168976	0	0	0
Mar 31 2024	168976	0	0	0
Apr 01 2024	168976	0	0	0
Apr 02 2024	168976	0	0	0
Apr 03 2024	168976	0	0	0
Apr 04 2024	168976	0	0	0
Apr 05 2024	168976	0	0	0
Apr 06 2024	168976	0	0	0
