Date	Active Cases	Daily Death	New cases	Recoverd Cases
Feb 15 2020	0	0	0	0
Feb 16 2020	0	0	0	0
Feb 17 2020	0	0	0	0
Feb 18 2020	0	0	0	0
Feb 19 2020	0	0	0	0
Feb 20 2020	0	0	0	0
Feb 21 2020	0	0	0	0
Feb 22 2020	0	0	0	0
Feb 23 2020	0	0	0	0
Feb 24 2020	0	0	0	0
Feb 25 2020	0	0	0	0
Feb 26 2020	0	0	0	0
Feb 27 2020	0	0	0	0
Feb 28 2020	0	0	0	0
Feb 29 2020	0	0	0	0
Mar 01 2020	0	0	0	0
Mar 02 2020	1	0	1	0
Mar 03 2020	1	0	0	0
Mar 04 2020	1	0	0	0
Mar 05 2020	5	0	4	0
Mar 06 2020	11	0	6	0
Mar 07 2020	11	0	1	1
Mar 08 2020	14	0	3	0
Mar 09 2020	17	0	3	0
Mar 10 2020	17	0	0	0
Mar 11 2020	25	0	8	0
Mar 12 2020	31	0	6	0
Mar 13 2020	37	0	11	5
Mar 14 2020	51	0	14	0
Mar 15 2020	55	0	4	0
Mar 16 2020	85	0	30	0
Mar 17 2020	106	0	21	0
Mar 18 2020	139	0	33	0
Mar 19 2020	190	1	52	0
Mar 20 2020	240	0	54	4
Mar 21 2020	289	0	53	4
Mar 22 2020	350	0	61	0
Mar 23 2020	420	0	71	1
Mar 24 2020	472	0	57	5
Mar 25 2020	626	2	163	7
Mar 26 2020	799	0	182	9
Mar 27 2020	987	1	196	7
Mar 28 2020	1211	0	228	4
Mar 29 2020	1462	4	270	15
Mar 30 2020	1761	1	302	2
Mar 31 2020	2199	8	501	55
Apr 01 2020	2563	7	440	69
Apr 02 2020	3283	6	771	45
Apr 03 2020	3834	4	601	46
Apr 04 2020	4355	9	582	52
Apr 05 2020	4989	2	658	22
Apr 06 2020	5890	2	954	51
Apr 07 2020	6945	11	1154	88
Apr 08 2020	8029	5	1175	86
Apr 09 2020	9357	13	1459	118
Apr 10 2020	11028	18	1786	97
Apr 11 2020	12433	12	1667	250
Apr 12 2020	14349	24	2186	246
Apr 13 2020	16710	18	2558	179
Apr 14 2020	19238	22	2774	224
Apr 15 2020	22306	28	3388	292
Apr 16 2020	25402	34	3448	318
Apr 17 2020	29145	41	4070	286
Apr 18 2020	33423	40	4785	467
Apr 19 2020	39201	48	6060	234
Apr 20 2020	43270	44	4268	155
Apr 21 2020	48434	51	5642	427
Apr 22 2020	53066	57	5236	547
Apr 23 2020	57327	42	4774	471
Apr 24 2020	62439	60	5849	677
Apr 25 2020	67657	66	5966	682
Apr 26 2020	73435	66	6361	517
Apr 27 2020	79007	47	6198	579
Apr 28 2020	84235	73	6411	1110
Apr 29 2020	88141	105	5841	1830
Apr 30 2020	93806	101	7099	1333
May 01 2020	100042	96	7933	1601
May 02 2020	107819	53	9623	1793
May 03 2020	116768	58	10633	1626
May 04 2020	125817	76	10581	1456
May 05 2020	134054	95	10102	1770
May 06 2020	143065	86	10559	1462
May 07 2020	151732	88	11231	2476
May 08 2020	159528	98	10699	2805
May 09 2020	164933	104	10817	5308
May 10 2020	173467	88	11012	2390
May 11 2020	179534	94	11656	5495
May 12 2020	186615	107	10899	3711
May 13 2020	192056	96	10028	4491
May 14 2020	196410	93	9974	5527
May 15 2020	202199	113	10598	4696
May 16 2020	206340	119	9200	4940
May 17 2020	211748	94	9709	4207
May 18 2020	217747	91	8926	2836
May 19 2020	220974	115	9263	5921
May 20 2020	220341	135	8764	9262
May 21 2020	221774	127	8849	7289
May 22 2020	223374	150	8894	7144
May 23 2020	224558	139	9434	8111
May 24 2020	227641	153	8599	5363
May 25 2020	230996	92	8946	5499
May 26 2020	227406	174	8915	12331
May 27 2020	224504	161	8338	11079
May 28 2020	223916	174	8371	8785
May 29 2020	223992	232	8572	8264
May 30 2020	224551	181	8952	8212
May 31 2020	229267	138	9268	4414
Jun 01 2020	234146	162	9035	3994
Jun 02 2020	231719	182	8863	11108
Jun 03 2020	231105	178	8536	8972
Jun 04 2020	231101	169	8831	8666
Jun 05 2020	231626	144	8726	8057
Jun 06 2020	231576	197	8855	8708
Jun 07 2020	235083	134	8984	5343
Jun 08 2020	239999	112	8985	3957
Jun 09 2020	236714	171	8595	11709
Jun 10 2020	234516	216	8404	10386
Jun 11 2020	234754	174	8779	8367
Jun 12 2020	235338	183	8987	8220
Jun 13 2020	238659	114	8706	5271
Jun 14 2020	241966	119	8835	5409
Jun 15 2020	245580	143	8246	4489
Jun 16 2020	243868	193	8248	9767
Jun 17 2020	241481	194	7843	10036
Jun 18 2020	239468	182	7790	9621
Jun 19 2020	236816	181	7972	10443
Jun 20 2020	234358	161	7889	10186
Jun 21 2020	236858	109	7728	5119
Jun 22 2020	239658	95	7600	4705
Jun 23 2020	234917	153	7425	12013
Jun 24 2020	229546	154	7176	12393
Jun 25 2020	230225	92	7113	6342
Jun 26 2020	227861	176	6800	8988
Jun 27 2020	225325	188	6852	9200
Jun 28 2020	226277	104	6791	5735
Jun 29 2020	228560	93	6719	4343
Jun 30 2020	225879	154	6693	9220
Jul 01 2020	221938	216	6556	10281
Jul 02 2020	222504	147	6760	6047
Jul 03 2020	220131	176	6718	8915
Jul 04 2020	217609	168	6632	8986
Jul 05 2020	220340	134	6736	3871
Jul 06 2020	223237	135	6611	3579
Jul 07 2020	219856	198	6368	9551
Jul 08 2020	217614	173	6562	8631
Jul 09 2020	215142	176	6509	8805
Jul 10 2020	213851	174	6635	7752
Jul 11 2020	211896	188	6611	8378
Jul 12 2020	214766	130	6615	3615
Jul 13 2020	218239	104	6537	2960
Jul 14 2020	215508	175	6248	8804
Jul 15 2020	211350	156	6422	10424
Jul 16 2020	209168	167	6428	8443
Jul 17 2020	207707	186	6406	7681
Jul 18 2020	206327	124	6234	7490
Jul 19 2020	208860	95	6109	3481
Jul 20 2020	211457	85	5940	3258
Jul 21 2020	208364	153	5842	8782
Jul 22 2020	204392	165	5862	9669
Jul 23 2020	201816	147	5848	8277
Jul 24 2020	199029	154	5811	8444
Jul 25 2020	196388	146	5871	8366
Jul 26 2020	198966	77	5765	3110
Jul 27 2020	201437	85	5635	3079
Jul 28 2020	197794	150	5395	8888
Jul 29 2020	194984	169	5475	8116
Jul 30 2020	191042	129	5509	9322
Jul 31 2020	187608	161	5482	8755
Aug 01 2020	184861	95	5462	8114
Aug 02 2020	186569	70	5427	3649
Aug 03 2020	188464	79	5394	3420
Aug 04 2020	185601	144	5159	7878
Aug 05 2020	183111	139	5204	7555
Aug 06 2020	180931	116	5267	7331
Aug 07 2020	178818	119	5241	7235
Aug 08 2020	177286	129	5212	6615
Aug 09 2020	179183	77	5189	3215
Aug 10 2020	180972	70	5118	3259
Aug 11 2020	179293	130	4945	6494
Aug 12 2020	177143	129	5102	7123
Aug 13 2020	175978	124	5057	6098
Aug 14 2020	174361	114	5065	6568
Aug 15 2020	172856	119	5061	6447
Aug 16 2020	174200	68	4969	3557
Aug 17 2020	175904	55	4892	3133
Aug 18 2020	173993	132	4748	6527
Aug 19 2020	171909	117	4828	6795
Aug 20 2020	170494	110	4785	6090
Aug 21 2020	169457	90	4870	5817
Aug 22 2020	168110	121	4921	6147
Aug 23 2020	169727	73	4852	3162
Aug 24 2020	171950	65	4744	2456
Aug 25 2020	169874	120	4696	6652
Aug 26 2020	168032	115	4676	6403
Aug 27 2020	166211	121	4711	6411
Aug 28 2020	165025	110	4829	5905
Aug 29 2020	163938	111	4941	5917
Aug 30 2020	166251	68	4980	2599
Aug 31 2020	168756	83	4993	2405
Sep 01 2020	167044	123	4729	6318
Sep 02 2020	166417	115	4952	5464
Sep 03 2020	165532	114	4995	5766
Sep 04 2020	164709	121	5110	5812
Sep 05 2020	164425	110	5205	5379
Sep 06 2020	166736	61	5195	2823
Sep 07 2020	169542	51	5185	2328
Sep 08 2020	167747	122	5099	6772
Sep 09 2020	166414	142	5218	6409
Sep 10 2020	165734	128	5363	5915
Sep 11 2020	165402	102	5504	5734
Sep 12 2020	165343	119	5488	5428
Sep 13 2020	168008	94	5449	2690
Sep 14 2020	170985	57	5509	2475
Sep 15 2020	170759	150	5529	5605
Sep 16 2020	170488	132	5670	5809
Sep 17 2020	170352	144	5762	5754
Sep 18 2020	170784	134	5905	5339
Sep 19 2020	171450	144	6065	5255
Sep 20 2020	174624	79	6148	2895
Sep 21 2020	178133	71	6196	2616
Sep 22 2020	178212	160	6215	5976
Sep 23 2020	178743	150	6431	5750
Sep 24 2020	179059	149	6595	6130
Sep 25 2020	181846	108	7212	4317
Sep 26 2020	183196	169	7523	6004
Sep 27 2020	187896	99	7867	3068
Sep 28 2020	193268	61	8135	2702
Sep 29 2020	194861	160	8232	6479
Sep 30 2020	197307	177	8481	5858
Oct 01 2020	200098	169	8945	5985
Oct 02 2020	203270	186	9412	6054
Oct 03 2020	207392	174	9859	5563
Oct 04 2020	214500	107	10499	3284
Oct 05 2020	222090	117	10888	3181
Oct 06 2020	227265	188	11615	6252
Oct 07 2020	231479	202	11115	6699
Oct 08 2020	235727	191	11493	7054
Oct 09 2020	240560	201	12126	7092
Oct 10 2020	246428	197	12846	6781
Oct 11 2020	255679	143	13634	4240
Oct 12 2020	265353	125	13592	3793
Oct 13 2020	271427	244	13868	7550
Oct 14 2020	277499	239	14231	7920
Oct 15 2020	282575	286	13754	8392
Oct 16 2020	289008	232	15150	8485
Oct 17 2020	295034	279	14922	8617
Oct 18 2020	304571	185	15099	5377
Oct 19 2020	315046	179	15982	5328
Oct 20 2020	321392	269	16319	9704
Oct 21 2020	325823	317	15700	10952
Oct 22 2020	330076	290	15971	11428
Oct 23 2020	335870	283	17340	11263
Oct 24 2020	340528	296	16521	11567
Oct 25 2020	349305	229	16710	7704
Oct 26 2020	358859	219	17347	7574
Oct 27 2020	362245	320	16550	12844
Oct 28 2020	365740	346	16202	12361
Oct 29 2020	368351	366	17717	14740
Oct 30 2020	371760	355	18283	14519
Oct 31 2020	374712	334	18140	14854
Nov 01 2020	382873	245	18665	10259
Nov 02 2020	390532	238	18257	10360
Nov 03 2020	393494	355	18648	15331
Nov 04 2020	397306	389	19768	15567
Nov 05 2020	404180	292	19404	12238
Nov 06 2020	407429	378	20582	16955
Nov 07 2020	410658	364	20396	16803
Nov 08 2020	419378	286	20498	11492
Nov 09 2020	430198	256	21798	10722
Nov 10 2020	435207	368	20977	15600
Nov 11 2020	436010	432	19851	18616
Nov 12 2020	438368	439	21608	18811
Nov 13 2020	441205	411	21983	18735
Nov 14 2020	444890	391	22702	18626
Nov 15 2020	452654	352	22572	14456
Nov 16 2020	461265	303	22778	13864
Nov 17 2020	461178	442	22410	22055
Nov 18 2020	456528	456	20985	25179
Nov 19 2020	454102	463	23610	25573
Nov 20 2020	453201	461	24318	24758
Nov 21 2020	451535	467	24822	26021
Nov 22 2020	457707	401	24581	18008
Nov 23 2020	466517	361	25173	16002
Nov 24 2020	467126	491	24326	23226
Nov 25 2020	464546	507	23675	25748
Nov 26 2020	464436	524	25487	25073
Nov 27 2020	464801	496	27543	26682
Nov 28 2020	464095	510	27100	27296
Nov 29 2020	468332	459	26683	21987
Nov 30 2020	477055	368	26338	17247
Dec 01 2020	478125	569	26402	24763
Dec 02 2020	475999	589	25345	26882
Dec 03 2020	474088	554	28145	29502
Dec 04 2020	472021	569	27403	28901
Dec 05 2020	472651	508	28782	27644
Dec 06 2020	479891	457	29039	21342
Dec 07 2020	488727	456	28142	18850
Dec 08 2020	489324	562	26097	24938
Dec 09 2020	488689	559	26190	26266
Dec 10 2020	490177	562	27927	25877
Dec 11 2020	491978	613	28585	26171
Dec 12 2020	493437	560	28137	26118
Dec 13 2020	500752	488	28080	20277
Dec 14 2020	509068	450	27328	18562
Dec 15 2020	510367	577	26689	24813
Dec 16 2020	509790	596	26509	26490
Dec 17 2020	510977	587	28214	26440
Dec 18 2020	512825	611	28552	26093
Dec 19 2020	514340	585	28209	26109
Dec 20 2020	521862	511	28948	20915
Dec 21 2020	531014	493	29350	19705
Dec 22 2020	535071	561	28776	24158
Dec 23 2020	537325	549	27250	24447
Dec 24 2020	539735	635	29935	26890
Dec 25 2020	540793	563	29018	27397
Dec 26 2020	541299	567	29258	28185
Dec 27 2020	544641	552	28284	24390
Dec 28 2020	551461	487	27787	20480
Dec 29 2020	553027	562	27002	24874
Dec 30 2020	549706	599	26513	29235
Dec 31 2020	547938	593	27747	28922
Jan 01 2021	548643	536	27039	25798
Jan 02 2021	555600	447	26301	18897
Jan 03 2021	559399	504	24150	19847
Jan 04 2021	561114	482	23351	21154
Jan 05 2021	562210	518	24246	22632
Jan 06 2021	562927	445	24217	23055
Jan 07 2021	562233	506	23541	23729
Jan 08 2021	563754	454	23652	21677
Jan 09 2021	562913	470	23309	23680
Jan 10 2021	561228	456	22851	24080
Jan 11 2021	562321	436	23315	21786
Jan 12 2021	559969	531	22934	24755
Jan 13 2021	553595	566	22850	28658
Jan 14 2021	549832	570	24763	27956
Jan 15 2021	546356	555	24715	27636
Jan 16 2021	542547	590	24092	27311
Jan 17 2021	542212	481	23586	23440
Jan 18 2021	546265	471	22857	18333
Jan 19 2021	544151	586	21734	23262
Jan 20 2021	539416	597	21152	25290
Jan 21 2021	533789	612	21887	26902
Jan 22 2021	527404	580	21513	27318
Jan 23 2021	519987	559	20921	27779
Jan 24 2021	518178	491	21127	22445
Jan 25 2021	518009	456	19290	19003
Jan 26 2021	511888	564	18241	23798
Jan 27 2021	501113	594	17741	27922
Jan 28 2021	492901	575	19138	26775
Jan 29 2021	485401	534	19238	26204
Jan 30 2021	479419	512	19032	24502
Jan 31 2021	477253	485	18359	20040
Feb 01 2021	476295	437	17648	18169
Feb 02 2021	470027	539	16643	22372
Feb 03 2021	461153	526	16474	24822
Feb 04 2021	452800	521	16714	24546
Feb 05 2021	445379	527	16688	23582
Feb 06 2021	438678	497	16627	22831
Feb 07 2021	434410	432	16048	19884
Feb 08 2021	434038	407	15916	15881
Feb 09 2021	426732	530	15019	21795
Feb 10 2021	418115	536	14494	22575
Feb 11 2021	410639	553	15038	21961
Feb 12 2021	404501	507	15089	20720
Feb 13 2021	400095	502	14861	18765
Feb 14 2021	398656	430	14185	15194
Feb 15 2021	398534	394	14207	13935
Feb 16 2021	393681	459	13233	17627
Feb 17 2021	388123	467	12828	17919
Feb 18 2021	382360	480	13447	18730
Feb 19 2021	376686	470	13433	18637
Feb 20 2021	371675	480	12953	17484
Feb 21 2021	367988	417	12742	16012
Feb 22 2021	367312	337	12604	12943
Feb 23 2021	365762	417	11823	12956
Feb 24 2021	364910	383	11749	12218
Feb 25 2021	359560	446	11198	16102
Feb 26 2021	354496	428	11086	15722
Feb 27 2021	349571	439	11534	16020
Feb 28 2021	348160	379	11359	12391
Mar 01 2021	348121	333	11571	11277
Mar 02 2021	343279	441	10565	14966
Mar 03 2021	337668	452	10535	15694
Mar 04 2021	332455	475	11385	16123
Mar 05 2021	327553	462	11024	15464
Mar 06 2021	323107	441	11022	15027
Mar 07 2021	321758	368	10595	11576
Mar 08 2021	321310	379	10253	10322
Mar 09 2021	320488	336	9445	9931
Mar 10 2021	315751	466	9079	13350
Mar 11 2021	310556	459	9270	14006
Mar 12 2021	306368	486	9794	13496
Mar 13 2021	302933	475	9908	12868
Mar 14 2021	303209	395	10083	9412
Mar 15 2021	303975	404	9437	8267
Mar 16 2021	302281	443	9393	10644
Mar 17 2021	300097	427	8998	10755
Mar 18 2021	297379	460	9803	12061
Mar 19 2021	294298	443	9699	12337
Mar 20 2021	292259	392	9632	11279
Mar 21 2021	292444	371	9299	8743
Mar 22 2021	293577	361	9284	7790
Mar 23 2021	290747	427	8457	10860
Mar 24 2021	288852	401	8861	10355
Mar 25 2021	286799	393	9221	10881
Mar 26 2021	284681	405	9167	10880
Mar 27 2021	282842	387	8885	10337
Mar 28 2021	282964	336	9088	8630
Mar 29 2021	284102	293	8711	7280
Mar 30 2021	282382	409	8277	9588
Mar 31 2021	280073	408	8275	10176
Apr 01 2021	278612	383	9169	10247
Apr 02 2021	277172	400	8792	9832
Apr 03 2021	276191	384	9021	9618
Apr 04 2021	276439	357	8817	8212
Apr 05 2021	277690	343	8646	7052
Apr 06 2021	276727	389	8328	8902
Apr 07 2021	275202	374	8294	9445
Apr 08 2021	273951	365	8672	9558
Apr 09 2021	273037	402	9150	9662
Apr 10 2021	271760	402	8704	9579
Apr 11 2021	272895	337	8702	7230
Apr 12 2021	274282	277	8320	6656
Apr 13 2021	272506	338	8173	9611
Apr 14 2021	270986	399	8326	9447
Apr 15 2021	269307	398	8944	10225
Apr 16 2021	268796	397	8995	9109
Apr 17 2021	268887	398	9321	8832
Apr 18 2021	269739	389	8632	7391
Apr 19 2021	271164	346	8589	6818
Apr 20 2021	269318	379	8164	9631
Apr 21 2021	267546	399	8271	9644
Apr 22 2021	267211	397	8996	8934
Apr 23 2021	266246	398	8840	9407
Apr 24 2021	265421	399	8828	9254
Apr 25 2021	266329	332	8780	7540
Apr 26 2021	268145	356	8803	6631
Apr 27 2021	267767	392	8053	8039
Apr 28 2021	266808	387	7848	8420
Apr 29 2021	267286	364	9284	8442
Apr 30 2021	267214	397	8731	8406
May 01 2021	267455	392	9270	8637
May 02 2021	268471	342	8697	7339
May 03 2021	270257	336	8489	6367
May 04 2021	270935	337	7770	6755
May 05 2021	271044	360	7975	7506
May 06 2021	270544	351	7639	7788
May 07 2021	270532	376	8386	8022
May 08 2021	270236	370	8329	8255
May 09 2021	270804	334	8419	7517
May 10 2021	272174	321	8465	6774
May 11 2021	272951	329	8115	7009
May 12 2021	272199	355	8217	8614
May 13 2021	270838	392	8380	9349
May 14 2021	270151	393	9462	9756
May 15 2021	268711	364	8790	9866
May 16 2021	268301	391	8554	8573
May 17 2021	270108	340	9328	7181
May 18 2021	268955	364	8183	8972
May 19 2021	266924	390	7920	9561
May 20 2021	265777	396	9232	9983
May 21 2021	264986	378	8937	9350
May 22 2021	263964	386	8709	9345
May 23 2021	265261	357	8951	7297
May 24 2021	266898	319	8406	6450
May 25 2021	265646	393	7884	8743
May 26 2021	264478	406	8373	9135
May 27 2021	263356	402	9039	9759
May 28 2021	262819	404	9252	9385
May 29 2021	262457	401	9289	9250
May 30 2021	264410	355	9694	7386
May 31 2021	265831	339	8475	6715
Jun 01 2021	265965	372	9500	8994
Jun 02 2021	265383	394	8832	9020
Jun 03 2021	264540	393	8933	9383
Jun 04 2021	264580	377	8947	8530
Jun 05 2021	264761	399	9145	8565
Jun 06 2021	266204	351	9163	7369
Jun 07 2021	268547	330	9429	6756
Jun 08 2021	269262	379	9977	8883
Jun 09 2021	269456	399	10407	9814
Jun 10 2021	270676	383	11699	10096
Jun 11 2021	272597	396	12505	10188
Jun 12 2021	275722	399	13510	9986
Jun 13 2021	280922	357	14723	9166
Jun 14 2021	285960	371	13721	8312
Jun 15 2021	291169	379	14185	8597
Jun 16 2021	293914	396	13397	10256
Jun 17 2021	296350	416	14057	11205
Jun 18 2021	302205	453	17262	10954
Jun 19 2021	308961	466	17906	10684
Jun 20 2021	317493	450	17611	8629
Jun 21 2021	326070	440	17378	8361
Jun 22 2021	331122	546	16715	11117
Jun 23 2021	335508	548	17594	12660
Jun 24 2021	341617	568	20182	13505
Jun 25 2021	347385	601	20393	14024
Jun 26 2021	354084	619	21665	14347
Jun 27 2021	361295	599	20538	12728
Jun 28 2021	369708	611	21650	12626
Jun 29 2021	374975	652	20616	14697
Jun 30 2021	378992	669	21042	16356
Jul 01 2021	384935	672	23543	16928
Jul 02 2021	389277	679	23218	18197
Jul 03 2021	395120	697	24439	17899
Jul 04 2021	404115	663	25142	15484
Jul 05 2021	413274	654	24353	14540
Jul 06 2021	417504	737	23378	18411
Jul 07 2021	420674	725	23962	20067
Jul 08 2021	423422	734	24818	21336
Jul 09 2021	426630	726	25766	21832
Jul 10 2021	433210	752	25082	17750
Jul 11 2021	440112	749	25033	17382
Jul 12 2021	448113	710	25140	16429
Jul 13 2021	452469	780	24702	19566
Jul 14 2021	454241	786	23827	21269
Jul 15 2021	457250	791	25293	21493
Jul 16 2021	460223	799	25704	21932
Jul 17 2021	463115	787	25116	21437
Jul 18 2021	468483	764	25018	18886
Jul 19 2021	473633	719	24633	18764
Jul 20 2021	474401	784	23770	22218
Jul 21 2021	474738	783	23704	22584
Jul 22 2021	475753	796	24471	22660
Jul 23 2021	476222	795	23811	22547
Jul 24 2021	477418	799	23947	21952
Jul 25 2021	482033	779	24072	18678
Jul 26 2021	488345	727	23239	16200
Jul 27 2021	490482	779	23032	20116
Jul 28 2021	491525	798	22420	20579
Jul 29 2021	493162	799	23270	20834
Jul 30 2021	495447	794	23564	20485
Jul 31 2021	498691	792	23807	19771
Aug 01 2021	503435	789	22804	17271
Aug 02 2021	511265	785	23508	14893
Aug 03 2021	513524	788	22010	18963
Aug 04 2021	515227	790	22589	20096
Aug 05 2021	517183	794	23120	20370
Aug 06 2021	518910	792	22660	20141
Aug 07 2021	520952	793	22320	19485
Aug 08 2021	527362	787	22866	15669
Aug 09 2021	534279	769	22160	14474
Aug 10 2021	536136	792	21378	18729
Aug 11 2021	536841	799	21571	20067
Aug 12 2021	537770	808	21932	20195
Aug 13 2021	539864	815	22277	19368
Aug 14 2021	541639	819	22144	19550
Aug 15 2021	546021	816	21624	16426
Aug 16 2021	550379	806	20765	15601
Aug 17 2021	552125	805	20958	18407
Aug 18 2021	551527	799	20914	20713
Aug 19 2021	547777	791	21058	24017
Aug 20 2021	547633	785	20992	20351
Aug 21 2021	547189	797	21000	20647
Aug 22 2021	551577	762	20564	15414
Aug 23 2021	554854	776	19454	15401
Aug 24 2021	554257	794	18833	18636
Aug 25 2021	553330	809	19536	19654
Aug 26 2021	552479	820	19630	19661
Aug 27 2021	551973	798	19509	19217
Aug 28 2021	551255	799	19492	19411
Aug 29 2021	552940	797	19286	16804
Aug 30 2021	556293	792	18325	14180
Aug 31 2021	554687	795	17813	18624
Sep 01 2021	553940	790	18368	18325
Sep 02 2021	553458	798	18985	18669
Sep 03 2021	552825	799	18856	18690
Sep 04 2021	552072	796	18780	18737
Sep 05 2021	554668	793	18645	15256
Sep 06 2021	557458	790	17856	14276
Sep 07 2021	556845	795	17425	17243
Sep 08 2021	555810	797	18024	18262
Sep 09 2021	553757	794	18380	19639
Sep 10 2021	554188	789	18341	17121
Sep 11 2021	554395	796	18891	17888
Sep 12 2021	557664	788	18554	14497
Sep 13 2021	562654	719	18178	12469
Sep 14 2021	563803	781	17837	15907
Sep 15 2021	564813	792	18841	17039
Sep 16 2021	566287	794	19594	17326
Sep 17 2021	568782	791	19905	16619
Sep 18 2021	572065	799	20329	16247
Sep 19 2021	578028	793	20174	13418
Sep 20 2021	585002	778	19744	11992
Sep 21 2021	587932	812	19179	15437
Sep 22 2021	590719	817	19706	16102
Sep 23 2021	594770	820	21438	16567
Sep 24 2021	599493	828	21379	15828
Sep 25 2021	604387	822	22041	16325
Sep 26 2021	612409	805	22498	13671
Sep 27 2021	620353	779	22236	13513
Sep 28 2021	623692	852	21559	17368
Sep 29 2021	626809	857	22430	18456
Sep 30 2021	631004	867	23888	18826
Oct 01 2021	634684	887	24522	19955
Oct 02 2021	641165	886	25219	17852
Oct 03 2021	650653	890	25769	15391
Oct 04 2021	661025	883	25781	14526
Oct 05 2021	666672	895	25110	18568
Oct 06 2021	671035	929	25133	19841
Oct 07 2021	677331	924	27550	20330
Oct 08 2021	683075	936	27246	20566
Oct 09 2021	690420	968	29362	21049
Oct 10 2021	700831	962	28647	17274
Oct 11 2021	713823	957	29409	15460
Oct 12 2021	720334	973	28190	20706
Oct 13 2021	726266	984	28717	21801
Oct 14 2021	734909	986	31299	21670
Oct 15 2021	743839	998	32196	22268
Oct 16 2021	754162	1002	33208	21883
Oct 17 2021	768751	997	34303	18717
Oct 18 2021	785647	998	34325	16431
Oct 19 2021	794946	1015	33740	23426
Oct 20 2021	802760	1028	34073	25231
Oct 21 2021	812168	1036	36339	25895
Oct 22 2021	822792	1064	37141	25453
Oct 23 2021	833318	1075	37678	26077
Oct 24 2021	845122	1072	35660	22784
Oct 25 2021	861293	1069	37930	20690
Oct 26 2021	869660	1106	36446	26973
Oct 27 2021	875968	1123	36582	29151
Oct 28 2021	885587	1159	40096	29318
Oct 29 2021	893811	1163	39849	30462
Oct 30 2021	903993	1160	40251	28909
Oct 31 2021	916713	1158	40993	27115
Nov 01 2021	932773	1155	40402	23187
Nov 02 2021	939698	1178	39008	30905
Nov 03 2021	946145	1189	40443	32807
Nov 04 2021	953239	1195	40217	31928
Nov 05 2021	964177	1192	40735	28605
Nov 06 2021	975123	1188	41335	29201
Nov 07 2021	986303	1179	39165	26806
Nov 08 2021	998931	1190	39400	25582
Nov 09 2021	1004844	1211	39160	32036
Nov 10 2021	1007098	1239	38058	34565
Nov 11 2021	1013464	1237	40759	33156
Nov 12 2021	1018707	1235	40123	33645
Nov 13 2021	1022920	1241	39256	33802
Nov 14 2021	1030703	1219	38823	29821
Nov 15 2021	1040210	1211	38420	27702
Nov 16 2021	1041627	1240	36818	34161
Nov 17 2021	1040618	1247	36626	36388
Nov 18 2021	1040327	1251	37374	36414
Nov 19 2021	1039225	1254	37156	37004
Nov 20 2021	1038919	1254	37120	36172
Nov 21 2021	1042133	1252	36970	32504
Nov 22 2021	1047860	1241	35681	28713
Nov 23 2021	1044562	1243	33996	36051
Nov 24 2021	1040198	1240	33558	36682
Nov 25 2021	1034306	1238	33796	38450
Nov 26 2021	1031616	1235	34690	36145
Nov 27 2021	1027829	1239	33946	36494
Nov 28 2021	1029507	1224	33548	30646
Nov 29 2021	1034458	1209	33860	27700
Nov 30 2021	1032435	1229	32648	33442
Dec 01 2021	1028367	1226	32837	35679
Dec 02 2021	1025350	1221	33389	35185
Dec 03 2021	1020549	1217	32930	36514
Dec 04 2021	1017126	1215	32974	35182
Dec 05 2021	1017929	1206	32602	30593
Dec 06 2021	1020811	1184	32136	28070
Dec 07 2021	1016110	1182	31096	34615
Dec 08 2021	1008707	1179	30752	36976
Dec 09 2021	1001941	1181	30209	35794
Dec 10 2021	995981	1176	30873	35657
Dec 11 2021	988652	1171	30288	36446
Dec 12 2021	986058	1132	29929	31391
Dec 13 2021	985934	1121	29558	28561
Dec 14 2021	979048	1145	28343	34084
Dec 15 2021	970636	1142	28363	35633
Dec 16 2021	960834	1133	28486	37155
Dec 17 2021	950060	1080	27743	37437
Dec 18 2021	938377	1076	27434	38041
Dec 19 2021	932666	1023	27967	32655
Dec 20 2021	928610	1019	27022	30059
Dec 21 2021	913271	1027	25907	40219
Dec 22 2021	895193	1020	25264	42322
Dec 23 2021	878213	1002	25667	41645
Dec 24 2021	860705	998	24703	41213
Dec 25 2021	842563	981	24946	42107
Dec 26 2021	828031	968	23721	37285
Dec 27 2021	816589	937	23210	33715
Dec 28 2021	793615	935	21922	43961
Dec 29 2021	771026	932	21119	42776
Dec 30 2021	748169	926	21073	43004
Dec 31 2021	727203	912	20638	40692
Jan 01 2022	712963	847	19751	33144
Jan 02 2022	703409	811	18233	26976
Jan 03 2022	694880	835	16343	24037
Jan 04 2022	682878	834	15903	27071
Jan 05 2022	672241	828	15772	25581
Jan 06 2022	663806	802	15316	22949
Jan 07 2022	657719	787	16735	22035
Jan 08 2022	653042	796	16568	20449
Jan 09 2022	647774	763	16246	20751
Jan 10 2022	642973	741	15830	19890
Jan 11 2022	634499	783	17525	25216
Jan 12 2022	625354	745	17946	26346
Jan 13 2022	619785	740	21155	25984
Jan 14 2022	617914	739	23820	24952
Jan 15 2022	617786	723	27179	26584
Jan 16 2022	623599	686	29230	22731
Jan 17 2022	633899	670	30726	19756
Jan 18 2022	639899	688	31252	24564
Jan 19 2022	650180	698	33899	22920
Jan 20 2022	663868	684	38850	24478
Jan 21 2022	687970	692	49513	24719
Jan 22 2022	718976	681	57212	25525
Jan 23 2022	758457	679	63205	23045
Jan 24 2022	801197	655	65109	21714
Jan 25 2022	841921	681	67809	26404
Jan 26 2022	887759	657	74692	28197
Jan 27 2022	946156	665	88816	29754
Jan 28 2022	1014017	673	98040	29506
Jan 29 2022	1096461	668	113122	30010
Jan 30 2022	1188128	617	121228	28944
Jan 31 2022	1281447	621	124070	30130
Feb 01 2022	1366319	663	125836	40301
Feb 02 2022	1459098	678	141883	48426
Feb 03 2022	1560475	667	155768	53724
Feb 04 2022	1669545	682	168201	58449
Feb 05 2022	1785606	714	177282	60507
Feb 06 2022	1905433	661	180071	59583
Feb 07 2022	2021046	609	171905	55683
Feb 08 2022	2104803	698	165643	81188
Feb 09 2022	2190074	669	183103	97163
Feb 10 2022	2280357	701	197076	106092
Feb 11 2022	2371348	722	203949	112236
Feb 12 2022	2461727	729	203766	112658
Feb 13 2022	2557402	706	197949	101568
Feb 14 2022	2639990	683	180456	97185
Feb 15 2022	2668036	704	166631	137881
Feb 16 2022	2674104	748	179284	172468
Feb 17 2022	2668854	790	180622	185082
Feb 18 2022	2649772	784	180071	198369
Feb 19 2022	2637023	798	179147	191098
Feb 20 2022	2659681	745	170699	147296
Feb 21 2022	2683789	735	152337	127494
Feb 22 2022	2653872	796	135172	164293
Feb 23 2022	2611526	785	137642	179203
Feb 24 2022	2607329	762	132998	136433
Feb 25 2022	2562692	787	123460	167310
Feb 26 2022	2503551	793	122995	181343
Feb 27 2022	2481279	769	116093	137596
Feb 28 2022	2470724	733	106920	116742
Mar 01 2022	2394458	786	97333	172813
Mar 02 2022	2307599	784	97455	183530
Mar 03 2022	2229155	781	93026	170689
Mar 04 2022	2157046	776	89174	160507
Mar 05 2022	2087340	750	86769	155725
Mar 06 2022	2017399	744	79863	149060
Mar 07 2022	1967274	668	73162	122619
Mar 08 2022	1921442	652	66576	111756
Mar 09 2022	1886740	645	58675	92732
Mar 10 2022	1788672	665	51231	148634
Mar 11 2022	1687531	674	50743	151210
Mar 12 2022	1578204	630	48154	156851
Mar 13 2022	1493968	596	44989	128629
Mar 14 2022	1429247	533	41055	105243
Mar 15 2022	1346995	558	36678	118372
Mar 16 2022	1264929	576	36519	118009
Mar 17 2022	1186573	561	34819	112614
Mar 18 2022	1115427	524	34442	105064
Mar 19 2022	1052332	495	32958	95558
Mar 20 2022	1008258	434	31035	74675
Mar 21 2022	974620	409	28709	61938
Mar 22 2022	925622	472	26394	74920
Mar 23 2022	881397	429	26826	70622
Mar 24 2022	839890	418	25387	66476
Mar 25 2022	803014	398	25382	61860
Mar 26 2022	765758	395	24072	60933
Mar 27 2022	741160	338	23280	47540
Mar 28 2022	726180	335	21101	35746
Mar 29 2022	698272	339	19660	47229
Mar 30 2022	666980	352	20145	51085
Mar 31 2022	635416	345	19277	50496
Apr 01 2022	608240	342	19164	45998
Apr 02 2022	581302	340	17949	44547
Apr 03 2022	562131	304	16828	35695
Apr 04 2022	544285	287	15291	32850
Apr 05 2022	520457	316	13947	37459
Apr 06 2022	499521	291	14661	35306
Apr 07 2022	478285	287	14355	35304
Apr 08 2022	454632	280	14311	37684
Apr 09 2022	427817	288	13573	40100
Apr 10 2022	411242	259	13056	29372
Apr 11 2022	396094	248	11855	26755
Apr 12 2022	375452	281	10910	31271
Apr 13 2022	358804	267	11754	28135
Apr 14 2022	348045	254	11348	21853
Apr 15 2022	339693	261	11432	19523
Apr 16 2022	331542	240	11095	19006
Apr 17 2022	325076	233	10263	16496
Apr 18 2022	319973	213	9434	14324
Apr 19 2022	311615	235	8640	16763
Apr 20 2022	304387	223	9195	16200
Apr 21 2022	298883	197	8875	14182
Apr 22 2022	294209	195	9001	13480
Apr 23 2022	289837	171	8829	13030
Apr 24 2022	287607	168	8446	10508
Apr 25 2022	286244	159	7651	8855
Apr 26 2022	281276	176	7107	11899
Apr 27 2022	277341	163	7705	11477
Apr 28 2022	273793	166	7681	11063
Apr 29 2022	270301	161	7710	11041
Apr 30 2022	266485	157	7363	11022
May 01 2022	264652	147	7047	8733
May 02 2022	263221	136	6207	7502
May 03 2022	261510	125	5466	7052
May 04 2022	259810	129	5093	6664
May 05 2022	255959	139	5011	8723
May 06 2022	251956	136	5541	9408
May 07 2022	248675	132	5500	8649
May 08 2022	247322	118	5447	6682
May 09 2022	246290	103	5030	5959
May 10 2022	245706	101	4531	5014
May 11 2022	244667	98	4102	5043
May 12 2022	241691	111	4065	6930
May 13 2022	239225	105	4896	7257
May 14 2022	236787	107	5047	7378
May 15 2022	235444	99	4956	6200
May 16 2022	234519	89	4543	5379
May 17 2022	232547	110	4122	5984
May 18 2022	231039	106	4732	6134
May 19 2022	229917	97	4927	5952
May 20 2022	228737	96	5089	6173
May 21 2022	227381	102	5034	6288
May 22 2022	226197	80	4710	5814
May 23 2022	225162	76	4158	5117
May 24 2022	222505	90	3785	6352
May 25 2022	220287	93	4580	6705
May 26 2022	218441	91	4700	6455
May 27 2022	216912	84	4619	6064
May 28 2022	215538	86	4556	5844
May 29 2022	215230	85	4188	4411
May 30 2022	214938	74	3801	4019
May 31 2022	212890	88	3526	5486
Jun 01 2022	211330	83	4151	5628
Jun 02 2022	210531	85	4262	4976
Jun 03 2022	209407	78	4188	5234
Jun 04 2022	208294	82	4101	5132
Jun 05 2022	208070	75	3786	3935
Jun 06 2022	207863	64	3349	3492
Jun 07 2022	205914	73	3259	5135
Jun 08 2022	204744	79	3646	4737
Jun 09 2022	204144	77	3774	4297
Jun 10 2022	203420	70	3678	4332
Jun 11 2022	202148	72	3627	4827
Jun 12 2022	202006	65	3403	3480
Jun 13 2022	201262	56	2996	3684
Jun 14 2022	200674	61	2797	3324
Jun 15 2022	198798	66	2718	4528
Jun 16 2022	197358	67	3326	4699
Jun 17 2022	196440	63	3373	4228
Jun 18 2022	195383	68	3382	4371
Jun 19 2022	195123	62	3081	3279
Jun 20 2022	195013	54	2667	2723
Jun 21 2022	194013	60	2500	3440
Jun 22 2022	193238	66	3058	3767
Jun 23 2022	192819	68	3166	3517
Jun 24 2022	192683	65	3154	3225
Jun 25 2022	192240	61	3072	3454
Jun 26 2022	192476	55	3004	2713
Jun 27 2022	192753	51	2683	2355
Jun 28 2022	191821	59	2541	3414
Jun 29 2022	191115	54	3028	3680
Jun 30 2022	190910	56	3106	3255
Jul 01 2022	190624	53	3155	3388
Jul 02 2022	190370	51	3285	3488
Jul 03 2022	190808	47	3080	2595
Jul 04 2022	191355	43	2866	2276
Jul 05 2022	190371	48	2676	3612
Jul 06 2022	190040	44	3150	3437
Jul 07 2022	190169	52	3359	3178
Jul 08 2022	190797	49	3464	2787
Jul 09 2022	191205	45	3539	3086
Jul 10 2022	192068	39	3398	2496
Jul 11 2022	192831	38	3097	2296
Jul 12 2022	192576	48	3002	3209
Jul 13 2022	193100	42	3929	3363
Jul 14 2022	194205	43	4238	3090
Jul 15 2022	195693	40	4457	2929
Jul 16 2022	197471	41	4698	2879
Jul 17 2022	199606	46	4664	2483
Jul 18 2022	201588	35	4548	2531
Jul 19 2022	201558	44	4200	4186
Jul 20 2022	202889	37	5685	4317
Jul 21 2022	204709	42	6391	4529
Jul 22 2022	206640	41	6659	4687
Jul 23 2022	208752	38	6953	4803
Jul 24 2022	211426	37	7523	4812
Jul 25 2022	213729	34	6571	4234
Jul 26 2022	214443	47	6183	5422
Jul 27 2022	218319	36	9027	5115
Jul 28 2022	224775	41	11515	5018
Jul 29 2022	231488	39	11422	4670
Jul 30 2022	237484	43	12248	6209
Jul 31 2022	243888	38	12498	6056
Aug 01 2022	248599	36	10824	6077
Aug 02 2022	249538	48	9560	8573
Aug 03 2022	253867	43	14638	10266
Aug 04 2022	261197	44	17126	9752
Aug 05 2022	269888	47	18555	9817
Aug 06 2022	279073	46	19974	10743
Aug 07 2022	290603	44	20303	8729
Aug 08 2022	299699	45	17862	8721
Aug 09 2022	302872	60	16325	13092
Aug 10 2022	312035	56	23771	14552
Aug 11 2022	323577	52	25815	14221
Aug 12 2022	337010	57	27810	14320
Aug 13 2022	348770	60	28694	16874
Aug 14 2022	362756	54	28982	14942
Aug 15 2022	372566	53	25273	15410
Aug 16 2022	375833	59	23909	20583
Aug 17 2022	386196	63	33106	22680
Aug 18 2022	400452	62	35809	21491
Aug 19 2022	416109	65	37609	21887
Aug 20 2022	431828	69	40010	24222
Aug 21 2022	449197	64	39669	22236
Aug 22 2022	459920	57	33061	22281
Aug 23 2022	459949	69	30967	30869
Aug 24 2022	467232	72	40231	32876
Aug 25 2022	480305	71	43919	30775
Aug 26 2022	492967	81	46452	33709
Aug 27 2022	507328	90	47093	32642
Aug 28 2022	525879	83	46857	28223
Aug 29 2022	540570	77	39658	24890
Aug 30 2022	540814	94	37067	36729
Aug 31 2022	547989	92	46321	39054
Sep 01 2022	558715	95	49761	38940
Sep 02 2022	572564	91	50952	37012
Sep 03 2022	585791	92	51699	38380
Sep 04 2022	598014	87	48042	35732
Sep 05 2022	608925	76	41690	30703
Sep 06 2022	601026	95	38500	46304
Sep 07 2022	596279	94	47958	52611
Sep 08 2022	596511	93	50618	50293
Sep 09 2022	597435	96	52106	51086
Sep 10 2022	604801	97	53486	46023
Sep 11 2022	620256	86	52829	37288
Sep 12 2022	631003	81	46488	35660
Sep 13 2022	626760	101	44045	48187
Sep 14 2022	628146	98	51735	50251
Sep 15 2022	634421	99	56126	49752
Sep 16 2022	643326	110	59035	50020
Sep 17 2022	651562	107	58305	49962
Sep 18 2022	666014	101	56751	42198
Sep 19 2022	676816	91	49488	38595
Sep 20 2022	670998	98	46474	52194
Sep 21 2022	664218	107	53045	59718
Sep 22 2022	660550	106	53457	57019
Sep 23 2022	656156	104	53335	57625
Sep 24 2022	648902	111	51269	58412
Sep 25 2022	649657	95	46758	45908
Sep 26 2022	645503	85	40188	44257
Sep 27 2022	622460	101	36605	59547
Sep 28 2022	600851	111	40017	61515
Sep 29 2022	581544	109	38739	57937
Sep 30 2022	557499	106	37286	61225
Oct 01 2022	537954	103	33186	52628
Oct 02 2022	520951	96	30085	46992
Oct 03 2022	509724	91	24158	35294
Oct 04 2022	485867	107	21687	45437
Oct 05 2022	464817	113	23757	44694
Oct 06 2022	446218	108	23045	41536
Oct 07 2022	428809	104	22268	39573
Oct 08 2022	410985	106	20571	38289
Oct 09 2022	400909	102	18819	28793
Oct 10 2022	391655	96	15661	24819
Oct 11 2022	374007	109	13970	31509
Oct 12 2022	359133	105	15640	30409
Oct 13 2022	343716	101	15477	30793
Oct 14 2022	330833	99	14736	27520
Oct 15 2022	317989	98	13384	26130
Oct 16 2022	311808	94	12354	18441
Oct 17 2022	307606	92	10403	14513
Oct 18 2022	296737	91	9474	20252
Oct 19 2022	286442	92	10656	20859
Oct 20 2022	278067	90	10067	18352
Oct 21 2022	272063	93	9761	15672
Oct 22 2022	266286	90	9348	15035
Oct 23 2022	264292	88	8672	10578
Oct 24 2022	263203	89	7329	8329
Oct 25 2022	256785	84	6578	12912
Oct 26 2022	252706	80	7518	11517
Oct 27 2022	248433	82	7849	12040
Oct 28 2022	244276	78	7606	11685
Oct 29 2022	239777	79	7107	11527
Oct 30 2022	237497	75	6803	9008
Oct 31 2022	236134	71	5781	7073
Nov 01 2022	232006	72	5252	9308
Nov 02 2022	228082	68	6385	10241
Nov 03 2022	224610	73	6375	9774
Nov 04 2022	221429	71	6149	9259
Nov 05 2022	219160	67	5617	7819
Nov 06 2022	217929	62	4566	5735
Nov 07 2022	217345	61	4421	4944
Nov 08 2022	213479	63	4320	8123
Nov 09 2022	210260	62	5335	8492
Nov 10 2022	208170	61	5594	7623
Nov 11 2022	207444	67	5554	6213
Nov 12 2022	207179	62	5514	5717
Nov 13 2022	207411	60	5364	5072
Nov 14 2022	207468	61	4578	4460
Nov 15 2022	205481	64	4431	6354
Nov 16 2022	203892	63	5380	6906
Nov 17 2022	202776	61	5680	6735
Nov 18 2022	201374	60	5546	6888
Nov 19 2022	200136	62	5445	6621
Nov 20 2022	200851	59	5217	4443
Nov 21 2022	201294	55	4662	4164
Nov 22 2022	199251	59	4460	6444
Nov 23 2022	198043	54	5631	6785
Nov 24 2022	197657	58	5784	6112
Nov 25 2022	198256	56	5992	5337
Nov 26 2022	199203	53	6088	5088
Nov 27 2022	200896	51	5918	4174
Nov 28 2022	201632	50	5048	4262
Nov 29 2022	200644	53	4928	5863
Nov 30 2022	201116	59	6088	5557
Dec 01 2022	201978	58	6785	5865
Dec 02 2022	202958	57	6721	5684
Dec 03 2022	204436	59	6669	5132
Dec 04 2022	206390	55	6598	4589
Dec 05 2022	207358	52	5667	4647
Dec 06 2022	206170	59	5561	6690
Dec 07 2022	206253	58	6935	6794
Dec 08 2022	207314	54	7430	6315
Dec 09 2022	208733	52	7465	5994
Dec 10 2022	209630	54	7397	6446
Dec 11 2022	210957	51	7096	5718
Dec 12 2022	212251	50	6376	5032
Dec 13 2022	211331	59	5977	6838
Dec 14 2022	211133	55	7532	7675
Dec 15 2022	211370	57	7833	7539
Dec 16 2022	212369	59	8451	7393
Dec 17 2022	212573	58	7531	7269
Dec 18 2022	213406	51	7222	6338
Dec 19 2022	214133	50	6341	5564
Dec 20 2022	211961	57	5994	8109
Dec 21 2022	210985	59	7442	8359
Dec 22 2022	209139	54	7451	9243
Dec 23 2022	208216	57	7409	8275
Dec 24 2022	207144	54	6986	8004
Dec 25 2022	207511	52	6595	6176
Dec 26 2022	207219	50	5335	5577
Dec 27 2022	204665	59	5197	7692
Dec 28 2022	202701	56	6202	8110
Dec 29 2022	200976	56	6146	7815
Dec 30 2022	199041	50	5810	7695
Dec 31 2022	196995	58	5527	7515
Jan 01 2023	196700	50	5038	5283
Jan 02 2023	196052	43	3884	4489
Jan 03 2023	193602	48	3080	5482
Jan 04 2023	191943	45	3328	4942
Jan 05 2023	190451	47	3274	4719
Jan 06 2023	189164	41	3439	4685
Jan 07 2023	187955	49	3303	4463
Jan 08 2023	187343	45	3127	3694
Jan 09 2023	187066	41	2754	2990
Jan 10 2023	184989	47	3032	5062
Jan 11 2023	184022	46	4201	5122
Jan 12 2023	184108	48	4675	4541
Jan 13 2023	184868	47	5078	4271
Jan 14 2023	186037	46	5102	3887
Jan 15 2023	187575	43	4789	3208
Jan 16 2023	188358	40	4289	3466
Jan 17 2023	187422	45	4042	4933
Jan 18 2023	187826	46	5478	5028
Jan 19 2023	188546	40	5914	5154
Jan 20 2023	189885	41	6078	4698
Jan 21 2023	191270	43	6014	4586
Jan 22 2023	192937	41	5729	4021
Jan 23 2023	193975	41	4719	3640
Jan 24 2023	193169	42	4702	5466
Jan 25 2023	194025	44	6442	5542
Jan 26 2023	195792	40	7077	5270
Jan 27 2023	198039	41	7164	4876
Jan 28 2023	200832	42	7219	4384
Jan 29 2023	204121	40	6941	3612
Jan 30 2023	206201	38	5979	3861
Jan 31 2023	205846	45	5792	6102
Feb 01 2023	207580	41	8504	6729
Feb 02 2023	210806	40	9287	6021
Feb 03 2023	214119	46	9670	6311
Feb 04 2023	217426	40	9681	6334
Feb 05 2023	221591	45	9410	5200
Feb 06 2023	224625	40	8084	5010
Feb 07 2023	223742	43	7615	8455
Feb 08 2023	225983	44	10389	8104
Feb 09 2023	229558	41	12301	8685
Feb 10 2023	234410	37	12392	7503
Feb 11 2023	238961	36	12845	8258
Feb 12 2023	244472	31	12347	6805
Feb 13 2023	248964	30	11006	6484
Feb 14 2023	248335	35	9826	10420
Feb 15 2023	249664	36	13436	12071
Feb 16 2023	253227	37	14740	11140
Feb 17 2023	257303	38	15359	11245
Feb 18 2023	261146	36	15318	11439
Feb 19 2023	266027	36	14233	9316
Feb 20 2023	269675	30	12076	8398
Feb 21 2023	266920	38	11277	13994
Feb 22 2023	265432	34	13954	15408
Feb 23 2023	265088	37	14721	15028
Feb 24 2023	266267	32	13829	12618
Feb 25 2023	266096	34	11071	11208
Feb 26 2023	265865	31	9574	9774
Feb 27 2023	266165	30	9580	9250
Feb 28 2023	261518	35	9753	14365
Mar 01 2023	258362	37	13438	16557
Mar 02 2023	258482	39	14096	13937
Mar 03 2023	261446	40	14516	11512
Mar 04 2023	263994	39	14049	11462
Mar 05 2023	268574	43	13559	8936
Mar 06 2023	270533	38	11163	9166
Mar 07 2023	266567	42	10449	14373
Mar 08 2023	262405	45	12320	16437
Mar 09 2023	262325	40	12496	12536
Mar 10 2023	257929	44	10311	14663
Mar 11 2023	255647	42	12241	14481
Mar 12 2023	256377	37	11985	11218
Mar 13 2023	257135	34	10268	9476
Mar 14 2023	254211	44	9526	12406
Mar 15 2023	252136	32	12046	14089
Mar 16 2023	253747	38	13009	11360
Mar 17 2023	254478	35	12915	12149
Mar 18 2023	255300	32	13009	12155
Mar 19 2023	257785	33	12333	9815
Mar 20 2023	259471	31	10310	8593
Mar 21 2023	255465	34	9373	13345
Mar 22 2023	252297	39	12001	15130
Mar 23 2023	251014	36	12512	13759
Mar 24 2023	250029	35	12493	13443
Mar 25 2023	249830	37	12382	12544
Mar 26 2023	250839	32	10940	9899
Mar 27 2023	251637	31	8989	8160
Mar 28 2023	249034	37	8447	11013
Mar 29 2023	247532	33	11128	12597
Mar 30 2023	245783	32	10750	12467
Mar 31 2023	243840	34	11065	12974
Apr 01 2023	241466	36	9946	12284
Apr 02 2023	241193	31	9591	9833
Apr 03 2023	241258	34	7836	7737
Apr 04 2023	236097	38	7141	12264
Apr 05 2023	232890	36	8636	11807
Apr 06 2023	231343	39	9371	10879
Apr 07 2023	229535	38	8915	10685
Apr 08 2023	228497	37	8955	9956
Apr 09 2023	229162	36	8008	7307
Apr 10 2023	228769	34	6622	6981
Apr 11 2023	224891	38	5932	9772
Apr 12 2023	220984	39	7282	11150
Apr 13 2023	219021	37	7892	9818
Apr 14 2023	217463	35	8082	9605
Apr 15 2023	216140	37	7445	8731
Apr 16 2023	216355	38	7094	6841
Apr 17 2023	216164	36	5789	5944
Apr 18 2023	212968	37	5257	8416
Apr 19 2023	210734	38	6305	8501
Apr 20 2023	209988	35	7041	7752
Apr 21 2023	209662	33	7116	7409
Apr 22 2023	209244	34	7030	7414
Apr 23 2023	210092	32	6389	5509
Apr 24 2023	210599	34	5458	4917
Apr 25 2023	208260	35	5093	7397
Apr 26 2023	206657	33	6012	7582
Apr 27 2023	205914	33	6503	7213
Apr 28 2023	204656	31	6548	7775
Apr 29 2023	203428	32	5990	7186
Apr 30 2023	203010	34	5341	5725
May 01 2023	202540	31	4242	4681
May 02 2023	201411	30	3404	4503
May 03 2023	198043	33	3214	6549
May 04 2023	194802	32	4273	7482
May 05 2023	192318	32	4215	6667
May 06 2023	189954	33	4281	6612
May 07 2023	188987	29	3811	4749
May 08 2023	188421	28	3118	3656
May 09 2023	187970	25	2726	3152
May 10 2023	187073	24	2405	3278
May 11 2023	184404	28	2344	4985
May 12 2023	181900	28	3111	5587
May 13 2023	179878	27	3027	5022
May 14 2023	179356	25	2996	3493
May 15 2023	178807	26	2379	2902
May 16 2023	178807	0	0	0
May 17 2023	178807	0	0	0
May 18 2023	178807	0	0	0
May 19 2023	178807	0	0	0
May 20 2023	178807	0	0	0
May 21 2023	178807	0	0	0
May 22 2023	178807	0	0	0
May 23 2023	172124	183	17118	23618
May 24 2023	172124	0	0	0
May 25 2023	172124	0	0	0
May 26 2023	172124	0	0	0
May 27 2023	172124	0	0	0
May 28 2023	172124	0	0	0
May 29 2023	172124	0	0	0
May 30 2023	168266	164	13655	17349
May 31 2023	168266	0	0	0
Jun 01 2023	168266	0	0	0
Jun 02 2023	168266	0	0	0
Jun 03 2023	168266	0	0	0
Jun 04 2023	168266	0	0	0
Jun 05 2023	168266	0	0	0
Jun 06 2023	163969	143	10930	15084
Jun 07 2023	163969	0	0	0
Jun 08 2023	163969	0	0	0
Jun 09 2023	163969	0	0	0
Jun 10 2023	163969	0	0	0
Jun 11 2023	163969	0	0	0
Jun 12 2023	163969	0	0	0
Jun 13 2023	160607	113	6785	10034
Jun 14 2023	160607	0	0	0
Jun 15 2023	160607	0	0	0
Jun 16 2023	160607	0	0	0
Jun 17 2023	160607	0	0	0
Jun 18 2023	160607	0	0	0
Jun 19 2023	160607	0	0	0
Jun 20 2023	158828	97	4166	5848
Jun 21 2023	158828	0	0	0
Jun 22 2023	158828	0	0	0
Jun 23 2023	158828	0	0	0
Jun 24 2023	158828	0	0	0
Jun 25 2023	158828	0	0	0
Jun 26 2023	157111	127	5789	7379
Jun 27 2023	157111	0	0	0
Jun 28 2023	157111	0	0	0
Jun 29 2023	157111	0	0	0
Jun 30 2023	157111	0	0	0
Jul 01 2023	157111	0	0	0
Jul 02 2023	157111	0	0	0
Jul 03 2023	157111	0	0	0
Jul 04 2023	155331	86	4490	6184
Jul 05 2023	155331	0	0	0
Jul 06 2023	155331	0	0	0
Jul 07 2023	155331	0	0	0
Jul 08 2023	155331	0	0	0
Jul 09 2023	155331	0	0	0
Jul 10 2023	155331	0	0	0
Jul 11 2023	153018	66	4030	6277
Jul 12 2023	153018	0	0	0
Jul 13 2023	153018	0	0	0
Jul 14 2023	153018	0	0	0
Jul 15 2023	153018	0	0	0
Jul 16 2023	153018	0	0	0
Jul 17 2023	153018	0	0	0
Jul 18 2023	151707	57	3389	4643
Jul 19 2023	151707	0	0	0
Jul 20 2023	151707	0	0	0
Jul 21 2023	151707	0	0	0
Jul 22 2023	151707	0	0	0
Jul 23 2023	151707	0	0	0
Jul 24 2023	151707	0	0	0
Jul 25 2023	149765	42	3182	5082
Jul 26 2023	149765	0	0	0
Jul 27 2023	149765	0	0	0
Jul 28 2023	149765	0	0	0
Jul 29 2023	149765	0	0	0
Jul 30 2023	149765	0	0	0
Jul 31 2023	149765	0	0	0
Aug 01 2023	147298	40	2985	5412
Aug 02 2023	147298	0	0	0
Aug 03 2023	147298	0	0	0
Aug 04 2023	147298	0	0	0
Aug 05 2023	147298	0	0	0
Aug 06 2023	147298	0	0	0
Aug 07 2023	147298	0	0	0
Aug 08 2023	146251	43	2932	3936
Aug 09 2023	146251	0	0	0
Aug 10 2023	146251	0	0	0
Aug 11 2023	146251	0	0	0
Aug 12 2023	146251	0	0	0
Aug 13 2023	146251	0	0	0
Aug 14 2023	146251	0	0	0
Aug 15 2023	146221	41	2944	2933
Aug 16 2023	146221	0	0	0
Aug 17 2023	146221	0	0	0
Aug 18 2023	146221	0	0	0
Aug 19 2023	146221	0	0	0
Aug 20 2023	146221	0	0	0
Aug 21 2023	146221	0	0	0
Aug 22 2023	146796	34	3378	2769
Aug 23 2023	146796	0	0	0
Aug 24 2023	146796	0	0	0
Aug 25 2023	146796	0	0	0
Aug 26 2023	146796	0	0	0
Aug 27 2023	146796	0	0	0
Aug 28 2023	146796	0	0	0
Aug 29 2023	145869	11	3104	4020
Aug 30 2023	145869	0	0	0
Aug 31 2023	145869	0	0	0
Sep 01 2023	145869	0	0	0
Sep 02 2023	145869	0	0	0
Sep 03 2023	145869	0	0	0
Sep 04 2023	146785	0	916	0
Sep 05 2023	149247	16	5217	2739
Sep 06 2023	149247	0	0	0
Sep 07 2023	149247	0	0	0
Sep 08 2023	149247	0	0	0
Sep 09 2023	149247	0	0	0
Sep 10 2023	149247	0	0	0
Sep 11 2023	149247	0	0	0
Sep 12 2023	152416	10	7688	4509
Sep 13 2023	152416	0	0	0
Sep 14 2023	152416	0	0	0
Sep 15 2023	152416	0	0	0
Sep 16 2023	152416	0	0	0
Sep 17 2023	152416	0	0	0
Sep 18 2023	152416	0	0	0
Sep 19 2023	156638	14	11516	7280
Sep 20 2023	156638	0	0	0
Sep 21 2023	156638	0	0	0
Sep 22 2023	156638	0	0	0
Sep 23 2023	156638	0	0	0
Sep 24 2023	156638	0	0	0
Sep 25 2023	156638	0	0	0
Sep 26 2023	160722	24	14435	10327
Sep 27 2023	160722	0	0	0
Sep 28 2023	160722	0	0	0
Sep 29 2023	160722	0	0	0
Sep 30 2023	160722	0	0	0
Oct 01 2023	160722	0	0	0
Oct 02 2023	160722	0	0	0
Oct 03 2023	160722	0	0	0
Oct 04 2023	163608	30	16429	13513
Oct 05 2023	163608	0	0	0
Oct 06 2023	163608	0	0	0
Oct 07 2023	163608	0	0	0
Oct 08 2023	163608	0	0	0
Oct 09 2023	163608	0	0	0
Oct 10 2023	163413	25	16127	16297
Oct 11 2023	163413	0	0	0
Oct 12 2023	163413	0	0	0
Oct 13 2023	163413	0	0	0
Oct 14 2023	163413	0	0	0
Oct 15 2023	163413	0	0	0
Oct 16 2023	163413	0	0	0
Oct 17 2023	164350	43	16852	15872
Oct 18 2023	164350	0	0	0
Oct 19 2023	164350	0	0	0
Oct 20 2023	164350	0	0	0
Oct 21 2023	164350	0	0	0
Oct 22 2023	164350	0	0	0
Oct 23 2023	164350	0	0	0
Oct 24 2023	168500	50	19922	15722
Oct 25 2023	168500	0	0	0
Oct 26 2023	168500	0	0	0
Oct 27 2023	168500	0	0	0
Oct 28 2023	168500	0	0	0
Oct 29 2023	168500	0	0	0
Oct 30 2023	168500	0	0	0
Oct 31 2023	173668	61	25983	20754
Nov 01 2023	173668	0	0	0
Nov 02 2023	173668	0	0	0
Nov 03 2023	173668	0	0	0
Nov 04 2023	173668	0	0	0
Nov 05 2023	173668	0	0	0
Nov 06 2023	173668	0	0	0
Nov 07 2023	184803	63	34191	22993
Nov 08 2023	184803	0	0	0
Nov 09 2023	184803	0	0	0
Nov 10 2023	184803	0	0	0
Nov 11 2023	184803	0	0	0
Nov 12 2023	184803	0	0	0
Nov 13 2023	184803	0	0	0
Nov 14 2023	196126	76	41386	29987
Nov 15 2023	196126	0	0	0
Nov 16 2023	196126	0	0	0
Nov 17 2023	196126	0	0	0
Nov 18 2023	196126	0	0	0
Nov 19 2023	196126	0	0	0
Nov 20 2023	196126	0	0	0
Nov 21 2023	214452	93	58150	39731
Nov 22 2023	214452	0	0	0
Nov 23 2023	214452	0	0	0
Nov 24 2023	214452	0	0	0
Nov 25 2023	214452	0	0	0
Nov 26 2023	214452	0	0	0
Nov 27 2023	214452	0	0	0
Nov 28 2023	236671	90	77106	54797
Nov 29 2023	236671	0	0	0
Nov 30 2023	236671	0	0	0
Dec 01 2023	236671	0	0	0
Dec 02 2023	236671	0	0	0
Dec 03 2023	236671	0	0	0
Dec 04 2023	236671	0	0	0
Dec 05 2023	261976	138	95079	69636
Dec 06 2023	261976	0	0	0
Dec 07 2023	261976	0	0	0
Dec 08 2023	261976	0	0	0
Dec 09 2023	261976	0	0	0
Dec 10 2023	261976	0	0	0
Dec 11 2023	261976	0	0	0
Dec 12 2023	271657	148	107174	97345
Dec 13 2023	271657	0	0	0
Dec 14 2023	271657	0	0	0
Dec 15 2023	271657	0	0	0
Dec 16 2023	271657	0	0	0
Dec 17 2023	271657	0	0	0
Dec 18 2023	271657	0	0	0
Dec 19 2023	263644	164	96903	104752
Dec 20 2023	263644	0	0	0
Dec 21 2023	263644	0	0	0
Dec 22 2023	263644	0	0	0
Dec 23 2023	263644	0	0	0
Dec 24 2023	263644	0	0	0
Dec 25 2023	263644	0	0	0
Dec 26 2023	244238	186	79032	98252
Dec 27 2023	244238	0	0	0
Dec 28 2023	244238	0	0	0
Dec 29 2023	244238	0	0	0
Dec 30 2023	244238	0	0	0
Dec 31 2023	244238	0	0	0
Jan 01 2024	244238	0	0	0
Jan 02 2024	213405	206	58797	89424
Jan 03 2024	213405	0	0	0
Jan 04 2024	213405	0	0	0
Jan 05 2024	213405	0	0	0
Jan 06 2024	213405	0	0	0
Jan 07 2024	213405	0	0	0
Jan 08 2024	213405	0	0	0
Jan 09 2024	198246	123	25922	40958
Jan 10 2024	198246	0	0	0
Jan 11 2024	198246	0	0	0
Jan 12 2024	198246	0	0	0
Jan 13 2024	198246	0	0	0
Jan 14 2024	198246	0	0	0
Jan 15 2024	198246	0	0	0
Jan 16 2024	185346	150	26993	39743
Jan 17 2024	185346	0	0	0
Jan 18 2024	185346	0	0	0
Jan 19 2024	185346	0	0	0
Jan 20 2024	185346	0	0	0
Jan 21 2024	185346	0	0	0
Jan 22 2024	185346	0	0	0
Jan 23 2024	181576	141	26000	29629
Jan 24 2024	181576	0	0	0
Jan 25 2024	181576	0	0	0
Jan 26 2024	181576	0	0	0
Jan 27 2024	181576	0	0	0
Jan 28 2024	181576	0	0	0
Jan 29 2024	181576	0	0	0
Jan 30 2024	179387	111	24288	26366
Jan 31 2024	179387	0	0	0
Feb 01 2024	179387	0	0	0
Feb 02 2024	179387	0	0	0
Feb 03 2024	179387	0	0	0
Feb 04 2024	179387	0	0	0
Feb 05 2024	179387	0	0	0
Feb 06 2024	180777	107	25751	24254
Feb 07 2024	180777	0	0	0
Feb 08 2024	180777	0	0	0
Feb 09 2024	180777	0	0	0
Feb 10 2024	180777	0	0	0
Feb 11 2024	180777	0	0	0
Feb 12 2024	180777	0	0	0
Feb 13 2024	183421	106	27400	24650
Feb 14 2024	183421	0	0	0
Feb 15 2024	183421	0	0	0
Feb 16 2024	183421	0	0	0
Feb 17 2024	183421	0	0	0
Feb 18 2024	183421	0	0	0
Feb 19 2024	183421	0	0	0
Feb 20 2024	184103	106	28257	27469
Feb 21 2024	184103	0	0	0
Feb 22 2024	184103	0	0	0
Feb 23 2024	184103	0	0	0
Feb 24 2024	184103	0	0	0
Feb 25 2024	184103	0	0	0
Feb 26 2024	184103	0	0	0
Feb 27 2024	183731	65	26623	26930
Feb 28 2024	183731	0	0	0
Feb 29 2024	183731	0	0	0
Mar 01 2024	183731	0	0	0
Mar 02 2024	183731	0	0	0
Mar 03 2024	183731	0	0	0
Mar 04 2024	183731	0	0	0
Mar 05 2024	182535	70	25835	26961
Mar 06 2024	182535	0	0	0
Mar 07 2024	182535	0	0	0
Mar 08 2024	182535	0	0	0
Mar 09 2024	182535	0	0	0
Mar 10 2024	182535	0	0	0
Mar 11 2024	182535	0	0	0
Mar 12 2024	181240	65	24099	25329
Mar 13 2024	181240	0	0	0
Mar 14 2024	181240	0	0	0
Mar 15 2024	181240	0	0	0
Mar 16 2024	181240	0	0	0
Mar 17 2024	181240	0	0	0
Mar 18 2024	181240	0	0	0
Mar 19 2024	180469	77	24056	24750
Mar 20 2024	180469	0	0	0
Mar 21 2024	180469	0	0	0
Mar 22 2024	180469	0	0	0
Mar 23 2024	180469	0	0	0
Mar 24 2024	180469	0	0	0
Mar 25 2024	180469	0	0	0
Mar 26 2024	179852	71	24912	25458
Mar 27 2024	179852	0	0	0
