Date	Active Cases	Daily Death	New cases	Recoverd Cases
Feb 15 2020	0	0	0	0
Feb 16 2020	0	0	0	0
Feb 17 2020	0	0	0	0
Feb 18 2020	0	0	0	0
Feb 19 2020	0	0	0	0
Feb 20 2020	0	0	0	0
Feb 21 2020	0	0	0	0
Feb 22 2020	0	0	0	0
Feb 23 2020	0	0	0	0
Feb 24 2020	0	0	0	0
Feb 25 2020	0	0	0	0
Feb 26 2020	0	0	0	0
Feb 27 2020	0	0	0	0
Feb 28 2020	0	0	0	0
Feb 29 2020	0	0	0	0
Mar 01 2020	0	0	0	0
Mar 02 2020	0	0	0	0
Mar 03 2020	0	0	0	0
Mar 04 2020	0	0	0	0
Mar 05 2020	0	0	0	0
Mar 06 2020	0	0	0	0
Mar 07 2020	0	0	0	0
Mar 08 2020	0	0	0	0
Mar 09 2020	0	0	0	0
Mar 10 2020	1	0	0	0
Mar 11 2020	13	1	13	0
Mar 12 2020	13	0	0	0
Mar 13 2020	26	0	13	0
Mar 14 2020	42	0	16	0
Mar 15 2020	54	0	12	0
Mar 16 2020	68	0	14	0
Mar 17 2020	68	0	0	0
Mar 18 2020	108	0	40	0
Mar 19 2020	135	0	28	1
Mar 20 2020	198	0	63	0
Mar 21 2020	241	2	45	0
Mar 22 2020	309	0	68	0
Mar 23 2020	338	3	32	0
Mar 24 2020	436	0	98	0
Mar 25 2020	548	2	115	1
Mar 26 2020	663	1	116	0
Mar 27 2020	770	5	112	0
Mar 28 2020	880	3	115	2
Mar 29 2020	961	7	88	0
Mar 30 2020	1039	3	86	5
Mar 31 2020	1142	3	106	0
Apr 01 2020	1276	2	136	0
Apr 02 2020	1429	5	158	0
Apr 03 2020	1622	4	198	1
Apr 04 2020	1742	5	128	3
Apr 05 2020	1742	0	0	0
Apr 06 2020	2031	9	299	1
Apr 07 2020	2031	0	0	0
Apr 08 2020	2449	8	428	2
Apr 09 2020	2670	3	224	0
Apr 10 2020	2883	8	222	1
Apr 11 2020	3132	5	260	6
Apr 12 2020	3284	8	166	6
Apr 13 2020	3317	7	72	32
Apr 14 2020	3407	1	102	11
Apr 15 2020	3573	8	177	3
Apr 16 2020	3573	0	0	0
Apr 17 2020	3809	6	265	23
Apr 18 2020	3972	7	194	24
Apr 19 2020	4013	4	63	18
Apr 20 2020	4176	6	194	25
Apr 21 2020	4318	10	191	39
Apr 22 2020	4449	5	163	27
Apr 23 2020	4593	3	171	24
Apr 24 2020	4749	2	174	16
Apr 25 2020	4865	8	172	48
Apr 26 2020	5041	5	200	19
Apr 27 2020	5245	6	241	31
Apr 28 2020	5399	2	242	86
Apr 29 2020	5540	9	179	29
Apr 30 2020	5673	2	178	43
May 01 2020	5768	10	154	49
May 02 2020	5906	4	188	46
May 03 2020	6252	5	370	19
May 04 2020	6356	3	107	0
May 05 2020	6458	3	190	85
May 06 2020	6490	7	136	97
May 07 2020	6654	8	208	36
May 08 2020	6757	7	137	27
May 09 2020	6953	6	202	0
May 10 2020	3544	6	212	3615
May 11 2020	3517	7	166	186
May 12 2020	3680	5	168	0
May 13 2020	2510	3	167	1334
May 14 2020	2621	4	161	46
May 15 2020	2778	4	174	13
May 16 2020	2922	6	150	0
May 17 2020	3100	3	181	0
May 18 2020	3250	6	157	1
May 19 2020	3392	6	261	113
May 20 2020	3496	6	110	0
May 21 2020	3580	4	139	51
May 22 2020	3697	4	151	30
May 23 2020	3999	4	310	4
May 24 2020	4341	7	349	0
May 25 2020	4594	4	257	0
May 26 2020	4755	3	264	100
May 27 2020	4034	2	281	1000
May 28 2020	4432	5	403	0
May 29 2020	4665	6	400	161
May 30 2020	3274	4	487	1874
May 31 2020	3613	6	445	100
Jun 01 2020	3979	8	374	0
Jun 02 2020	4229	8	258	0
Jun 03 2020	4733	5	514	5
Jun 04 2020	5062	6	435	100
Jun 05 2020	5374	7	419	100
Jun 06 2020	5500	16	541	399
Jun 07 2020	5814	7	421	100
Jun 08 2020	6055	5	429	183
Jun 09 2020	6269	5	379	160
Jun 10 2020	6499	10	656	416
Jun 11 2020	7191	5	697	0
Jun 12 2020	5031	3	625	2782
Jun 13 2020	5871	8	848	0
Jun 14 2020	6483	8	627	7
Jun 15 2020	7208	11	736	0
Jun 16 2020	7731	9	540	8
Jun 17 2020	8353	13	635	0
Jun 18 2020	9094	5	754	8
Jun 19 2020	9430	10	923	577
Jun 20 2020	10370	8	948	0
Jun 21 2020	11170	8	808	0
Jun 22 2020	11567	20	722	305
Jun 23 2020	12084	15	562	30
Jun 24 2020	12689	11	716	100
Jun 25 2020	13673	17	1007	6
Jun 26 2020	14060	11	868	470
Jun 27 2020	14696	17	753	100
Jun 28 2020	15612	12	1028	100
Jun 29 2020	16570	16	1099	125
Jun 30 2020	17174	11	765	150
Jul 01 2020	17873	14	913	200
Jul 02 2020	18125	22	774	500
Jul 03 2020	18352	31	758	500
Jul 04 2020	18502	22	988	816
Jul 05 2020	19416	27	1166	225
Jul 06 2020	20528	23	1185	50
Jul 07 2020	20766	29	957	690
Jul 08 2020	20963	20	960	743
Jul 09 2020	20940	20	965	968
Jul 10 2020	20968	24	1041	989
Jul 11 2020	21269	30	1075	744
Jul 12 2020	21685	16	1301	869
Jul 13 2020	22322	23	1540	880
Jul 14 2020	22473	28	923	744
Jul 15 2020	22844	22	1147	754
Jul 16 2020	23531	18	1130	425
Jul 17 2020	23850	38	1035	678
Jul 18 2020	23696	33	853	974
Jul 19 2020	23890	25	1207	988
Jul 20 2020	24135	31	958	682
Jul 21 2020	23919	32	727	911
Jul 22 2020	23604	21	753	1047
Jul 23 2020	23780	29	911	706
Jul 24 2020	24039	41	1176	876
Jul 25 2020	24161	25	871	724
Jul 26 2020	24871	19	1432	703
Jul 27 2020	25034	28	1146	955
Jul 28 2020	24693	27	781	1095
Jul 29 2020	24579	25	1046	1135
Jul 30 2020	24576	23	922	902
Jul 31 2020	24669	24	1065	948
Aug 01 2020	24853	28	1127	915
Aug 02 2020	24944	22	1070	957
Aug 03 2020	24866	26	1003	1055
Aug 04 2020	24572	25	968	1237
Aug 05 2020	23886	31	807	1462
Aug 06 2020	24186	21	1187	866
Aug 07 2020	24294	17	1142	1017
Aug 08 2020	24558	18	1091	809
Aug 09 2020	24105	30	841	1264
Aug 10 2020	24220	25	902	762
Aug 11 2020	24119	16	1070	1155
Aug 12 2020	24077	23	913	932
Aug 13 2020	24514	19	1069	613
Aug 14 2020	24782	12	956	676
Aug 15 2020	25062	12	1263	971
Aug 16 2020	25172	21	1275	1144
Aug 17 2020	24910	21	603	844
Aug 18 2020	23790	21	247	1346
Aug 19 2020	23653	18	964	1083
Aug 20 2020	22837	17	101	900
Aug 21 2020	22811	15	537	548
Aug 22 2020	23074	19	1088	806
Aug 23 2020	23588	14	1420	892
Aug 24 2020	23394	14	585	765
Aug 25 2020	23703	13	896	574
Aug 26 2020	23555	13	701	836
Aug 27 2020	24038	16	900	401
Aug 28 2020	24056	18	642	606
Aug 29 2020	24235	17	713	517
Aug 30 2020	24323	12	728	628
Aug 31 2020	24807	7	917	426
Sep 01 2020	24560	16	570	801
Sep 02 2020	24567	12	532	513
Sep 03 2020	24670	16	830	711
Sep 04 2020	24791	17	682	544
Sep 05 2020	25007	12	709	481
Sep 06 2020	25296	11	738	438
Sep 07 2020	25232	13	535	586
Sep 08 2020	25549	8	829	504
Sep 09 2020	25507	9	635	668
Sep 10 2020	25385	11	673	784
Sep 11 2020	25332	13	615	655
Sep 12 2020	25410	15	711	618
Sep 13 2020	25472	11	704	631
Sep 14 2020	25249	7	459	675
Sep 15 2020	25053	14	628	810
Sep 16 2020	24481	11	634	1195
Sep 17 2020	24044	15	672	1094
Sep 18 2020	23557	16	741	1212
Sep 19 2020	23164	18	722	1097
Sep 20 2020	22581	10	602	1175
Sep 21 2020	22218	15	607	955
Sep 22 2020	21681	13	474	998
Sep 23 2020	21262	6	706	1119
Sep 24 2020	20935	6	736	1057
Sep 25 2020	20962	14	705	664
Sep 26 2020	20989	12	677	638
Sep 27 2020	21000	17	447	419
Sep 28 2020	21234	8	722	480
Sep 29 2020	21287	16	576	507
Sep 30 2020	21162	8	742	859
Oct 01 2020	21052	15	747	842
Oct 02 2020	20784	19	620	869
Oct 03 2020	21044	8	691	423
Oct 04 2020	21054	9	633	614
Oct 05 2020	21066	7	633	614
Oct 06 2020	21212	10	683	527
Oct 07 2020	21242	8	698	660
Oct 08 2020	21200	15	754	781
Oct 09 2020	21405	11	787	571
Oct 10 2020	21632	8	825	590
Oct 11 2020	21658	9	647	612
Oct 12 2020	21625	11	489	511
Oct 13 2020	21488	9	494	622
Oct 14 2020	21690	8	832	622
Oct 15 2020	21683	10	755	752
Oct 16 2020	21666	17	615	615
Oct 17 2020	21202	11	609	1062
Oct 18 2020	21140	7	638	693
Oct 19 2020	21062	10	436	504
Oct 20 2020	21126	11	558	483
Oct 21 2020	21113	12	696	697
Oct 22 2020	21217	15	792	673
Oct 23 2020	21259	10	639	587
Oct 24 2020	21325	6	649	577
Oct 25 2020	21336	5	685	669
Oct 26 2020	21403	5	551	479
Oct 27 2020	21332	12	671	730
Oct 28 2020	21193	13	825	951
Oct 29 2020	21025	15	798	951
Oct 30 2020	20810	10	822	1027
Oct 31 2020	20346	12	731	1183
Nov 01 2020	19996	6	738	1082
Nov 02 2020	19630	14	579	931
Nov 03 2020	19482	11	677	814
Nov 04 2020	19073	13	432	828
Nov 05 2020	18733	12	543	871
Nov 06 2020	19000	14	1193	912
Nov 07 2020	18902	11	746	833
Nov 08 2020	18959	17	1021	947
Nov 09 2020	18812	10	804	941
Nov 10 2020	18778	9	971	996
Nov 11 2020	18819	6	1163	1116
Nov 12 2020	18452	7	887	1247
Nov 13 2020	18392	26	1125	1159
Nov 14 2020	18171	11	832	1042
Nov 15 2020	18410	6	1344	1099
Nov 16 2020	18040	8	1014	1376
Nov 17 2020	17586	12	1054	1496
Nov 18 2020	17171	14	1112	1513
Nov 19 2020	16852	15	1256	1560
Nov 20 2020	16609	10	1200	1433
Nov 21 2020	16271	14	1288	1612
Nov 22 2020	15864	11	1206	1602
Nov 23 2020	15681	16	875	1042
Nov 24 2020	15937	13	1272	1003
Nov 25 2020	16174	16	1602	1349
Nov 26 2020	16293	16	1755	1620
Nov 27 2020	16668	12	1457	1070
Nov 28 2020	17542	9	1709	826
Nov 29 2020	18053	21	1276	744
Nov 30 2020	18265	19	1077	846
Dec 01 2020	18695	19	1505	1056
Dec 02 2020	19649	16	2028	1058
Dec 03 2020	19682	27	1880	1820
Dec 04 2020	20402	13	2388	1655
Dec 05 2020	21487	19	2300	1196
Dec 06 2020	21636	20	1812	1643
Dec 07 2020	21688	19	1511	1440
Dec 08 2020	22055	29	1936	1540
Dec 09 2020	22843	23	1811	1000
Dec 10 2020	24249	23	2447	1018
Dec 11 2020	25400	22	2355	1182
Dec 12 2020	26613	22	2806	1571
Dec 13 2020	27546	25	2422	1464
Dec 14 2020	27903	26	1612	1229
Dec 15 2020	28721	29	2368	1521
Dec 16 2020	29908	28	2960	1745
Dec 17 2020	31576	42	3348	1638
Dec 18 2020	32636	23	3015	1932
Dec 19 2020	34312	23	3274	1575
Dec 20 2020	35265	39	2755	1763
Dec 21 2020	35490	31	1699	1443
Dec 22 2020	37142	35	3164	1477
Dec 23 2020	38457	32	3059	1712
Dec 24 2020	39914	51	3413	1905
Dec 25 2020	41155	41	2986	1704
Dec 26 2020	41403	43	2064	1773
Dec 27 2020	41551	41	2633	2444
Dec 28 2020	42261	52	2348	1586
Dec 29 2020	44582	41	4574	2212
Dec 30 2020	46168	42	4465	2837
Dec 31 2020	47630	47	4046	2537
Jan 01 2021	47741	42	2943	2790
Jan 02 2021	47967	39	2031	1766
Jan 03 2021	47780	37	1972	2122
Jan 04 2021	48345	57	2494	1872
Jan 05 2021	49445	41	3540	2399
Jan 06 2021	52053	45	5186	2533
Jan 07 2021	52114	38	4135	4036
Jan 08 2021	53313	42	3946	2705
Jan 09 2021	54822	43	3735	2183
Jan 10 2021	55597	49	2424	1600
Jan 11 2021	56020	45	2157	1689
Jan 12 2021	56897	61	3740	2802
Jan 13 2021	56673	33	3315	3506
Jan 14 2021	55932	57	2877	3561
Jan 15 2021	54608	38	2307	3593
Jan 16 2021	54577	49	2677	2659
Jan 17 2021	54233	49	1750	2045
Jan 18 2021	53405	41	1342	2129
Jan 19 2021	53513	36	2173	2029
Jan 20 2021	52413	48	2243	3295
Jan 21 2021	50593	32	1975	3763
Jan 22 2021	49310	36	2041	3288
Jan 23 2021	48220	54	2058	3094
Jan 24 2021	47086	29	1393	2498
Jan 25 2021	45769	35	914	2196
Jan 26 2021	45202	39	1676	2204
Jan 27 2021	43690	39	1566	3039
Jan 28 2021	41975	20	1408	3103
Jan 29 2021	40852	25	1445	2543
Jan 30 2021	39403	23	1200	2626
Jan 31 2021	38692	26	926	1611
Feb 01 2021	37365	26	724	2025
Feb 02 2021	36035	43	1098	2385
Feb 03 2021	34718	27	1181	2471
Feb 04 2021	33608	25	1107	2192
Feb 05 2021	32215	35	998	2356
Feb 06 2021	30885	29	977	2278
Feb 07 2021	29309	25	627	2178
Feb 08 2021	27738	26	563	2108
Feb 09 2021	25295	25	822	3240
Feb 10 2021	23207	19	891	2960
Feb 11 2021	20893	22	708	3000
Feb 12 2021	18756	23	910	3024
Feb 13 2021	16775	26	707	2662
Feb 14 2021	14760	15	487	2487
Feb 15 2021	13254	6	500	2000
Feb 16 2021	12799	13	572	1014
Feb 17 2021	12035	17	504	1251
Feb 18 2021	11337	22	708	1384
Feb 19 2021	10833	17	876	1363
Feb 20 2021	10489	16	698	1026
Feb 21 2021	10111	15	484	847
Feb 22 2021	9892	14	566	771
Feb 23 2021	9795	16	718	799
Feb 24 2021	9629	17	896	1045
Feb 25 2021	9417	21	682	873
Feb 26 2021	9125	10	398	680
Feb 27 2021	9123	11	664	655
Feb 28 2021	8857	14	470	722
Mar 01 2021	8245	13	505	1104
Mar 02 2021	8048	13	599	783
Mar 03 2021	7912	13	722	845
Mar 04 2021	7677	11	540	764
Mar 05 2021	7362	12	462	765
Mar 06 2021	7334	3	734	759
Mar 07 2021	7149	13	357	529
Mar 08 2021	7083	11	402	457
Mar 09 2021	6810	10	523	786
Mar 10 2021	6669	13	542	670
Mar 11 2021	6547	15	474	581
Mar 12 2021	6450	9	451	539
Mar 13 2021	6252	6	415	607
Mar 14 2021	6075	7	278	448
Mar 15 2021	5873	11	236	427
Mar 16 2021	5561	4	425	733
Mar 17 2021	5372	9	440	620
Mar 18 2021	5299	7	485	551
Mar 19 2021	5440	10	715	564
Mar 20 2021	5384	7	445	494
Mar 21 2021	5382	2	326	326
Mar 22 2021	5200	8	222	396
Mar 23 2021	5114	8	454	532
Mar 24 2021	5043	5	415	481
Mar 25 2021	5030	8	497	502
Mar 26 2021	5030	14	438	424
Mar 27 2021	5028	3	480	479
Mar 28 2021	4965	10	342	395
Mar 29 2021	4925	3	246	283
Mar 30 2021	4994	6	519	444
Mar 31 2021	5033	5	447	403
Apr 01 2021	5053	5	448	423
Apr 02 2021	5023	7	351	374
Apr 03 2021	4822	5	223	419
Apr 04 2021	4749	4	304	373
Apr 05 2021	4699	3	179	226
Apr 06 2021	4614	8	357	434
Apr 07 2021	4518	2	364	458
Apr 08 2021	4492	4	427	449
Apr 09 2021	4459	4	394	423
Apr 10 2021	4320	3	279	415
Apr 11 2021	4217	4	234	333
Apr 12 2021	4071	4	181	323
Apr 13 2021	3995	6	329	399
Apr 14 2021	4021	4	395	365
Apr 15 2021	3929	6	314	400
Apr 16 2021	3930	2	419	416
Apr 17 2021	4063	2	348	213
Apr 18 2021	4043	1	244	263
Apr 19 2021	4020	1	203	225
Apr 20 2021	3899	3	275	393
Apr 21 2021	3900	4	359	354
Apr 22 2021	3845	2	314	367
Apr 23 2021	3903	2	366	306
Apr 24 2021	3966	7	338	268
Apr 25 2021	3925	2	271	310
Apr 26 2021	3906	3	198	214
Apr 27 2021	3814	4	368	456
Apr 28 2021	3899	6	362	271
Apr 29 2021	3897	5	323	320
Apr 30 2021	3959	5	358	291
May 01 2021	3896	3	268	328
May 02 2021	3892	3	260	261
May 03 2021	3868	6	195	213
May 04 2021	3872	4	320	312
May 05 2021	3895	4	356	329
May 06 2021	3965	3	389	316
May 07 2021	3984	3	398	376
May 08 2021	4153	7	508	332
May 09 2021	4284	6	386	249
May 10 2021	4278	6	252	252
May 11 2021	4372	5	460	361
May 12 2021	4601	3	562	330
May 13 2021	4809	3	525	314
May 14 2021	5081	4	588	312
May 15 2021	5299	4	490	268
May 16 2021	5367	0	344	276
May 17 2021	5367	1	268	267
May 18 2021	5536	3	539	367
May 19 2021	5662	5	537	406
May 20 2021	5821	9	579	411
May 21 2021	5876	7	508	446
May 22 2021	5914	7	466	421
May 23 2021	5887	3	347	371
May 24 2021	5833	15	235	274
May 25 2021	5819	7	581	588
May 26 2021	5961	4	663	517
May 27 2021	6058	4	637	536
May 28 2021	6192	4	617	479
May 29 2021	6276	4	574	486
May 30 2021	6281	1	348	342
May 31 2021	6327	1	321	274
Jun 01 2021	6412	6	731	640
Jun 02 2021	6617	4	678	469
Jun 03 2021	6812	7	701	499
Jun 04 2021	7184	1	915	542
Jun 05 2021	7563	6	827	442
Jun 06 2021	7708	7	526	374
Jun 07 2021	7794	2	376	288
Jun 08 2021	8052	4	882	620
Jun 09 2021	8242	5	779	584
Jun 10 2021	8449	6	841	628
Jun 11 2021	8827	8	916	530
Jun 12 2021	9091	12	858	582
Jun 13 2021	9414	5	715	387
Jun 14 2021	9533	7	483	357
Jun 15 2021	9651	1	848	729
Jun 16 2021	9868	5	1048	826
Jun 17 2021	10029	1	969	807
Jun 18 2021	10214	7	976	784
Jun 19 2021	10461	3	978	728
Jun 20 2021	10491	7	583	546
Jun 21 2021	10521	2	514	482
Jun 22 2021	10857	6	1208	866
Jun 23 2021	11081	8	1077	845
Jun 24 2021	11369	9	1201	904
Jun 25 2021	11653	5	1093	804
Jun 26 2021	11814	9	1057	887
Jun 27 2021	11988	10	789	605
Jun 28 2021	12132	5	666	517
Jun 29 2021	12389	7	1249	985
Jun 30 2021	12530	9	1197	1047
Jul 01 2021	12760	7	1205	968
Jul 02 2021	12832	8	1030	950
Jul 03 2021	13146	7	1317	996
Jul 04 2021	13256	7	793	676
Jul 05 2021	12711	9	605	1141
Jul 06 2021	13501	8	1276	478
Jul 07 2021	13540	8	1222	1175
Jul 08 2021	13600	5	1240	1175
Jul 09 2021	13635	10	1160	1115
Jul 10 2021	13555	13	1021	1088
Jul 11 2021	13539	5	833	844
Jul 12 2021	13637	14	752	640
Jul 13 2021	13281	8	855	1203
Jul 14 2021	13643	7	1517	1148
Jul 15 2021	13684	13	1225	1171
Jul 16 2021	13636	14	1087	1121
Jul 17 2021	13502	9	1041	1166
Jul 18 2021	13424	6	721	793
Jul 19 2021	13448	7	688	657
Jul 20 2021	13133	6	1089	1398
Jul 21 2021	13065	7	1144	1205
Jul 22 2021	13064	7	1250	1244
Jul 23 2021	13089	13	1138	1100
Jul 24 2021	13117	7	1096	1061
Jul 25 2021	13195	9	866	779
Jul 26 2021	12998	9	495	683
Jul 27 2021	12828	13	1110	1267
Jul 28 2021	12738	10	969	1049
Jul 29 2021	12629	7	1022	1124
Jul 30 2021	12387	10	915	1147
Jul 31 2021	12569	15	1195	998
Aug 01 2021	12505	10	820	874
Aug 02 2021	12260	9	337	573
Aug 03 2021	11958	9	932	1225
Aug 04 2021	11808	9	1037	1178
Aug 05 2021	11461	15	818	1150
Aug 06 2021	11142	10	895	1204
Aug 07 2021	10903	9	822	1052
Aug 08 2021	11228	12	979	642
Aug 09 2021	11194	6	523	551
Aug 10 2021	11006	6	900	1082
Aug 11 2021	10992	6	977	985
Aug 12 2021	10964	8	956	976
Aug 13 2021	10729	7	758	986
Aug 14 2021	10654	8	852	919
Aug 15 2021	10555	4	563	658
Aug 16 2021	10397	11	444	591
Aug 17 2021	9964	8	656	1081
Aug 18 2021	9843	11	838	948
Aug 19 2021	9803	9	862	893
Aug 20 2021	9539	8	669	925
Aug 21 2021	9378	5	691	847
Aug 22 2021	9304	6	614	682
Aug 23 2021	9105	6	388	581
Aug 24 2021	8686	3	480	896
Aug 25 2021	8582	5	864	963
Aug 26 2021	8245	8	548	877
Aug 27 2021	8081	8	649	805
Aug 28 2021	8026	4	676	727
Aug 29 2021	7965	3	463	521
Aug 30 2021	7890	8	371	438
Aug 31 2021	7479	7	450	854
Sep 01 2021	7354	5	670	790
Sep 02 2021	7093	3	481	739
Sep 03 2021	6797	4	439	731
Sep 04 2021	6537	8	442	694
Sep 05 2021	6371	5	325	486
Sep 06 2021	6182	9	229	409
Sep 07 2021	5934	4	426	670
Sep 08 2021	5680	5	330	579
Sep 09 2021	5490	8	401	583
Sep 10 2021	5270	10	360	570
Sep 11 2021	4685	9	420	996
Sep 12 2021	4893	6	214	0
Sep 13 2021	4865	4	223	247
Sep 14 2021	4642	11	323	535
Sep 15 2021	4461	7	316	490
Sep 16 2021	4327	7	373	500
Sep 17 2021	4199	3	324	449
Sep 18 2021	4059	1	255	394
Sep 19 2021	4307	2	250	0
Sep 20 2021	4455	4	152	0
Sep 21 2021	3890	2	341	904
Sep 22 2021	3887	5	366	364
Sep 23 2021	3558	9	324	644
Sep 24 2021	3763	5	265	55
Sep 25 2021	3673	4	257	343
Sep 26 2021	3573	7	185	278
Sep 27 2021	3564	8	179	180
Sep 28 2021	3420	3	232	373
Sep 29 2021	3314	4	262	364
Sep 30 2021	3295	5	262	276
Oct 01 2021	3214	2	225	304
Oct 02 2021	3137	6	227	298
Oct 03 2021	3095	2	175	215
Oct 04 2021	3032	6	121	178
Oct 05 2021	2925	6	253	354
Oct 06 2021	2822	5	211	309
Oct 07 2021	2781	4	220	257
Oct 08 2021	2717	1	195	258
Oct 09 2021	2688	4	223	248
Oct 10 2021	2605	3	119	199
Oct 11 2021	2709	4	108	0
Oct 12 2021	2508	4	250	447
Oct 13 2021	2443	0	129	194
Oct 14 2021	2440	9	227	221
Oct 15 2021	2430	4	202	208
Oct 16 2021	2368	3	164	223
Oct 17 2021	2306	0	102	164
Oct 18 2021	2315	3	131	119
Oct 19 2021	2256	3	203	259
Oct 20 2021	2319	3	257	191
Oct 21 2021	2316	3	205	205
Oct 22 2021	2324	3	193	182
Oct 23 2021	2277	1	150	196
Oct 24 2021	2276	0	134	135
Oct 25 2021	2299	3	132	106
Oct 26 2021	2283	4	215	227
Oct 27 2021	2257	0	173	199
Oct 28 2021	2202	0	140	195
Oct 29 2021	2183	1	201	219
Oct 30 2021	2174	0	136	145
Oct 31 2021	2304	0	130	0
Nov 01 2021	2100	0	72	276
Nov 02 2021	2020	0	141	221
Nov 03 2021	1913	5	128	230
Nov 04 2021	1776	1	84	220
Nov 05 2021	1700	1	94	169
Nov 06 2021	1651	3	120	166
Nov 07 2021	1634	4	113	126
Nov 08 2021	1641	6	106	93
Nov 09 2021	1627	3	196	207
Nov 10 2021	1642	0	185	170
Nov 11 2021	1582	0	99	159
Nov 12 2021	1665	3	229	143
Nov 13 2021	1756	0	222	131
Nov 14 2021	1805	2	168	117
Nov 15 2021	1848	3	114	68
Nov 16 2021	1918	2	193	121
Nov 17 2021	2155	1	238	0
Nov 18 2021	2357	1	203	0
Nov 19 2021	2244	0	208	321
Nov 20 2021	2403	2	258	97
Nov 21 2021	2428	1	162	136
Nov 22 2021	2455	1	132	104
Nov 23 2021	2468	2	214	199
Nov 24 2021	2541	2	268	193
Nov 25 2021	2603	2	202	138
Nov 26 2021	2664	0	283	222
Nov 27 2021	2660	1	210	213
Nov 28 2021	2693	1	208	174
Nov 29 2021	2648	0	94	139
Nov 30 2021	2551	3	134	228
Dec 01 2021	2623	2	248	174
Dec 02 2021	2704	3	285	201
Dec 03 2021	2756	1	268	215
Dec 04 2021	2797	2	288	245
Dec 05 2021	2841	1	222	177
Dec 06 2021	3018	1	178	0
Dec 07 2021	2995	4	332	351
Dec 08 2021	3089	2	338	242
Dec 09 2021	3018	1	189	259
Dec 10 2021	2927	3	127	215
Dec 11 2021	3078	1	356	204
Dec 12 2021	3110	0	208	176
Dec 13 2021	3270	2	275	113
Dec 14 2021	3486	3	382	163
Dec 15 2021	3610	3	386	259
Dec 16 2021	3694	3	406	319
Dec 17 2021	3866	1	447	274
Dec 18 2021	3987	0	386	265
Dec 19 2021	4094	0	323	216
Dec 20 2021	4149	2	252	195
Dec 21 2021	4322	5	487	309
Dec 22 2021	4657	0	668	333
Dec 23 2021	5232	1	719	143
Dec 24 2021	5858	3	865	236
Dec 25 2021	6365	2	827	318
Dec 26 2021	6632	5	563	291
Dec 27 2021	6946	2	574	258
Dec 28 2021	7858	3	1354	439
Dec 29 2021	8789	4	1348	413
Dec 30 2021	11064	2	2664	387
Dec 31 2021	12868	1	2213	408
Jan 01 2022	14363	2	1888	391
Jan 02 2022	14825	3	977	512
Jan 03 2022	16046	7	1363	135
Jan 04 2022	18673	5	3259	627
Jan 05 2022	22352	0	4372	693
Jan 06 2022	26157	4	4623	814
Jan 07 2022	30285	4	5043	911
Jan 08 2022	34178	5	4804	906
Jan 09 2022	37578	7	4066	659
Jan 10 2022	39824	4	3139	889
Jan 11 2022	34013	10	4105	9906
Jan 12 2022	38932	7	6513	1587
Jan 13 2022	45743	7	9074	2256
Jan 14 2022	55069	7	9530	197
Jan 15 2022	54768	11	8902	9192
Jan 16 2022	56965	9	7278	5072
Jan 17 2022	57203	8	5468	5222
Jan 18 2022	62918	17	11519	5787
Jan 19 2022	69369	9	10763	4303
Jan 20 2022	77438	11	12351	4271
Jan 21 2022	84113	9	11933	5249
Jan 22 2022	85828	9	10629	8905
Jan 23 2022	83343	15	7164	9634
Jan 24 2022	79281	11	5455	9506
Jan 25 2022	78914	19	9241	9589
Jan 26 2022	81848	17	10481	7530
Jan 27 2022	83933	11	8268	6172
Jan 28 2022	79445	24	7502	11966
Jan 29 2022	75079	18	7004	11352
Jan 30 2022	68736	18	4490	10815
Jan 31 2022	61407	16	3150	10463
Feb 01 2022	57436	20	5606	9557
Feb 02 2022	53444	21	5811	9782
Feb 03 2022	56199	15	5480	2710
Feb 04 2022	50800	25	4308	9682
Feb 05 2022	46023	11	3589	8355
Feb 06 2022	41091	20	2345	7257
Feb 07 2022	36499	16	1614	6190
Feb 08 2022	33763	26	3180	5890
Feb 09 2022	32521	12	3028	4258
Feb 10 2022	31723	11	2424	3211
Feb 11 2022	28256	17	2111	5561
Feb 12 2022	25127	12	1881	4998
Feb 13 2022	21713	12	1203	4605
Feb 14 2022	19012	10	799	3490
Feb 15 2022	17596	10	1714	3120
Feb 16 2022	10786	17	1328	8121
Feb 17 2022	11241	6	1221	760
Feb 18 2022	12190	7	1219	263
Feb 19 2022	12288	10	952	844
Feb 20 2022	11402	9	673	1550
Feb 21 2022	9882	10	481	1991
Feb 22 2022	9152	7	932	1655
Feb 23 2022	8715	11	734	1160
Feb 24 2022	8596	11	787	895
Feb 25 2022	7749	5	668	1510
Feb 26 2022	7108	10	543	1174
Feb 27 2022	6370	6	357	1089
Feb 28 2022	5559	4	236	1043
Mar 01 2022	4988	10	355	916
Mar 02 2022	4603	5	232	612
Mar 03 2022	4536	3	454	518
Mar 04 2022	4221	5	522	832
Mar 05 2022	3912	5	426	730
Mar 06 2022	3308	3	81	682
Mar 07 2022	3113	4	362	553
Mar 08 2022	3030	4	382	461
Mar 09 2022	3005	3	301	323
Mar 10 2022	3066	3	310	246
Mar 11 2022	3065	3	301	299
Mar 12 2022	3036	1	237	265
Mar 13 2022	2710	5	175	496
Mar 14 2022	2420	3	146	433
Mar 15 2022	2386	3	323	354
Mar 16 2022	2435	3	300	248
Mar 17 2022	2557	4	330	204
Mar 18 2022	2449	3	269	374
Mar 19 2022	2474	3	311	283
Mar 20 2022	2407	0	193	260
Mar 21 2022	2265	3	135	274
Mar 22 2022	2412	0	365	218
Mar 23 2022	2595	0	386	203
Mar 24 2022	2754	1	341	181
Mar 25 2022	2725	2	290	317
Mar 26 2022	2677	1	255	302
Mar 27 2022	2550	1	203	329
Mar 28 2022	2414	3	125	258
Mar 29 2022	2436	1	325	302
Mar 30 2022	2523	0	310	223
Mar 31 2022	2607	2	293	207
Apr 01 2022	2523	0	295	379
Apr 02 2022	2414	0	223	332
Apr 03 2022	2240	0	159	333
Apr 04 2022	2108	2	124	254
Apr 05 2022	2209	0	340	239
Apr 06 2022	2000	0	253	462
Apr 07 2022	2110	2	247	135
Apr 08 2022	2328	0	327	109
Apr 09 2022	2287	2	254	293
Apr 10 2022	2019	0	173	441
Apr 11 2022	2086	1	136	68
Apr 12 2022	2236	1	371	220
Apr 13 2022	2467	0	397	166
Apr 14 2022	2648	0	364	183
Apr 15 2022	2569	0	271	350
Apr 16 2022	2469	0	124	224
Apr 17 2022	2395	1	200	273
Apr 18 2022	2302	0	184	277
Apr 19 2022	2519	0	479	262
Apr 20 2022	3037	1	519	0
Apr 21 2022	3133	0	487	391
Apr 22 2022	3328	2	542	345
Apr 23 2022	3472	0	481	337
Apr 24 2022	3438	0	333	367
Apr 25 2022	3438	0	267	267
Apr 26 2022	4008	1	744	173
Apr 27 2022	4617	0	845	236
Apr 28 2022	5242	1	874	248
Apr 29 2022	5635	0	939	546
Apr 30 2022	6066	0	932	501
May 01 2022	6766	0	700	0
May 02 2022	6303	1	538	1000
May 03 2022	6483	3	652	469
May 04 2022	7939	1	1838	381
May 05 2022	9669	0	2117	387
May 06 2022	10766	2	1919	820
May 07 2022	12566	1	2672	871
May 08 2022	13326	1	1615	854
May 09 2022	13732	1	1359	952
May 10 2022	16104	0	3307	935
May 11 2022	18644	5	3324	779
May 12 2022	21413	0	3514	745
May 13 2022	23654	3	3248	1004
May 14 2022	24653	1	3054	2054
May 15 2022	24617	2	2166	2200
May 16 2022	24129	1	1799	2286
May 17 2022	25630	4	3910	2405
May 18 2022	27343	1	3506	1792
May 19 2022	29478	0	3842	1707
May 20 2022	29289	5	3417	3601
May 21 2022	29133	5	3203	3354
May 22 2022	28014	6	2167	3280
May 23 2022	26614	2	1758	3156
May 24 2022	27455	3	3876	3032
May 25 2022	29029	4	3825	2247
May 26 2022	30857	3	3951	2120
May 27 2022	30613	5	3678	3917
May 28 2022	30164	3	3109	3555
May 29 2022	28740	2	2123	3545
May 30 2022	27280	5	1842	3297
May 31 2022	27994	1	3819	3104
Jun 01 2022	29106	3	3443	2328
Jun 02 2022	30813	4	3789	2078
Jun 03 2022	29962	5	3296	4142
Jun 04 2022	29395	2	3056	3621
Jun 05 2022	27709	6	1942	3622
Jun 06 2022	26026	1	1692	3374
Jun 07 2022	26583	3	3523	2963
Jun 08 2022	27476	5	3244	2346
Jun 09 2022	28046	4	2793	2219
Jun 10 2022	26819	7	2591	3811
Jun 11 2022	25692	3	2323	3447
Jun 12 2022	23615	1	1389	3465
Jun 13 2022	21621	8	1106	3092
Jun 14 2022	21050	5	2389	2955
Jun 15 2022	21130	2	2080	1998
Jun 16 2022	21230	2	1958	1856
Jun 17 2022	19220	2	1451	3459
Jun 18 2022	18298	1	2053	2974
Jun 19 2022	16825	4	1143	2612
Jun 20 2022	15328	2	826	2321
Jun 21 2022	15285	4	2080	2119
Jun 22 2022	15887	3	1957	1352
Jun 23 2022	16758	3	2130	1256
Jun 24 2022	16095	5	1826	2484
Jun 25 2022	15828	6	1584	1845
Jun 26 2022	15141	1	1125	1811
Jun 27 2022	14153	1	866	1853
Jun 28 2022	14520	4	1989	1618
Jun 29 2022	15188	7	1828	1153
Jun 30 2022	15780	5	1624	1027
Jul 01 2022	15080	4	1626	2322
Jul 02 2022	14513	2	1338	1903
Jul 03 2022	13537	3	926	1899
Jul 04 2022	14221	2	686	0
Jul 05 2022	15954	4	1737	0
Jul 06 2022	17711	5	1762	0
Jul 07 2022	19404	0	1693	0
Jul 08 2022	13426	0	1578	7556
Jul 09 2022	13137	2	1407	1694
Jul 10 2022	12561	3	863	1436
Jul 11 2022	11783	0	704	1482
Jul 12 2022	12138	1	1713	1357
Jul 13 2022	12509	2	1424	1051
Jul 14 2022	12533	0	943	919
Jul 15 2022	11928	1	1182	1786
Jul 16 2022	11375	2	1137	1688
Jul 17 2022	10536	1	728	1566
Jul 18 2022	9625	2	534	1443
Jul 19 2022	9468	4	1160	1313
Jul 20 2022	9764	2	1184	886
Jul 21 2022	9927	3	1002	836
Jul 22 2022	9154	2	944	1715
Jul 23 2022	8732	3	838	1257
Jul 24 2022	8616	0	842	958
Jul 25 2022	8497	3	842	958
Jul 26 2022	8377	4	842	958
Jul 27 2022	8261	0	842	958
Jul 28 2022	8141	4	842	958
Jul 29 2022	8024	1	842	958
Jul 30 2022	7906	1	844	961
Jul 31 2022	7905	2	847	846
Aug 01 2022	7905	1	847	846
Aug 02 2022	7905	1	847	846
Aug 03 2022	7905	1	847	846
Aug 04 2022	7905	1	847	846
Aug 05 2022	7905	1	847	846
Aug 06 2022	7906	2	849	846
Aug 07 2022	7454	0	634	1086
Aug 08 2022	7040	1	441	854
Aug 09 2022	7433	4	1233	836
Aug 10 2022	8048	1	1167	551
Aug 11 2022	8565	1	1119	601
Aug 12 2022	8450	0	1031	1146
Aug 13 2022	8551	3	854	750
Aug 14 2022	8492	2	860	917
Aug 15 2022	8433	2	860	917
Aug 16 2022	8374	2	860	917
Aug 17 2022	8315	2	860	917
Aug 18 2022	8257	1	860	917
Aug 19 2022	8198	2	860	917
Aug 20 2022	8139	1	861	919
Aug 21 2022	8038	2	768	867
Aug 22 2022	7937	2	768	867
Aug 23 2022	7836	2	768	867
Aug 24 2022	7735	2	768	867
Aug 25 2022	7634	2	768	867
Aug 26 2022	7533	2	768	867
Aug 27 2022	7431	2	773	873
Aug 28 2022	7949	2	520	0
Aug 29 2022	8467	2	520	0
Aug 30 2022	8985	2	520	0
Aug 31 2022	9504	1	520	0
Sep 01 2022	10023	1	520	0
Sep 02 2022	10542	1	520	0
Sep 03 2022	5234	1	521	5828
Sep 04 2022	5577	1	344	0
Sep 05 2022	5920	1	344	0
Sep 06 2022	6263	1	344	0
Sep 07 2022	6606	1	344	0
Sep 08 2022	6949	1	344	0
Sep 09 2022	7292	1	344	0
Sep 10 2022	3449	1	348	4190
Sep 11 2022	3674	0	225	0
Sep 12 2022	3899	0	225	0
Sep 13 2022	4125	0	226	0
Sep 14 2022	4350	0	225	0
Sep 15 2022	4589	1	240	0
Sep 16 2022	4815	1	227	0
Sep 17 2022	2260	1	212	2766
Sep 18 2022	2395	1	136	0
Sep 19 2022	2532	1	138	0
Sep 20 2022	2687	1	156	0
Sep 21 2022	2813	1	127	0
Sep 22 2022	3007	1	195	0
Sep 23 2022	3131	1	125	0
Sep 24 2022	1496	1	175	1809
Sep 25 2022	1496	0	0	0
Sep 26 2022	1496	0	0	0
Sep 27 2022	1496	0	0	0
Sep 28 2022	1496	0	0	0
Sep 29 2022	1496	0	0	0
Sep 30 2022	1496	0	0	0
Oct 01 2022	1496	0	0	0
Oct 02 2022	1496	0	0	0
Oct 03 2022	1072	5	747	1166
Oct 04 2022	1072	0	0	0
Oct 05 2022	1072	0	0	0
Oct 06 2022	1072	0	0	0
Oct 07 2022	1072	0	0	0
Oct 08 2022	1072	0	0	0
Oct 09 2022	1072	0	0	0
Oct 10 2022	872	3	667	864
Oct 11 2022	872	0	0	0
Oct 12 2022	872	0	0	0
Oct 13 2022	872	0	0	0
Oct 14 2022	872	0	0	0
Oct 15 2022	872	0	0	0
Oct 16 2022	872	0	0	0
Oct 17 2022	872	0	0	0
Oct 18 2022	929	1	725	667
Oct 19 2022	929	0	0	0
Oct 20 2022	929	0	0	0
Oct 21 2022	929	0	0	0
Oct 22 2022	929	0	0	0
Oct 23 2022	929	0	0	0
Oct 24 2022	929	0	0	0
Oct 25 2022	819	0	603	713
Oct 26 2022	819	0	0	0
Oct 27 2022	819	0	0	0
Oct 28 2022	819	0	0	0
Oct 29 2022	819	0	0	0
Oct 30 2022	819	0	0	0
Oct 31 2022	1006	3	805	615
Nov 01 2022	1006	0	0	0
Nov 02 2022	1006	0	0	0
Nov 03 2022	1006	0	0	0
Nov 04 2022	1006	0	0	0
Nov 05 2022	1006	0	0	0
Nov 06 2022	1006	0	0	0
Nov 07 2022	1140	0	838	704
Nov 08 2022	1140	0	0	0
Nov 09 2022	1140	0	0	0
Nov 10 2022	1140	0	0	0
Nov 11 2022	1140	0	0	0
Nov 12 2022	1140	0	0	0
Nov 13 2022	1140	0	0	0
Nov 14 2022	1594	6	1372	912
Nov 15 2022	1594	0	0	0
Nov 16 2022	1594	0	0	0
Nov 17 2022	1594	0	0	0
Nov 18 2022	1594	0	0	0
Nov 19 2022	1594	0	0	0
Nov 20 2022	1594	0	0	0
Nov 21 2022	3502	4	3103	1191
Nov 22 2022	3502	0	0	0
Nov 23 2022	3502	0	0	0
Nov 24 2022	3502	0	0	0
Nov 25 2022	3502	0	0	0
Nov 26 2022	3502	0	0	0
Nov 27 2022	3502	0	0	0
Nov 28 2022	3502	0	0	0
Nov 29 2022	7754	7	6435	2176
Nov 30 2022	7754	0	0	0
Dec 01 2022	7754	0	0	0
Dec 02 2022	7754	0	0	0
Dec 03 2022	7754	0	0	0
Dec 04 2022	7754	0	0	0
Dec 05 2022	9626	7	7091	5212
Dec 06 2022	9626	0	0	0
Dec 07 2022	9626	0	0	0
Dec 08 2022	9626	0	0	0
Dec 09 2022	9626	0	0	0
Dec 10 2022	9626	0	0	0
Dec 11 2022	9626	0	0	0
Dec 12 2022	9342	10	6718	6992
Dec 13 2022	9342	0	0	0
Dec 14 2022	9342	0	0	0
Dec 15 2022	9342	0	0	0
Dec 16 2022	9342	0	0	0
Dec 17 2022	9342	0	0	0
Dec 18 2022	9342	0	0	0
Dec 19 2022	6761	11	4991	7561
Dec 20 2022	6761	0	0	0
Dec 21 2022	6761	0	0	0
Dec 22 2022	6761	0	0	0
Dec 23 2022	6761	0	0	0
Dec 24 2022	6761	0	0	0
Dec 25 2022	6761	0	0	0
Dec 26 2022	6761	0	0	0
Dec 27 2022	4076	13	2817	5489
Dec 28 2022	4076	0	0	0
Dec 29 2022	4076	0	0	0
Dec 30 2022	4076	0	0	0
Dec 31 2022	4076	0	0	0
Jan 01 2023	4076	0	0	0
Jan 02 2023	4076	0	0	0
Jan 03 2023	2999	8	2066	3135
Jan 04 2023	2999	0	0	0
Jan 05 2023	2999	0	0	0
Jan 06 2023	2999	0	0	0
Jan 07 2023	2999	0	0	0
Jan 08 2023	2999	0	0	0
Jan 09 2023	2999	0	0	0
Jan 10 2023	2086	9	1403	2307
Jan 11 2023	2086	0	0	0
Jan 12 2023	2086	0	0	0
Jan 13 2023	2086	0	0	0
Jan 14 2023	2086	0	0	0
Jan 15 2023	2086	0	0	0
Jan 16 2023	1538	5	1025	1568
Jan 17 2023	1538	0	0	0
Jan 18 2023	1538	0	0	0
Jan 19 2023	1538	0	0	0
Jan 20 2023	1538	0	0	0
Jan 21 2023	1538	0	0	0
Jan 22 2023	1538	0	0	0
Jan 23 2023	1122	5	789	1200
Jan 24 2023	1122	0	0	0
Jan 25 2023	1122	0	0	0
Jan 26 2023	1122	0	0	0
Jan 27 2023	1122	0	0	0
Jan 28 2023	1122	0	0	0
Jan 29 2023	1122	0	0	0
Jan 30 2023	1122	0	0	0
Jan 31 2023	899	2	640	861
Feb 01 2023	899	0	0	0
Feb 02 2023	899	0	0	0
Feb 03 2023	899	0	0	0
Feb 04 2023	899	0	0	0
Feb 05 2023	899	0	0	0
Feb 06 2023	747	3	513	662
Feb 07 2023	747	0	0	0
Feb 08 2023	747	0	0	0
Feb 09 2023	747	0	0	0
Feb 10 2023	747	0	0	0
Feb 11 2023	747	0	0	0
Feb 12 2023	747	0	0	0
Feb 13 2023	617	1	444	573
Feb 14 2023	617	0	0	0
Feb 15 2023	617	0	0	0
Feb 16 2023	617	0	0	0
Feb 17 2023	617	0	0	0
Feb 18 2023	617	0	0	0
Feb 19 2023	617	0	0	0
Feb 20 2023	617	0	0	0
Feb 21 2023	617	0	0	0
Feb 22 2023	617	0	0	0
Feb 23 2023	525	3	356	445
Feb 24 2023	525	0	0	0
Feb 25 2023	525	0	0	0
Feb 26 2023	525	0	0	0
Feb 27 2023	370	1	259	413
Feb 28 2023	370	0	0	0
Mar 01 2023	370	0	0	0
Mar 02 2023	370	0	0	0
Mar 03 2023	370	0	0	0
Mar 04 2023	370	0	0	0
Mar 05 2023	370	0	0	0
Mar 06 2023	598	5	458	225
Mar 07 2023	598	0	0	0
Mar 08 2023	598	0	0	0
Mar 09 2023	598	0	0	0
Mar 10 2023	598	0	0	0
Mar 11 2023	598	0	0	0
Mar 12 2023	598	0	0	0
Mar 13 2023	598	0	0	0
Mar 14 2023	697	2	506	405
Mar 15 2023	697	0	0	0
Mar 16 2023	697	0	0	0
Mar 17 2023	697	0	0	0
Mar 18 2023	697	0	0	0
Mar 19 2023	697	0	0	0
Mar 20 2023	888	1	702	510
Mar 21 2023	888	0	0	0
Mar 22 2023	888	0	0	0
Mar 23 2023	888	0	0	0
Mar 24 2023	888	0	0	0
Mar 25 2023	888	0	0	0
Mar 26 2023	888	0	0	0
Mar 27 2023	888	0	0	0
Mar 28 2023	888	0	0	0
Mar 29 2023	888	0	0	0
Mar 30 2023	1093	0	842	637
Mar 31 2023	1093	0	0	0
Apr 01 2023	1093	0	0	0
Apr 02 2023	1093	0	0	0
Apr 03 2023	1093	0	0	0
Apr 04 2023	1093	0	0	0
Apr 05 2023	951	0	949	1091
Apr 06 2023	951	0	0	0
Apr 07 2023	951	0	0	0
Apr 08 2023	951	0	0	0
Apr 09 2023	951	0	0	0
Apr 10 2023	951	0	0	0
Apr 11 2023	951	0	0	0
Apr 12 2023	951	0	0	0
Apr 13 2023	548	5	627	1025
Apr 14 2023	548	0	0	0
Apr 15 2023	548	0	0	0
Apr 16 2023	548	0	0	0
Apr 17 2023	548	0	0	0
Apr 18 2023	548	0	0	0
Apr 19 2023	548	0	0	0
Apr 20 2023	614	1	743	676
Apr 21 2023	614	0	0	0
Apr 22 2023	614	0	0	0
Apr 23 2023	614	0	0	0
Apr 24 2023	614	0	0	0
Apr 25 2023	614	0	0	0
Apr 26 2023	614	0	0	0
Apr 27 2023	558	3	633	686
Apr 28 2023	558	0	0	0
Apr 29 2023	558	0	0	0
Apr 30 2023	558	0	0	0
May 01 2023	558	0	0	0
May 02 2023	558	0	0	0
May 03 2023	521	0	591	628
May 04 2023	521	0	0	0
May 05 2023	521	0	0	0
May 06 2023	521	0	0	0
May 07 2023	521	0	0	0
May 08 2023	521	0	0	0
May 09 2023	521	0	0	0
May 10 2023	583	1	654	591
May 11 2023	583	0	0	0
May 12 2023	583	0	0	0
May 13 2023	583	0	0	0
May 14 2023	583	0	0	0
May 15 2023	583	0	0	0
May 16 2023	583	0	0	0
May 17 2023	585	1	664	661
May 18 2023	585	0	0	0
May 19 2023	585	0	0	0
May 20 2023	585	0	0	0
May 21 2023	585	0	0	0
May 22 2023	585	0	0	0
May 23 2023	585	0	0	0
May 24 2023	585	0	0	0
May 25 2023	585	0	0	0
May 26 2023	585	0	0	0
May 27 2023	585	0	0	0
May 28 2023	585	0	0	0
May 29 2023	585	0	0	0
May 30 2023	585	0	0	0
May 31 2023	751	1	1588	1421
Jun 01 2023	751	0	0	0
Jun 02 2023	751	0	0	0
Jun 03 2023	751	0	0	0
Jun 04 2023	751	0	0	0
Jun 05 2023	751	0	0	0
Jun 06 2023	751	0	0	0
Jun 07 2023	1123	6	1425	1047
Jun 08 2023	1123	0	0	0
Jun 09 2023	1123	0	0	0
Jun 10 2023	1123	0	0	0
Jun 11 2023	1123	0	0	0
Jun 12 2023	1123	0	0	0
Jun 13 2023	1123	0	0	0
Jun 14 2023	1152	4	976	943
Jun 15 2023	1152	0	0	0
Jun 16 2023	1152	0	0	0
Jun 17 2023	1152	0	0	0
Jun 18 2023	1152	0	0	0
Jun 19 2023	1152	0	0	0
Jun 20 2023	1152	0	0	0
Jun 21 2023	1152	0	0	0
Jun 22 2023	1152	0	0	0
Jun 23 2023	1152	0	0	0
Jun 24 2023	1152	0	0	0
Jun 25 2023	1152	0	0	0
Jun 26 2023	1152	0	0	0
Jun 27 2023	1152	0	0	0
Jun 28 2023	1152	0	0	0
Jun 29 2023	1152	0	0	0
Jun 30 2023	1152	0	0	0
Jul 01 2023	1152	0	0	0
Jul 02 2023	1152	0	0	0
Jul 03 2023	779	9	3221	3585
Jul 04 2023	779	0	0	0
Jul 05 2023	779	0	0	0
Jul 06 2023	779	0	0	0
Jul 07 2023	779	0	0	0
Jul 08 2023	779	0	0	0
Jul 09 2023	779	0	0	0
Jul 10 2023	779	0	0	0
Jul 11 2023	779	0	0	0
Jul 12 2023	544	3	663	895
Jul 13 2023	544	0	0	0
Jul 14 2023	544	0	0	0
Jul 15 2023	544	0	0	0
Jul 16 2023	544	0	0	0
Jul 17 2023	544	0	0	0
Jul 18 2023	544	0	0	0
Jul 19 2023	422	4	485	603
Jul 20 2023	422	0	0	0
Jul 21 2023	422	0	0	0
Jul 22 2023	422	0	0	0
Jul 23 2023	422	0	0	0
Jul 24 2023	422	0	0	0
Jul 25 2023	422	0	0	0
Jul 26 2023	244	2	321	497
Jul 27 2023	244	0	0	0
Jul 28 2023	244	0	0	0
Jul 29 2023	244	0	0	0
Jul 30 2023	244	0	0	0
Jul 31 2023	244	0	0	0
Aug 01 2023	244	0	0	0
Aug 02 2023	169	2	198	271
Aug 03 2023	169	0	0	0
Aug 04 2023	169	0	0	0
Aug 05 2023	169	0	0	0
Aug 06 2023	169	0	0	0
Aug 07 2023	169	0	0	0
Aug 08 2023	169	0	0	0
Aug 09 2023	152	3	171	185
Aug 10 2023	152	0	0	0
Aug 11 2023	152	0	0	0
Aug 12 2023	152	0	0	0
Aug 13 2023	152	0	0	0
Aug 14 2023	152	0	0	0
Aug 15 2023	152	0	0	0
Aug 16 2023	152	0	0	0
Aug 17 2023	116	0	141	177
Aug 18 2023	116	0	0	0
Aug 19 2023	116	0	0	0
Aug 20 2023	116	0	0	0
Aug 21 2023	116	0	0	0
Aug 22 2023	116	0	0	0
Aug 23 2023	116	0	0	0
Aug 24 2023	91	1	109	133
Aug 25 2023	91	0	0	0
Aug 26 2023	91	0	0	0
Aug 27 2023	91	0	0	0
Aug 28 2023	91	0	0	0
Aug 29 2023	91	0	0	0
Aug 30 2023	196	0	105	0
Aug 31 2023	196	0	0	0
Sep 01 2023	196	0	0	0
Sep 02 2023	196	0	0	0
Sep 03 2023	196	0	0	0
Sep 04 2023	196	0	0	0
Sep 05 2023	196	0	0	0
Sep 06 2023	196	0	0	0
Sep 07 2023	196	0	0	0
Sep 08 2023	196	0	0	0
Sep 09 2023	196	0	0	0
Sep 10 2023	196	0	0	0
Sep 11 2023	196	0	0	0
Sep 12 2023	196	0	0	0
Sep 13 2023	84	2	197	307
Sep 14 2023	84	0	0	0
Sep 15 2023	84	0	0	0
Sep 16 2023	84	0	0	0
Sep 17 2023	84	0	0	0
Sep 18 2023	84	0	0	0
Sep 19 2023	84	0	0	0
Sep 20 2023	76	1	99	106
Sep 21 2023	76	0	0	0
Sep 22 2023	76	0	0	0
Sep 23 2023	76	0	0	0
Sep 24 2023	76	0	0	0
Sep 25 2023	76	0	0	0
Sep 26 2023	76	0	0	0
Sep 27 2023	75	0	88	89
Sep 28 2023	75	0	0	0
Sep 29 2023	75	0	0	0
Sep 30 2023	75	0	0	0
Oct 01 2023	75	0	0	0
Oct 02 2023	75	0	0	0
Oct 03 2023	75	0	0	0
Oct 04 2023	75	0	0	0
Oct 05 2023	75	0	0	0
Oct 06 2023	75	0	0	0
Oct 07 2023	75	0	0	0
Oct 08 2023	75	0	0	0
Oct 09 2023	75	0	0	0
Oct 10 2023	75	0	0	0
Oct 11 2023	75	0	0	0
Oct 12 2023	75	0	0	0
Oct 13 2023	75	0	0	0
Oct 14 2023	75	0	0	0
Oct 15 2023	75	0	0	0
Oct 16 2023	75	0	0	0
Oct 17 2023	75	0	0	0
Oct 18 2023	75	0	0	0
Oct 19 2023	75	0	0	0
Oct 20 2023	75	0	0	0
Oct 21 2023	75	0	0	0
Oct 22 2023	155	5	660	575
Oct 23 2023	155	0	0	0
Oct 24 2023	155	0	0	0
Oct 25 2023	155	0	0	0
Oct 26 2023	155	0	0	0
Oct 27 2023	155	0	0	0
Oct 28 2023	155	0	0	0
Oct 29 2023	155	0	0	0
Oct 30 2023	155	0	0	0
Oct 31 2023	155	0	0	0
Nov 01 2023	155	0	0	0
Nov 02 2023	155	0	0	0
Nov 03 2023	155	0	0	0
Nov 04 2023	155	0	0	0
Nov 05 2023	155	0	0	0
Nov 06 2023	155	0	0	0
Nov 07 2023	155	0	0	0
Nov 08 2023	155	0	0	0
Nov 09 2023	155	0	0	0
Nov 10 2023	155	0	0	0
Nov 11 2023	155	0	0	0
Nov 12 2023	155	0	0	0
Nov 13 2023	155	0	0	0
Nov 14 2023	155	0	0	0
Nov 15 2023	155	0	0	0
Nov 16 2023	155	0	0	0
Nov 17 2023	155	0	0	0
Nov 18 2023	155	0	0	0
Nov 19 2023	82	3	571	641
Nov 20 2023	82	0	0	0
Nov 21 2023	82	0	0	0
Nov 22 2023	82	0	0	0
Nov 23 2023	82	0	0	0
Nov 24 2023	82	0	0	0
Nov 25 2023	82	0	0	0
Nov 26 2023	82	0	0	0
Nov 27 2023	82	0	0	0
Nov 28 2023	82	0	0	0
Nov 29 2023	82	0	0	0
Nov 30 2023	82	0	0	0
Dec 01 2023	82	0	0	0
Dec 02 2023	82	0	0	0
Dec 03 2023	82	0	0	0
Dec 04 2023	82	0	0	0
Dec 05 2023	82	0	0	0
Dec 06 2023	82	0	0	0
Dec 07 2023	82	0	0	0
Dec 08 2023	82	0	0	0
Dec 09 2023	82	0	0	0
Dec 10 2023	82	0	0	0
Dec 11 2023	82	0	0	0
Dec 12 2023	82	0	0	0
Dec 13 2023	82	0	0	0
Dec 14 2023	82	0	0	0
Dec 15 2023	82	0	0	0
Dec 16 2023	82	0	0	0
Dec 17 2023	82	0	0	0
Dec 18 2023	82	0	0	0
Dec 19 2023	82	0	0	0
Dec 20 2023	82	0	0	0
Dec 21 2023	82	0	0	0
Dec 22 2023	82	0	0	0
Dec 23 2023	82	0	0	0
Dec 24 2023	2082	10	3658	1648
Dec 25 2023	2082	0	0	0
Dec 26 2023	2082	0	0	0
Dec 27 2023	2082	0	0	0
Dec 28 2023	2082	0	0	0
Dec 29 2023	2082	0	0	0
Dec 30 2023	2082	0	0	0
Dec 31 2023	2388	9	2680	2365
Jan 01 2024	2388	0	0	0
Jan 02 2024	2388	0	0	0
Jan 03 2024	2388	0	0	0
Jan 04 2024	2388	0	0	0
Jan 05 2024	2388	0	0	0
Jan 06 2024	2388	0	0	0
Jan 07 2024	4291	0	1903	0
Jan 08 2024	4291	0	0	0
Jan 09 2024	4291	0	0	0
Jan 10 2024	4291	0	0	0
Jan 11 2024	4291	0	0	0
Jan 12 2024	4291	0	0	0
Jan 13 2024	4291	0	0	0
Jan 14 2024	5323	0	1032	0
Jan 15 2024	5323	0	0	0
Jan 16 2024	5323	0	0	0
Jan 17 2024	5323	0	0	0
Jan 18 2024	5323	0	0	0
Jan 19 2024	5323	0	0	0
Jan 20 2024	5323	0	0	0
Jan 21 2024	5323	0	0	0
Jan 22 2024	5323	0	0	0
Jan 23 2024	5323	0	0	0
Jan 24 2024	5323	0	0	0
Jan 25 2024	5323	0	0	0
Jan 26 2024	5323	0	0	0
Jan 27 2024	5323	0	0	0
Jan 28 2024	5323	0	0	0
Jan 29 2024	5323	0	0	0
Jan 30 2024	5323	0	0	0
Jan 31 2024	5323	0	0	0
Feb 01 2024	5323	0	0	0
Feb 02 2024	5323	0	0	0
Feb 03 2024	5323	0	0	0
Feb 04 2024	108	38	809	5986
Feb 05 2024	108	0	0	0
Feb 06 2024	108	0	0	0
Feb 07 2024	108	0	0	0
Feb 08 2024	108	0	0	0
Feb 09 2024	108	0	0	0
Feb 10 2024	108	0	0	0
Feb 11 2024	108	0	0	0
Feb 12 2024	108	0	0	0
Feb 13 2024	108	0	0	0
Feb 14 2024	108	0	0	0
Feb 15 2024	108	0	0	0
Feb 16 2024	108	0	0	0
Feb 17 2024	108	0	0	0
Feb 18 2024	108	0	0	0
Feb 19 2024	108	0	0	0
Feb 20 2024	108	0	0	0
Feb 21 2024	108	0	0	0
Feb 22 2024	108	0	0	0
Feb 23 2024	64	0	61	105
Feb 24 2024	64	0	0	0
Feb 25 2024	64	0	0	0
Feb 26 2024	64	0	0	0
Feb 27 2024	64	0	0	0
Feb 28 2024	64	1	90	89
Feb 29 2024	64	0	0	0
Mar 01 2024	64	0	0	0
Mar 02 2024	64	0	0	0
Mar 03 2024	64	0	0	0
Mar 04 2024	64	0	0	0
Mar 05 2024	64	0	0	0
Mar 06 2024	64	0	0	0
Mar 07 2024	64	0	0	0
Mar 08 2024	64	0	0	0
Mar 09 2024	64	0	0	0
Mar 10 2024	64	0	0	0
Mar 11 2024	64	0	0	0
Mar 12 2024	64	0	0	0
Mar 13 2024	64	0	0	0
Mar 14 2024	64	0	0	0
Mar 15 2024	64	0	0	0
Mar 16 2024	64	0	0	0
Mar 17 2024	64	0	0	0
Mar 18 2024	64	0	0	0
Mar 19 2024	64	0	0	0
Mar 20 2024	64	0	0	0
Mar 21 2024	64	0	0	0
Mar 22 2024	64	0	0	0
Mar 23 2024	64	0	0	0
Mar 24 2024	64	0	0	0
Mar 25 2024	64	0	0	0
Mar 26 2024	64	0	0	0
Mar 27 2024	64	0	0	0
