Date	Active Cases	Daily Death	New cases	Recoverd Cases
Feb 15 2020	0	0	0	0
Feb 16 2020	0	0	0	0
Feb 17 2020	0	0	0	0
Feb 18 2020	0	0	0	0
Feb 19 2020	0	0	0	0
Feb 20 2020	0	0	0	0
Feb 21 2020	0	0	0	0
Feb 22 2020	0	0	0	0
Feb 23 2020	0	0	0	0
Feb 24 2020	0	0	0	0
Feb 25 2020	0	0	0	0
Feb 26 2020	0	0	0	0
Feb 27 2020	0	0	0	0
Feb 28 2020	0	0	0	0
Feb 29 2020	0	0	0	0
Mar 01 2020	0	0	0	0
Mar 02 2020	0	0	0	0
Mar 03 2020	0	0	0	0
Mar 04 2020	0	0	0	0
Mar 05 2020	0	0	0	0
Mar 06 2020	0	0	0	0
Mar 07 2020	0	0	0	0
Mar 08 2020	0	0	0	0
Mar 09 2020	0	0	0	0
Mar 10 2020	0	0	0	0
Mar 11 2020	0	0	0	0
Mar 12 2020	0	0	0	0
Mar 13 2020	0	0	0	0
Mar 14 2020	0	0	0	0
Mar 15 2020	0	0	0	0
Mar 16 2020	0	0	0	0
Mar 17 2020	0	0	0	0
Mar 18 2020	2	0	0	0
Mar 19 2020	2	0	0	0
Mar 20 2020	2	0	0	0
Mar 21 2020	2	0	0	0
Mar 22 2020	3	0	1	0
Mar 23 2020	3	0	0	0
Mar 24 2020	3	0	0	0
Mar 25 2020	12	0	9	0
Mar 26 2020	16	0	4	0
Mar 27 2020	22	0	6	0
Mar 28 2020	28	0	6	0
Mar 29 2020	29	0	1	0
Mar 30 2020	35	0	6	0
Mar 31 2020	36	0	1	0
Apr 01 2020	36	0	0	0
Apr 02 2020	38	0	3	0
Apr 03 2020	36	0	0	0
Apr 04 2020	36	0	0	0
Apr 05 2020	35	0	0	0
Apr 06 2020	33	0	0	0
Apr 07 2020	31	0	0	0
Apr 08 2020	31	0	0	0
Apr 09 2020	14	0	0	0
Apr 10 2020	13	1	1	0
Apr 11 2020	10	0	0	0
Apr 12 2020	11	0	3	0
Apr 13 2020	13	0	2	0
Apr 14 2020	13	0	0	0
Apr 15 2020	16	0	3	0
Apr 16 2020	16	0	0	0
Apr 17 2020	20	0	4	0
Apr 18 2020	22	0	5	0
Apr 19 2020	25	1	4	0
Apr 20 2020	27	0	4	0
Apr 21 2020	32	0	5	0
Apr 22 2020	36	0	4	0
Apr 23 2020	36	0	2	0
Apr 24 2020	44	0	8	0
Apr 25 2020	44	0	0	0
Apr 26 2020	43	0	4	0
Apr 27 2020	44	0	1	0
Apr 28 2020	50	0	6	0
Apr 29 2020	40	0	2	0
Apr 30 2020	48	0	9	0
May 01 2020	32	0	3	0
May 02 2020	41	0	10	0
May 03 2020	43	0	5	0
May 04 2020	56	0	13	0
May 05 2020	43	0	1	0
May 06 2020	41	1	8	0
May 07 2020	46	0	7	0
May 08 2020	52	0	14	0
May 09 2020	133	3	85	0
May 10 2020	143	0	15	0
May 11 2020	143	0	0	0
May 12 2020	317	0	174	0
May 13 2020	315	0	5	0
May 14 2020	523	0	208	0
May 15 2020	523	0	0	0
May 16 2020	489	0	25	0
May 17 2020	558	0	74	0
May 18 2020	562	0	8	0
May 19 2020	573	0	11	0
May 20 2020	628	0	60	0
May 21 2020	557	0	34	0
May 22 2020	577	0	54	0
May 23 2020	577	0	0	0
May 24 2020	577	0	0	0
May 25 2020	577	0	0	0
May 26 2020	577	0	0	0
May 27 2020	271	0	137	0
May 28 2020	271	0	0	0
May 29 2020	271	0	0	0
May 30 2020	271	0	0	0
May 31 2020	271	0	0	0
Jun 01 2020	170	0	32	0
Jun 02 2020	170	0	0	0
Jun 03 2020	170	0	0	0
Jun 04 2020	170	0	0	0
Jun 05 2020	170	0	0	0
Jun 06 2020	170	0	0	0
Jun 07 2020	170	0	0	0
Jun 08 2020	278	3	111	0
Jun 09 2020	278	0	0	0
Jun 10 2020	278	0	0	0
Jun 11 2020	278	0	0	0
Jun 12 2020	207	0	121	0
Jun 13 2020	243	0	36	0
Jun 14 2020	225	1	1	0
Jun 15 2020	229	0	24	0
Jun 16 2020	252	0	23	0
Jun 17 2020	259	0	7	0
Jun 18 2020	261	0	4	0
Jun 19 2020	225	0	14	0
Jun 20 2020	225	0	0	0
Jun 21 2020	225	0	0	0
Jun 22 2020	225	0	0	0
Jun 23 2020	246	7	47	0
Jun 24 2020	248	0	12	0
Jun 25 2020	256	0	8	0
Jun 26 2020	277	3	34	0
Jun 27 2020	277	0	0	0
Jun 28 2020	224	1	26	0
Jun 29 2020	235	0	11	0
Jun 30 2020	241	2	26	0
Jul 01 2020	254	6	38	0
Jul 02 2020	254	0	0	0
Jul 03 2020	254	0	0	0
Jul 04 2020	254	0	0	0
Jul 05 2020	254	0	0	0
Jul 06 2020	254	0	0	0
Jul 07 2020	505	12	263	0
Jul 08 2020	480	1	42	0
Jul 09 2020	549	0	69	0
Jul 10 2020	574	0	29	0
Jul 11 2020	658	15	99	0
Jul 12 2020	688	25	71	0
Jul 13 2020	766	0	78	0
Jul 14 2020	845	1	80	0
Jul 15 2020	975	1	138	0
Jul 16 2020	1094	0	119	0
Jul 17 2020	1251	24	190	0
Jul 18 2020	1398	11	170	0
Jul 19 2020	1531	0	168	0
Jul 20 2020	1578	8	178	0
Jul 21 2020	1638	0	60	0
Jul 22 2020	1778	0	197	0
Jul 23 2020	1978	6	206	0
Jul 24 2020	2043	2	67	0
Jul 25 2020	2236	3	472	0
Jul 26 2020	1992	0	153	0
Jul 27 2020	1597	1	71	0
Jul 28 2020	1665	2	450	0
Jul 29 2020	1818	4	247	0
Jul 30 2020	2117	3	306	0
Jul 31 2020	2009	2	408	0
Aug 01 2020	1933	14	265	0
Aug 02 2020	1684	5	119	0
Aug 03 2020	1708	1	233	0
Aug 04 2020	1511	2	213	0
Aug 05 2020	1179	3	229	0
Aug 06 2020	1179	23	142	0
Aug 07 2020	1022	1	322	0
Aug 08 2020	1269	3	417	0
Aug 09 2020	1152	32	182	0
Aug 10 2020	1167	6	125	0
Aug 11 2020	1030	0	65	0
Aug 12 2020	1022	5	226	0
Aug 13 2020	1016	0	162	0
Aug 14 2020	1179	10	358	0
Aug 15 2020	861	4	165	0
Aug 16 2020	671	0	157	0
Aug 17 2020	1000	4	496	0
Aug 18 2020	941	0	142	0
Aug 19 2020	823	5	237	0
Aug 20 2020	972	5	154	0
Aug 21 2020	1224	3	255	0
Aug 22 2020	610	2	204	0
Aug 23 2020	860	1	251	0
Aug 24 2020	660	0	66	0
Aug 25 2020	603	2	137	0
Aug 26 2020	401	0	91	0
Aug 27 2020	479	0	225	0
Aug 28 2020	551	1	178	0
Aug 29 2020	526	1	123	0
Aug 30 2020	284	3	123	0
Aug 31 2020	340	1	72	0
Sep 01 2020	612	2	284	0
Sep 02 2020	629	2	34	0
Sep 03 2020	669	0	108	0
Sep 04 2020	775	0	116	0
Sep 05 2020	749	0	70	0
Sep 06 2020	807	3	67	0
Sep 07 2020	793	0	60	0
Sep 08 2020	868	2	116	0
Sep 09 2020	973	3	160	0
Sep 10 2020	1015	0	102	0
Sep 11 2020	1118	6	109	0
Sep 12 2020	1147	6	143	0
Sep 13 2020	967	0	73	0
Sep 14 2020	1020	8	181	0
Sep 15 2020	905	4	99	0
Sep 16 2020	692	2	68	0
Sep 17 2020	573	0	41	0
Sep 18 2020	486	3	94	0
Sep 19 2020	375	1	48	0
Sep 20 2020	436	0	61	0
Sep 21 2020	215	1	44	0
Sep 22 2020	429	0	214	0
Sep 23 2020	482	1	54	0
Sep 24 2020	516	0	48	0
Sep 25 2020	540	0	24	0
Sep 26 2020	553	0	97	0
Sep 27 2020	525	0	29	0
Sep 28 2020	507	0	19	0
Sep 29 2020	446	0	55	0
Sep 30 2020	468	0	44	0
Oct 01 2020	508	1	43	0
Oct 02 2020	517	0	28	0
Oct 03 2020	547	0	144	0
Oct 04 2020	532	0	78	0
Oct 05 2020	449	1	37	0
Oct 06 2020	522	1	81	0
Oct 07 2020	547	0	54	0
Oct 08 2020	601	0	77	0
Oct 09 2020	564	1	38	0
Oct 10 2020	537	1	76	0
Oct 11 2020	522	0	43	0
Oct 12 2020	522	8	91	0
Oct 13 2020	459	0	38	0
Oct 14 2020	421	0	29	0
Oct 15 2020	414	1	43	0
Oct 16 2020	447	0	53	0
Oct 17 2020	516	0	77	0
Oct 18 2020	502	0	64	0
Oct 19 2020	520	0	44	0
Oct 20 2020	598	0	85	0
Oct 21 2020	486	0	18	0
Oct 22 2020	521	0	35	0
Oct 23 2020	570	0	60	0
Oct 24 2020	590	2	22	0
Oct 25 2020	444	0	20	0
Oct 26 2020	407	0	63	0
Oct 27 2020	414	0	43	0
Oct 28 2020	378	0	42	0
Oct 29 2020	392	0	40	0
Oct 30 2020	466	1	90	0
Oct 31 2020	403	0	17	0
Nov 01 2020	398	0	48	0
Nov 02 2020	461	0	63	0
Nov 03 2020	549	0	118	0
Nov 04 2020	530	0	37	0
Nov 05 2020	594	0	72	0
Nov 06 2020	608	0	49	0
Nov 07 2020	686	0	89	0
Nov 08 2020	655	0	46	0
Nov 09 2020	611	0	17	0
Nov 10 2020	628	1	26	0
Nov 11 2020	616	0	39	0
Nov 12 2020	604	0	20	0
Nov 13 2020	609	0	37	0
Nov 14 2020	610	0	4	0
Nov 15 2020	633	3	26	0
Nov 16 2020	434	0	64	0
Nov 17 2020	417	0	56	0
Nov 18 2020	429	3	37	0
Nov 19 2020	403	0	70	0
Nov 20 2020	411	0	23	0
Nov 21 2020	379	0	21	0
Nov 22 2020	366	1	30	0
Nov 23 2020	396	0	30	0
Nov 24 2020	402	0	12	0
Nov 25 2020	423	0	69	0
Nov 26 2020	417	0	18	0
Nov 27 2020	367	0	16	0
Nov 28 2020	307	0	20	0
Nov 29 2020	268	0	19	0
Nov 30 2020	292	0	39	0
Dec 01 2020	249	0	18	0
Dec 02 2020	257	0	35	0
Dec 03 2020	271	0	30	0
Dec 04 2020	348	7	127	0
Dec 05 2020	366	0	41	0
Dec 06 2020	379	0	18	0
Dec 07 2020	356	0	15	0
Dec 08 2020	331	0	32	0
Dec 09 2020	403	0	99	0
Dec 10 2020	420	0	29	0
Dec 11 2020	467	1	70	0
Dec 12 2020	512	1	56	0
Dec 13 2020	519	1	57	0
Dec 14 2020	546	0	48	0
Dec 15 2020	573	1	106	0
Dec 16 2020	452	1	28	0
Dec 17 2020	455	0	48	0
Dec 18 2020	473	4	71	0
Dec 19 2020	491	0	45	0
Dec 20 2020	581	0	96	0
Dec 21 2020	575	2	52	0
Dec 22 2020	612	4	113	0
Dec 23 2020	773	1	241	0
Dec 24 2020	817	1	112	0
Dec 25 2020	1063	0	337	0
Dec 26 2020	1089	1	100	0
Dec 27 2020	1241	1	163	0
Dec 28 2020	1263	1	109	0
Dec 29 2020	1412	1	234	0
Dec 30 2020	1546	1	285	0
Dec 31 2020	1677	2	263	0
Jan 01 2021	1834	2	272	0
Jan 02 2021	1896	2	233	0
Jan 03 2021	2105	2	352	0
Jan 04 2021	2366	4	411	0
Jan 05 2021	2707	14	652	0
Jan 06 2021	3406	5	850	0
Jan 07 2021	3894	6	802	0
Jan 08 2021	4536	18	1029	0
Jan 09 2021	5591	23	1241	0
Jan 10 2021	6661	5	1161	0
Jan 11 2021	7344	2	868	0
Jan 12 2021	8188	24	1161	0
Jan 13 2021	9023	14	1343	0
Jan 14 2021	9782	5	1700	0
Jan 15 2021	9646	13	1478	0
Jan 16 2021	10431	10	1796	0
Jan 17 2021	10900	9	1531	0
Jan 18 2021	10321	13	602	0
Jan 19 2021	10871	19	1308	0
Jan 20 2021	10589	7	1434	0
Jan 21 2021	10094	12	1264	0
Jan 22 2021	10056	13	1120	0
Jan 23 2021	9672	17	1259	0
Jan 24 2021	8738	12	745	0
Jan 25 2021	6847	21	809	0
Jan 26 2021	6588	12	1476	0
Jan 27 2021	6941	16	1289	0
Jan 28 2021	6843	17	1408	0
Jan 29 2021	6763	23	1305	0
Jan 30 2021	7164	17	1728	0
Jan 31 2021	5454	18	865	0
Feb 01 2021	4868	17	825	0
Feb 02 2021	5743	14	1191	0
Feb 03 2021	6206	10	1256	0
Feb 04 2021	6886	8	1514	0
Feb 05 2021	7554	16	1424	0
Feb 06 2021	7178	11	1000	0
Feb 07 2021	6945	14	1206	0
Feb 08 2021	6375	16	940	0
Feb 09 2021	5410	12	1037	0
Feb 10 2021	5797	20	963	0
Feb 11 2021	5695	13	1025	0
Feb 12 2021	5448	17	1083	0
Feb 13 2021	4939	9	773	0
Feb 14 2021	5616	11	983	0
Feb 15 2021	6027	8	811	0
Feb 16 2021	6240	15	575	0
Feb 17 2021	6654	9	854	0
Feb 18 2021	6425	8	790	0
Feb 19 2021	6188	11	736	0
Feb 20 2021	5935	14	691	0
Feb 21 2021	5539	4	609	0
Feb 22 2021	5068	11	524	0
Feb 23 2021	5106	9	555	0
Feb 24 2021	5630	11	902	0
Feb 25 2021	5312	8	687	0
Feb 26 2021	3938	7	468	0
Feb 27 2021	3512	15	563	0
Feb 28 2021	2945	10	332	0
Mar 01 2021	2817	7	468	0
Mar 02 2021	2890	6	555	0
Mar 03 2021	2683	4	533	0
Mar 04 2021	3080	1	597	0
Mar 05 2021	3147	4	654	0
Mar 06 2021	3286	3	670	0
Mar 07 2021	3354	8	410	0
Mar 08 2021	2802	8	234	0
Mar 09 2021	2598	5	242	0
Mar 10 2021	2637	3	436	0
Mar 11 2021	2738	8	580	0
Mar 12 2021	2629	1	327	0
Mar 13 2021	2722	4	234	0
Mar 14 2021	1883	5	323	0
Mar 15 2021	1411	6	153	0
Mar 16 2021	1641	3	290	0
Mar 17 2021	1875	3	262	0
Mar 18 2021	2187	5	387	0
Mar 19 2021	2167	3	170	0
Mar 20 2021	1985	0	214	0
Mar 21 2021	2012	1	176	0
Mar 22 2021	2034	3	86	0
Mar 23 2021	2116	3	244	0
Mar 24 2021	2189	2	214	0
Mar 25 2021	2232	4	325	0
Mar 26 2021	2227	3	121	0
Mar 27 2021	2265	4	288	0
Mar 28 2021	2325	2	145	0
Mar 29 2021	2348	0	140	0
Mar 30 2021	2478	2	187	0
Mar 31 2021	2618	6	219	0
Apr 01 2021	2639	4	131	0
Apr 02 2021	2690	3	181	0
Apr 03 2021	2568	0	70	0
Apr 04 2021	2642	5	130	0
Apr 05 2021	2609	2	79	0
Apr 06 2021	2509	2	62	0
Apr 07 2021	2753	0	315	0
Apr 08 2021	2921	1	206	0
Apr 09 2021	2998	1	191	0
Apr 10 2021	1879	0	135	0
Apr 11 2021	785	0	111	0
Apr 12 2021	760	1	35	0
Apr 13 2021	845	2	154	0
Apr 14 2021	919	0	171	0
Apr 15 2021	1019	1	143	0
Apr 16 2021	1103	3	218	0
Apr 17 2021	1055	1	94	0
Apr 18 2021	965	1	74	0
Apr 19 2021	846	1	24	0
Apr 20 2021	906	0	100	0
Apr 21 2021	925	2	77	0
Apr 22 2021	832	2	70	0
Apr 23 2021	750	5	62	0
Apr 24 2021	669	0	66	0
Apr 25 2021	538	1	41	0
Apr 26 2021	452	2	20	0
Apr 27 2021	452	1	40	0
Apr 28 2021	492	0	66	0
Apr 29 2021	431	1	49	0
Apr 30 2021	402	1	53	0
May 01 2021	407	0	84	0
May 02 2021	358	2	23	0
May 03 2021	339	0	29	0
May 04 2021	384	1	82	0
May 05 2021	396	1	45	0
May 06 2021	426	1	97	0
May 07 2021	432	0	58	0
May 08 2021	437	1	53	0
May 09 2021	407	0	35	0
May 10 2021	354	0	20	0
May 11 2021	355	1	40	0
May 12 2021	378	1	59	0
May 13 2021	367	1	51	0
May 14 2021	397	0	94	0
May 15 2021	372	0	53	0
May 16 2021	360	0	27	0
May 17 2021	337	1	24	0
May 18 2021	365	2	60	0
May 19 2021	448	0	110	0
May 20 2021	534	2	124	0
May 21 2021	635	1	166	0
May 22 2021	737	1	186	0
May 23 2021	777	1	95	0
May 24 2021	808	3	78	0
May 25 2021	936	0	149	0
May 26 2021	1115	2	199	0
May 27 2021	1351	2	320	0
May 28 2021	1712	0	483	0
May 29 2021	1881	1	321	0
May 30 2021	2020	2	299	0
May 31 2021	2026	3	213	0
Jun 01 2021	2500	1	558	0
Jun 02 2021	3171	2	742	0
Jun 03 2021	3780	4	825	0
Jun 04 2021	4565	9	988	0
Jun 05 2021	5201	6	1164	0
Jun 06 2021	5596	5	738	0
Jun 07 2021	5756	7	487	0
Jun 08 2021	6683	6	1231	0
Jun 09 2021	8250	3	1767	0
Jun 10 2021	9582	8	2146	0
Jun 11 2021	10952	16	2065	0
Jun 12 2021	12321	17	2358	0
Jun 13 2021	12601	24	1414	0
Jun 14 2021	12724	27	1388	0
Jun 15 2021	14485	28	2690	0
Jun 16 2021	16935	48	3026	0
Jun 17 2021	18834	33	3394	0
Jun 18 2021	19719	29	2913	0
Jun 19 2021	18760	41	1816	0
Jun 20 2021	19087	49	2060	0
Jun 21 2021	18490	47	1598	0
Jun 22 2021	20071	53	3028	0
Jun 23 2021	22123	50	3367	0
Jun 24 2021	22867	61	3594	0
Jun 25 2021	21889	60	2595	0
Jun 26 2021	22099	52	2816	0
Jun 27 2021	21964	55	2537	0
Jun 28 2021	21129	69	1093	0
Jun 29 2021	21606	47	2395	0
Jun 30 2021	20957	61	2892	0
Jul 01 2021	21142	72	2884	0
Jul 02 2021	20453	70	2781	0
Jul 03 2021	19210	56	1874	0
Jul 04 2021	18711	46	1795	0
Jul 05 2021	17113	49	1231	0
Jul 06 2021	16822	67	1619	0
Jul 07 2021	16964	59	1871	0
Jul 08 2021	15681	54	1453	0
Jul 09 2021	14893	64	1949	0
Jul 10 2021	14525	39	2384	0
Jul 11 2021	12557	47	940	0
Jul 12 2021	11636	45	1013	0
Jul 13 2021	12163	37	2006	0
Jul 14 2021	12676	45	1801	0
Jul 15 2021	12750	42	1580	0
Jul 16 2021	12270	31	1215	0
Jul 17 2021	12300	30	1328	0
Jul 18 2021	10866	32	977	0
Jul 19 2021	9846	29	630	0
Jul 20 2021	9736	25	1323	0
Jul 21 2021	9982	24	971	0
Jul 22 2021	9116	34	1158	0
Jul 23 2021	8223	25	884	0
Jul 24 2021	7742	29	912	0
Jul 25 2021	7161	22	544	0
Jul 26 2021	6356	23	245	0
Jul 27 2021	6106	21	640	0
Jul 28 2021	6137	22	476	0
Jul 29 2021	5575	17	708	0
Jul 30 2021	5509	21	956	0
Jul 31 2021	5191	13	720	0
Aug 01 2021	4781	17	477	0
Aug 02 2021	4128	6	197	0
Aug 03 2021	4360	10	633	0
Aug 04 2021	4703	8	668	0
Aug 05 2021	4729	17	664	0
Aug 06 2021	4512	12	680	0
Aug 07 2021	4352	15	527	0
Aug 08 2021	4086	10	387	0
Aug 09 2021	3659	7	152	0
Aug 10 2021	3995	8	629	0
Aug 11 2021	4286	10	512	0
Aug 12 2021	4254	3	428	0
Aug 13 2021	3679	3	97	0
Aug 14 2021	3187	6	211	0
Aug 15 2021	2855	8	183	0
Aug 16 2021	2539	9	168	0
Aug 17 2021	2513	12	358	0
Aug 18 2021	2677	6	382	0
Aug 19 2021	2511	8	384	0
Aug 20 2021	2400	5	425	0
Aug 21 2021	2393	4	359	0
Aug 22 2021	2416	1	212	0
Aug 23 2021	2292	4	102	0
Aug 24 2021	2437	5	326	0
Aug 25 2021	2407	3	130	0
Aug 26 2021	2294	1	208	0
Aug 27 2021	2258	0	389	0
Aug 28 2021	1986	4	189	0
Aug 29 2021	1793	5	158	0
Aug 30 2021	1594	3	94	0
Aug 31 2021	1601	3	182	0
Sep 01 2021	1690	3	195	0
Sep 02 2021	1590	3	183	0
Sep 03 2021	1630	3	179	0
Sep 04 2021	1433	3	144	0
Sep 05 2021	1295	2	86	0
Sep 06 2021	1158	1	53	0
Sep 07 2021	1174	3	127	0
Sep 08 2021	1234	2	148	0
Sep 09 2021	1137	1	118	0
Sep 10 2021	1084	3	136	0
Sep 11 2021	1056	3	140	0
Sep 12 2021	965	2	102	0
Sep 13 2021	861	2	22	0
Sep 14 2021	869	2	89	0
Sep 15 2021	941	1	112	0
Sep 16 2021	923	0	106	0
Sep 17 2021	863	1	86	0
Sep 18 2021	786	1	69	0
Sep 19 2021	670	0	47	0
Sep 20 2021	600	1	33	0
Sep 21 2021	637	0	97	0
Sep 22 2021	687	0	77	0
Sep 23 2021	632	2	39	0
Sep 24 2021	583	1	63	0
Sep 25 2021	514	3	51	0
Sep 26 2021	466	1	28	0
Sep 27 2021	408	1	10	0
Sep 28 2021	418	0	45	0
Sep 29 2021	478	1	90	0
Sep 30 2021	415	0	44	0
Oct 01 2021	308	1	68	0
Oct 02 2021	321	0	28	0
Oct 03 2021	327	0	21	0
Oct 04 2021	312	0	9	0
Oct 05 2021	316	1	27	0
Oct 06 2021	356	2	49	0
Oct 07 2021	299	1	35	0
Oct 08 2021	295	0	32	0
Oct 09 2021	266	0	21	0
Oct 10 2021	215	1	11	0
Oct 11 2021	191	0	6	0
Oct 12 2021	221	0	43	0
Oct 13 2021	222	3	15	0
Oct 14 2021	208	0	20	0
Oct 15 2021	222	0	46	0
Oct 16 2021	216	1	28	0
Oct 17 2021	196	0	16	0
Oct 18 2021	192	0	15	0
Oct 19 2021	192	0	13	0
Oct 20 2021	204	0	22	0
Oct 21 2021	185	0	18	0
Oct 22 2021	184	0	21	0
Oct 23 2021	177	1	19	0
Oct 24 2021	146	0	5	0
Oct 25 2021	128	0	5	0
Oct 26 2021	115	1	9	0
Oct 27 2021	111	0	9	0
Oct 28 2021	108	0	15	0
Oct 29 2021	111	0	30	0
Oct 30 2021	115	1	20	0
Oct 31 2021	113	0	12	0
Nov 01 2021	100	0	5	0
Nov 02 2021	115	0	21	0
Nov 03 2021	133	0	21	0
Nov 04 2021	159	1	34	0
Nov 05 2021	182	0	37	0
Nov 06 2021	172	1	17	0
Nov 07 2021	170	1	33	0
Nov 08 2021	158	0	6	0
Nov 09 2021	163	0	10	0
Nov 10 2021	176	0	21	0
Nov 11 2021	170	0	14	0
Nov 12 2021	157	0	10	0
Nov 13 2021	141	0	8	0
Nov 14 2021	119	2	12	0
Nov 15 2021	121	0	13	0
Nov 16 2021	99	0	12	0
Nov 17 2021	104	0	12	0
Nov 18 2021	107	0	16	0
Nov 19 2021	90	1	7	0
Nov 20 2021	99	0	14	0
Nov 21 2021	100	0	13	0
Nov 22 2021	90	0	3	0
Nov 23 2021	101	0	17	0
Nov 24 2021	100	0	9	0
Nov 25 2021	101	0	13	0
Nov 26 2021	93	0	6	0
Nov 27 2021	100	0	20	0
Nov 28 2021	90	0	5	0
Nov 29 2021	91	0	7	0
Nov 30 2021	96	0	19	0
Dec 01 2021	115	0	26	0
Dec 02 2021	128	0	25	0
Dec 03 2021	152	0	42	0
Dec 04 2021	173	0	32	0
Dec 05 2021	179	0	18	0
Dec 06 2021	178	1	15	0
Dec 07 2021	217	0	47	0
Dec 08 2021	267	0	62	0
Dec 09 2021	374	0	126	0
Dec 10 2021	510	0	162	0
Dec 11 2021	684	1	235	0
Dec 12 2021	737	1	118	0
Dec 13 2021	875	0	157	0
Dec 14 2021	1318	1	471	0
Dec 15 2021	1864	0	573	0
Dec 16 2021	2666	2	861	0
Dec 17 2021	3882	1	1294	0
Dec 18 2021	4771	4	1039	0
Dec 19 2021	5606	1	1036	0
Dec 20 2021	6009	5	609	0
Dec 21 2021	7777	1	1906	0
Dec 22 2021	10486	0	2857	0
Dec 23 2021	13317	3	3380	0
Dec 24 2021	16309	3	3672	0
Dec 25 2021	17858	6	2649	0
Dec 26 2021	17945	5	1539	0
Dec 27 2021	18055	7	1356	0
Dec 28 2021	21087	7	3907	0
Dec 29 2021	25703	10	5255	0
Dec 30 2021	28797	4	5555	0
Dec 31 2021	30746	4	5081	0
Jan 01 2022	30449	6	3674	0
Jan 02 2022	29653	3	1729	0
Jan 03 2022	28462	10	1544	0
Jan 04 2022	31223	9	4258	0
Jan 05 2022	34304	10	4512	0
Jan 06 2022	33427	10	4096	0
Jan 07 2022	32739	8	4189	0
Jan 08 2022	30818	8	3300	0
Jan 09 2022	27461	14	1328	0
Jan 10 2022	25252	5	1485	0
Jan 11 2022	26313	8	2721	0
Jan 12 2022	26952	5	2305	0
Jan 13 2022	23990	4	2167	0
Jan 14 2022	22169	10	2113	0
Jan 15 2022	18859	8	1333	0
Jan 16 2022	16297	8	1104	0
Jan 17 2022	13629	6	685	0
Jan 18 2022	12944	7	1215	0
Jan 19 2022	12795	4	1140	0
Jan 20 2022	10959	2	799	0
Jan 21 2022	9056	6	616	0
Jan 22 2022	8146	5	616	0
Jan 23 2022	6491	5	427	0
Jan 24 2022	5439	5	294	0
Jan 25 2022	5366	5	645	0
Jan 26 2022	5666	1	697	0
Jan 27 2022	5293	1	736	0
Jan 28 2022	4506	3	351	0
Jan 29 2022	4058	4	303	0
Jan 30 2022	3745	1	266	0
Jan 31 2022	3158	2	125	0
Feb 01 2022	3291	3	510	0
Feb 02 2022	3491	1	402	0
Feb 03 2022	3228	4	388	0
Feb 04 2022	3123	3	430	0
Feb 05 2022	2909	2	228	0
Feb 06 2022	2603	0	201	0
Feb 07 2022	2486	3	111	0
Feb 08 2022	2583	0	319	0
Feb 09 2022	2873	1	414	0
Feb 10 2022	2912	1	506	0
Feb 11 2022	2978	1	457	0
Feb 12 2022	3036	1	280	0
Feb 13 2022	2637	0	209	0
Feb 14 2022	2498	1	77	0
Feb 15 2022	2599	1	291	0
Feb 16 2022	2772	0	285	0
Feb 17 2022	2759	2	319	0
Feb 18 2022	2622	1	290	0
Feb 19 2022	2375	1	252	0
Feb 20 2022	2057	0	178	0
Feb 21 2022	1894	2	70	0
Feb 22 2022	2040	1	328	0
Feb 23 2022	2268	1	296	0
Feb 24 2022	2194	0	230	0
Feb 25 2022	2180	0	256	0
Feb 26 2022	2088	4	237	0
Feb 27 2022	1909	1	96	0
Feb 28 2022	1696	0	43	0
Mar 01 2022	1753	1	220	0
Mar 02 2022	1916	2	233	0
Mar 03 2022	1770	2	191	0
Mar 04 2022	1687	1	219	0
Mar 05 2022	1586	0	131	0
Mar 06 2022	1363	1	77	0
Mar 07 2022	1275	0	89	0
Mar 08 2022	1416	0	249	0
Mar 09 2022	1855	1	482	0
Mar 10 2022	1833	0	209	0
Mar 11 2022	1690	0	136	0
Mar 12 2022	1666	0	162	0
Mar 13 2022	1477	0	54	0
Mar 14 2022	1477	0	0	0
Mar 15 2022	1655	1	179	0
Mar 16 2022	1473	0	115	0
Mar 17 2022	955	1	127	0
Mar 18 2022	955	0	0	0
Mar 19 2022	955	0	0	0
Mar 20 2022	955	0	0	0
Mar 21 2022	741	1	329	0
Mar 22 2022	833	1	136	0
Mar 23 2022	878	0	102	0
Mar 24 2022	866	1	122	0
Mar 25 2022	856	1	110	0
Mar 26 2022	804	0	79	0
Mar 27 2022	716	0	49	0
Mar 28 2022	716	0	0	0
Mar 29 2022	716	0	0	0
Mar 30 2022	782	0	197	0
Mar 31 2022	748	0	103	0
Apr 01 2022	726	0	91	0
Apr 02 2022	701	1	90	0
Apr 03 2022	636	0	45	0
Apr 04 2022	577	0	34	0
Apr 05 2022	639	0	111	0
Apr 06 2022	753	0	137	0
Apr 07 2022	795	0	125	0
Apr 08 2022	795	0	0	0
Apr 09 2022	812	0	213	0
Apr 10 2022	781	0	54	0
Apr 11 2022	764	0	54	0
Apr 12 2022	764	0	0	0
Apr 13 2022	950	2	309	0
Apr 14 2022	983	0	116	0
Apr 15 2022	1019	1	175	0
Apr 16 2022	941	3	63	0
Apr 17 2022	850	0	48	0
Apr 18 2022	850	0	0	0
Apr 19 2022	831	0	125	0
Apr 20 2022	1021	0	220	0
Apr 21 2022	935	1	124	0
Apr 22 2022	935	0	0	0
Apr 23 2022	935	0	0	0
Apr 24 2022	935	0	0	0
Apr 25 2022	816	2	332	0
Apr 26 2022	878	0	115	0
Apr 27 2022	878	0	0	0
Apr 28 2022	928	0	163	0
Apr 29 2022	928	0	0	0
Apr 30 2022	682	0	108	0
May 01 2022	580	0	31	0
May 02 2022	513	0	22	0
May 03 2022	513	0	0	0
May 04 2022	513	0	0	0
May 05 2022	513	0	0	0
May 06 2022	557	4	281	0
May 07 2022	541	2	63	0
May 08 2022	541	0	0	0
May 09 2022	442	0	58	0
May 10 2022	474	1	69	0
May 11 2022	528	0	77	0
May 12 2022	610	0	109	0
May 13 2022	582	0	69	0
May 14 2022	611	0	110	0
May 15 2022	568	0	36	0
May 16 2022	558	0	53	0
May 17 2022	558	0	0	0
May 18 2022	558	0	0	0
May 19 2022	698	1	265	0
May 20 2022	698	0	0	0
May 21 2022	671	0	154	0
May 22 2022	643	1	47	0
May 23 2022	582	0	49	0
May 24 2022	625	0	73	0
May 25 2022	646	0	74	0
May 26 2022	627	0	57	0
May 27 2022	646	0	104	0
May 28 2022	646	0	0	0
May 29 2022	646	0	0	0
May 30 2022	542	1	169	0
May 31 2022	597	1	107	0
Jun 01 2022	711	0	136	0
Jun 02 2022	711	0	0	0
Jun 03 2022	839	1	292	0
Jun 04 2022	839	0	0	0
Jun 05 2022	826	0	142	0
Jun 06 2022	809	0	74	0
Jun 07 2022	906	0	139	0
Jun 08 2022	1097	0	228	0
Jun 09 2022	1066	0	129	0
Jun 10 2022	1053	1	139	0
Jun 11 2022	1053	0	0	0
Jun 12 2022	1087	0	164	0
Jun 13 2022	1047	0	61	0
Jun 14 2022	1071	1	210	0
Jun 15 2022	1192	0	161	0
Jun 16 2022	1244	1	198	0
Jun 17 2022	1206	1	173	0
Jun 18 2022	1206	0	0	0
Jun 19 2022	1166	2	263	0
Jun 20 2022	1080	3	56	0
Jun 21 2022	1227	1	214	0
Jun 22 2022	1227	0	0	0
Jun 23 2022	1361	2	364	0
Jun 24 2022	1385	3	188	0
Jun 25 2022	1385	0	0	0
Jun 26 2022	1385	0	0	0
Jun 27 2022	1111	0	238	0
Jun 28 2022	1165	0	150	0
Jun 29 2022	1165	0	0	0
Jun 30 2022	1257	3	359	0
Jul 01 2022	1257	0	0	0
Jul 02 2022	1203	1	318	0
Jul 03 2022	1099	0	84	0
Jul 04 2022	1099	0	0	0
Jul 05 2022	1099	0	0	0
Jul 06 2022	1013	1	149	0
Jul 07 2022	1092	0	243	0
Jul 08 2022	1079	0	143	0
Jul 09 2022	1261	0	182	0
Jul 10 2022	1134	0	76	0
Jul 11 2022	1001	0	50	0
Jul 12 2022	1001	0	0	0
Jul 13 2022	1001	0	0	0
Jul 14 2022	1455	1	710	0
Jul 15 2022	1566	0	182	0
Jul 16 2022	1566	0	0	0
Jul 17 2022	1566	0	0	0
Jul 18 2022	1475	4	339	0
Jul 19 2022	1515	0	217	0
Jul 20 2022	1515	0	0	0
Jul 21 2022	1515	0	0	0
Jul 22 2022	1515	0	0	0
Jul 23 2022	1515	0	0	0
Jul 24 2022	1549	2	867	0
Jul 25 2022	1429	0	66	0
Jul 26 2022	1429	0	0	0
Jul 27 2022	1429	0	0	0
Jul 28 2022	1429	0	0	0
Jul 29 2022	1429	0	0	0
Jul 30 2022	1429	0	0	0
Jul 31 2022	1429	0	0	0
Aug 01 2022	1313	0	1026	0
Aug 02 2022	1239	0	66	0
Aug 03 2022	1239	0	0	0
Aug 04 2022	1393	0	314	0
Aug 05 2022	1161	1	185	0
Aug 06 2022	1343	0	182	0
Aug 07 2022	1259	0	102	0
Aug 08 2022	1138	0	71	0
Aug 09 2022	1134	0	139	0
Aug 10 2022	1134	0	0	0
Aug 11 2022	1300	0	254	0
Aug 12 2022	1329	0	103	0
Aug 13 2022	1329	0	0	0
Aug 14 2022	1329	0	0	0
Aug 15 2022	1273	0	89	0
Aug 16 2022	870	0	177	0
Aug 17 2022	889	0	73	0
Aug 18 2022	889	0	0	0
Aug 19 2022	889	0	0	0
Aug 20 2022	889	0	0	0
Aug 21 2022	693	0	236	0
Aug 22 2022	598	0	27	0
Aug 23 2022	581	0	74	0
Aug 24 2022	584	0	47	0
Aug 25 2022	614	0	62	0
Aug 26 2022	614	0	0	0
Aug 27 2022	614	0	0	0
Aug 28 2022	452	0	102	0
Aug 29 2022	394	0	10	0
Aug 30 2022	394	0	0	0
Aug 31 2022	394	0	0	0
Sep 01 2022	394	0	0	0
Sep 02 2022	394	0	0	0
Sep 03 2022	397	1	227	0
Sep 04 2022	358	0	25	0
Sep 05 2022	314	0	12	0
Sep 06 2022	320	0	38	0
Sep 07 2022	336	0	26	0
Sep 08 2022	353	0	30	0
Sep 09 2022	317	0	24	0
Sep 10 2022	283	0	16	0
Sep 11 2022	247	0	9	0
Sep 12 2022	208	0	5	0
Sep 13 2022	214	0	40	0
Sep 14 2022	231	0	39	0
Sep 15 2022	219	0	24	0
Sep 16 2022	209	0	26	0
Sep 17 2022	194	0	12	0
Sep 18 2022	172	0	7	0
Sep 19 2022	152	0	5	0
Sep 20 2022	152	0	0	0
Sep 21 2022	183	0	52	0
Sep 22 2022	183	0	0	0
Sep 23 2022	183	0	0	0
Sep 24 2022	183	0	0	0
Sep 25 2022	183	0	0	0
Sep 26 2022	183	0	0	0
Sep 27 2022	123	0	64	0
Sep 28 2022	123	0	0	0
Sep 29 2022	139	0	28	0
Sep 30 2022	139	0	0	0
Oct 01 2022	108	0	18	0
Oct 02 2022	93	0	1	0
Oct 03 2022	77	0	5	0
Oct 04 2022	77	0	0	0
Oct 05 2022	77	0	0	0
Oct 06 2022	77	0	0	0
Oct 07 2022	77	0	0	0
Oct 08 2022	77	0	0	0
Oct 09 2022	75	0	65	0
Oct 10 2022	66	0	4	0
Oct 11 2022	63	0	0	0
Oct 12 2022	63	0	0	0
Oct 13 2022	63	0	0	0
Oct 14 2022	63	0	0	0
Oct 15 2022	63	0	0	0
Oct 16 2022	63	0	0	0
Oct 17 2022	42	0	20	0
Oct 18 2022	42	0	0	0
Oct 19 2022	42	0	0	0
Oct 20 2022	42	0	0	0
Oct 21 2022	42	0	0	0
Oct 22 2022	42	0	0	0
Oct 23 2022	42	0	0	0
Oct 24 2022	42	0	0	0
Oct 25 2022	42	0	0	0
Oct 26 2022	29	0	29	0
Oct 27 2022	30	0	1	0
Oct 28 2022	30	0	0	0
Oct 29 2022	35	0	7	0
Oct 30 2022	35	0	0	0
Oct 31 2022	35	0	0	0
Nov 01 2022	21	0	1	0
Nov 02 2022	15	0	2	0
Nov 03 2022	16	0	1	0
Nov 04 2022	16	0	0	0
Nov 05 2022	16	0	0	0
Nov 06 2022	16	0	0	0
Nov 07 2022	16	0	0	0
Nov 08 2022	16	0	0	0
Nov 09 2022	16	0	0	0
Nov 10 2022	16	0	0	0
Nov 11 2022	16	0	0	0
Nov 12 2022	16	0	0	0
Nov 13 2022	16	0	0	0
Nov 14 2022	16	0	0	0
Nov 15 2022	16	0	0	0
Nov 16 2022	16	0	0	0
Nov 17 2022	16	0	0	0
Nov 18 2022	16	0	0	0
Nov 19 2022	16	0	0	0
Nov 20 2022	16	0	0	0
Nov 21 2022	16	0	0	0
Nov 22 2022	21	2	36	0
Nov 23 2022	21	0	0	0
Nov 24 2022	21	0	0	0
Nov 25 2022	21	0	0	0
Nov 26 2022	21	0	0	0
Nov 27 2022	21	0	0	0
Nov 28 2022	21	0	0	0
Nov 29 2022	37	0	25	0
Nov 30 2022	37	0	0	0
Dec 01 2022	37	0	0	0
Dec 02 2022	37	0	0	0
Dec 03 2022	37	0	0	0
Dec 04 2022	37	0	0	0
Dec 05 2022	37	0	0	0
Dec 06 2022	37	0	0	0
Dec 07 2022	37	0	0	0
Dec 08 2022	37	0	0	0
Dec 09 2022	37	0	0	0
Dec 10 2022	37	0	0	0
Dec 11 2022	37	0	0	0
Dec 12 2022	37	0	0	0
Dec 13 2022	37	0	0	0
Dec 14 2022	37	0	0	0
Dec 15 2022	37	0	0	0
Dec 16 2022	37	0	0	0
Dec 17 2022	37	0	0	0
Dec 18 2022	37	0	0	0
Dec 19 2022	37	0	0	0
Dec 20 2022	37	0	0	0
Dec 21 2022	37	0	0	0
Dec 22 2022	123	0	159	0
Dec 23 2022	179	0	116	0
Dec 24 2022	179	0	0	0
Dec 25 2022	209	0	45	0
Dec 26 2022	207	3	32	0
Dec 27 2022	198	0	10	0
Dec 28 2022	277	1	88	0
Dec 29 2022	345	0	98	0
Dec 30 2022	457	1	131	0
Dec 31 2022	575	0	153	0
Jan 01 2023	586	0	51	0
Jan 02 2023	577	0	32	0
Jan 03 2023	592	0	34	0
Jan 04 2023	769	0	191	0
Jan 05 2023	1000	1	245	0
Jan 06 2023	1116	0	208	0
Jan 07 2023	1216	3	206	0
Jan 08 2023	1216	0	0	0
Jan 09 2023	1118	2	177	0
Jan 10 2023	1315	0	258	0
Jan 11 2023	1648	1	349	0
Jan 12 2023	1648	3	11	0
Jan 13 2023	2013	1	615	0
Jan 14 2023	2013	0	0	0
Jan 15 2023	1920	1	348	0
Jan 16 2023	1920	0	0	0
Jan 17 2023	2052	1	477	0
Jan 18 2023	2281	0	310	0
Jan 19 2023	2340	0	317	0
Jan 20 2023	2256	1	249	0
Jan 21 2023	2292	1	330	0
Jan 22 2023	2292	0	0	0
Jan 23 2023	2292	0	0	0
Jan 24 2023	2144	2	516	0
Jan 25 2023	2247	0	241	0
Jan 26 2023	2131	2	206	0
Jan 27 2023	2037	1	223	0
Jan 28 2023	2037	0	0	0
Jan 29 2023	2037	0	0	0
Jan 30 2023	1545	2	410	0
Jan 31 2023	1612	1	181	0
Feb 01 2023	1734	1	181	0
Feb 02 2023	1738	0	317	0
Feb 03 2023	1612	1	136	0
Feb 04 2023	1554	0	176	0
Feb 05 2023	1418	0	58	0
Feb 06 2023	1290	0	59	0
Feb 07 2023	1338	0	134	0
Feb 08 2023	1340	0	112	0
Feb 09 2023	1340	1	178	0
Feb 10 2023	1150	0	97	0
Feb 11 2023	1026	1	77	0
Feb 12 2023	1026	0	0	0
Feb 13 2023	1040	0	29	0
Feb 14 2023	1040	0	0	0
Feb 15 2023	1040	0	0	0
Feb 16 2023	1040	0	0	0
Feb 17 2023	1040	0	0	0
Feb 18 2023	1040	0	0	0
Feb 19 2023	1040	0	0	0
Feb 20 2023	434	3	407	0
Feb 21 2023	461	1	58	0
Feb 22 2023	487	0	49	0
Feb 23 2023	487	0	0	0
Feb 24 2023	487	0	0	0
Feb 25 2023	487	0	0	0
Feb 26 2023	487	0	0	0
Feb 27 2023	262	2	133	0
Feb 28 2023	295	0	48	0
Mar 01 2023	295	0	0	0
Mar 02 2023	288	0	67	0
Mar 03 2023	288	0	0	0
Mar 04 2023	238	0	44	0
Mar 05 2023	224	0	12	0
Mar 06 2023	224	0	0	0
Mar 07 2023	224	0	0	0
Mar 08 2023	224	0	0	0
Mar 09 2023	224	0	0	0
Mar 10 2023	224	0	0	0
Mar 11 2023	224	0	0	0
Mar 12 2023	224	0	0	0
Mar 13 2023	224	0	0	0
Mar 14 2023	135	0	136	0
Mar 15 2023	163	0	32	0
Mar 16 2023	174	0	41	0
Mar 17 2023	186	0	32	0
Mar 18 2023	207	0	31	0
Mar 19 2023	194	0	8	0
Mar 20 2023	194	0	0	0
Mar 21 2023	172	0	14	0
Mar 22 2023	172	0	0	0
Mar 23 2023	206	0	59	0
Mar 24 2023	216	0	42	0
Mar 25 2023	223	0	26	0
Mar 26 2023	223	0	0	0
Mar 27 2023	189	0	10	0
Mar 28 2023	189	0	0	0
Mar 29 2023	189	0	0	0
Mar 30 2023	189	0	0	0
Mar 31 2023	179	1	82	0
Apr 01 2023	166	0	20	0
Apr 02 2023	166	0	0	0
Apr 03 2023	113	0	6	0
Apr 04 2023	122	0	13	0
Apr 05 2023	122	0	0	0
Apr 06 2023	122	0	0	0
Apr 07 2023	174	0	56	0
Apr 08 2023	165	0	10	0
Apr 09 2023	165	0	0	0
Apr 10 2023	165	0	0	0
Apr 11 2023	165	0	0	0
Apr 12 2023	165	0	0	0
Apr 13 2023	165	0	0	0
Apr 14 2023	165	0	0	0
Apr 15 2023	113	0	50	0
Apr 16 2023	113	0	0	0
Apr 17 2023	113	0	0	0
Apr 18 2023	113	0	0	0
Apr 19 2023	113	0	0	0
Apr 20 2023	113	0	0	0
Apr 21 2023	113	0	0	0
Apr 22 2023	113	0	0	0
Apr 23 2023	113	0	0	0
Apr 24 2023	51	0	75	0
Apr 25 2023	46	0	3	0
Apr 26 2023	52	0	6	0
Apr 27 2023	58	0	6	0
Apr 28 2023	66	0	8	0
Apr 29 2023	66	0	0	0
Apr 30 2023	66	0	0	0
May 01 2023	41	0	9	0
May 02 2023	41	0	0	0
May 03 2023	41	0	0	0
May 04 2023	41	0	0	0
May 05 2023	41	0	0	0
May 06 2023	41	0	0	0
May 07 2023	41	0	0	0
May 08 2023	41	0	0	0
May 09 2023	41	0	0	0
May 10 2023	41	0	0	0
May 11 2023	79	0	85	0
May 12 2023	79	0	0	0
May 13 2023	79	0	0	0
May 14 2023	79	0	0	0
May 15 2023	79	0	0	0
May 16 2023	79	0	0	0
May 17 2023	79	0	0	0
May 18 2023	79	0	0	0
May 19 2023	79	0	0	0
May 20 2023	79	0	0	0
May 21 2023	79	0	0	0
May 22 2023	79	0	0	0
May 23 2023	79	0	0	0
May 24 2023	79	0	0	0
May 25 2023	79	0	0	0
May 26 2023	79	0	0	0
May 27 2023	79	0	0	0
May 28 2023	79	0	0	0
May 29 2023	79	0	0	0
May 30 2023	79	0	0	0
May 31 2023	79	0	0	0
Jun 01 2023	79	0	0	0
Jun 02 2023	79	0	0	0
Jun 03 2023	79	0	0	0
Jun 04 2023	79	0	0	0
Jun 05 2023	79	0	0	0
Jun 06 2023	79	0	0	0
Jun 07 2023	79	0	0	0
Jun 08 2023	79	0	0	0
Jun 09 2023	546	0	1063	0
Jun 10 2023	546	0	0	0
Jun 11 2023	546	0	0	0
Jun 12 2023	546	0	0	0
Jun 13 2023	546	0	0	0
Jun 14 2023	546	0	0	0
Jun 15 2023	546	0	0	0
Jun 16 2023	1068	2	903	0
Jun 17 2023	1068	0	0	0
Jun 18 2023	1068	0	0	0
Jun 19 2023	1068	0	0	0
Jun 20 2023	1068	0	0	0
Jun 21 2023	1068	0	0	0
Jun 22 2023	1068	0	0	0
Jun 23 2023	1644	2	1061	0
Jun 24 2023	1644	0	0	0
Jun 25 2023	1644	0	0	0
Jun 26 2023	2173	1	530	0
Jun 27 2023	2173	0	0	0
Jun 28 2023	2173	0	0	0
Jun 29 2023	2173	0	0	0
Jun 30 2023	2173	0	0	0
Jul 01 2023	2173	0	0	0
Jul 02 2023	2173	0	0	0
Jul 03 2023	3179	1	1007	0
Jul 04 2023	3179	0	0	0
Jul 05 2023	3179	0	0	0
Jul 06 2023	3179	0	0	0
Jul 07 2023	3179	0	0	0
Jul 08 2023	3179	0	0	0
Jul 09 2023	3179	0	0	0
Jul 10 2023	3625	4	450	0
Jul 11 2023	3625	0	0	0
Jul 12 2023	3625	0	0	0
Jul 13 2023	3625	0	0	0
Jul 14 2023	3625	0	0	0
Jul 15 2023	3625	0	0	0
Jul 16 2023	3625	0	0	0
Jul 17 2023	3902	1	278	0
Jul 18 2023	3902	0	0	0
Jul 19 2023	3902	0	0	0
Jul 20 2023	3902	0	0	0
Jul 21 2023	3902	0	0	0
Jul 22 2023	3902	0	0	0
Jul 23 2023	3902	0	0	0
Jul 24 2023	3902	0	0	0
Jul 25 2023	3902	0	0	0
Jul 26 2023	3902	0	0	0
Jul 27 2023	3902	0	0	0
Jul 28 2023	3902	0	0	0
Jul 29 2023	3902	0	0	0
Jul 30 2023	3902	0	0	0
Jul 31 2023	3902	0	0	0
Aug 01 2023	3902	0	0	0
Aug 02 2023	3902	0	0	0
Aug 03 2023	3902	0	0	0
Aug 04 2023	3902	0	0	0
Aug 05 2023	3902	0	0	0
Aug 06 2023	3902	0	0	0
Aug 07 2023	3902	0	0	0
Aug 08 2023	3902	0	0	0
Aug 09 2023	3902	0	0	0
Aug 10 2023	3902	0	0	0
Aug 11 2023	3902	0	0	0
Aug 12 2023	3902	0	0	0
Aug 13 2023	3902	0	0	0
Aug 14 2023	3902	0	0	0
Aug 15 2023	3902	0	0	0
Aug 16 2023	3902	0	0	0
Aug 17 2023	3902	0	0	0
Aug 18 2023	3902	0	0	0
Aug 19 2023	3902	0	0	0
Aug 20 2023	3902	0	0	0
Aug 21 2023	3902	0	0	0
Aug 22 2023	3902	0	0	0
Aug 23 2023	3902	0	0	0
Aug 24 2023	3902	0	0	0
Aug 25 2023	3902	0	0	0
Aug 26 2023	3902	0	0	0
Aug 27 2023	3902	0	0	0
Aug 28 2023	3902	0	0	0
Aug 29 2023	3902	0	0	0
Aug 30 2023	3902	0	0	0
Aug 31 2023	3902	0	0	0
Sep 01 2023	3902	0	0	0
Sep 02 2023	3902	0	0	0
Sep 03 2023	3902	0	0	0
Sep 04 2023	3902	0	0	0
Sep 05 2023	3902	0	0	0
Sep 06 2023	3902	0	0	0
Sep 07 2023	3902	0	0	0
Sep 08 2023	3902	0	0	0
Sep 09 2023	3902	0	0	0
Sep 10 2023	3902	0	0	0
Sep 11 2023	3902	0	0	0
Sep 12 2023	3902	0	0	0
Sep 13 2023	3902	0	0	0
Sep 14 2023	3902	0	0	0
Sep 15 2023	3902	0	0	0
Sep 16 2023	3902	0	0	0
Sep 17 2023	3902	0	0	0
Sep 18 2023	3902	0	0	0
Sep 19 2023	3902	0	0	0
Sep 20 2023	3902	0	0	0
Sep 21 2023	3902	0	0	0
Sep 22 2023	3902	0	0	0
Sep 23 2023	3902	0	0	0
Sep 24 2023	3902	0	0	0
Sep 25 2023	3902	0	0	0
Sep 26 2023	3902	0	0	0
Sep 27 2023	3902	0	0	0
Sep 28 2023	3902	0	0	0
Sep 29 2023	3902	0	0	0
Sep 30 2023	3902	0	0	0
Oct 01 2023	3902	0	0	0
Oct 02 2023	3902	0	0	0
Oct 03 2023	3902	0	0	0
Oct 04 2023	3902	0	0	0
Oct 05 2023	3902	0	0	0
Oct 06 2023	3902	0	0	0
Oct 07 2023	3902	0	0	0
Oct 08 2023	3902	0	0	0
Oct 09 2023	3902	0	0	0
Oct 10 2023	3902	0	0	0
Oct 11 2023	3902	0	0	0
Oct 12 2023	3902	0	0	0
Oct 13 2023	3902	0	0	0
Oct 14 2023	3902	0	0	0
Oct 15 2023	3902	0	0	0
Oct 16 2023	3902	0	0	0
Oct 17 2023	3902	0	0	0
Oct 18 2023	3902	0	0	0
Oct 19 2023	3902	0	0	0
Oct 20 2023	3902	0	0	0
Oct 21 2023	3902	0	0	0
Oct 22 2023	3902	0	0	0
Oct 23 2023	3902	0	0	0
Oct 24 2023	3902	0	0	0
Oct 25 2023	3902	0	0	0
Oct 26 2023	3902	0	0	0
Oct 27 2023	3902	0	0	0
Oct 28 2023	3902	0	0	0
Oct 29 2023	3902	0	0	0
Oct 30 2023	3916	0	14	0
Oct 31 2023	3916	0	0	0
Nov 01 2023	3916	0	0	0
Nov 02 2023	3916	0	0	0
Nov 03 2023	3916	0	0	0
Nov 04 2023	3916	0	0	0
Nov 05 2023	3916	0	0	0
Nov 06 2023	3916	0	0	0
Nov 07 2023	3916	0	0	0
Nov 08 2023	3916	0	0	0
Nov 09 2023	3916	0	0	0
Nov 10 2023	3916	0	0	0
Nov 11 2023	3916	0	0	0
Nov 12 2023	3916	0	0	0
Nov 13 2023	3917	0	1	0
Nov 14 2023	3917	0	0	0
Nov 15 2023	3917	0	0	0
Nov 16 2023	3917	0	0	0
Nov 17 2023	3917	0	0	0
Nov 18 2023	3917	0	0	0
Nov 19 2023	3917	0	0	0
Nov 20 2023	3917	0	0	0
Nov 21 2023	3917	0	0	0
Nov 22 2023	3917	0	0	0
Nov 23 2023	3917	0	0	0
Nov 24 2023	3917	0	0	0
Nov 25 2023	3917	0	0	0
Nov 26 2023	3917	0	0	0
Nov 27 2023	3919	0	2	0
Nov 28 2023	3919	0	0	0
Nov 29 2023	3919	0	0	0
Nov 30 2023	3919	0	0	0
Dec 01 2023	3919	0	0	0
Dec 02 2023	3919	0	0	0
Dec 03 2023	3919	0	0	0
Dec 04 2023	3919	0	0	0
Dec 05 2023	3919	0	0	0
Dec 06 2023	3919	0	0	0
Dec 07 2023	3919	0	0	0
Dec 08 2023	3919	0	0	0
Dec 09 2023	3919	0	0	0
Dec 10 2023	3919	0	0	0
Dec 11 2023	3919	0	0	0
Dec 12 2023	3919	0	0	0
Dec 13 2023	3919	0	0	0
Dec 14 2023	3919	0	0	0
Dec 15 2023	3919	0	0	0
Dec 16 2023	3919	0	0	0
Dec 17 2023	3919	0	0	0
Dec 18 2023	3919	0	0	0
Dec 19 2023	3919	0	0	0
Dec 20 2023	3919	0	0	0
Dec 21 2023	3919	0	0	0
Dec 22 2023	3919	0	0	0
Dec 23 2023	3919	0	0	0
Dec 24 2023	3919	0	0	0
Dec 25 2023	3919	0	0	0
Dec 26 2023	3919	0	0	0
Dec 27 2023	3919	0	0	0
Dec 28 2023	3919	0	0	0
Dec 29 2023	3919	0	0	0
Dec 30 2023	3919	0	0	0
Dec 31 2023	3919	0	0	0
Jan 01 2024	3919	0	0	0
Jan 02 2024	3919	0	0	0
Jan 03 2024	3919	0	0	0
Jan 04 2024	3919	0	0	0
Jan 05 2024	3919	0	0	0
Jan 06 2024	3919	0	0	0
Jan 07 2024	3919	0	0	0
Jan 08 2024	3919	0	0	0
Jan 09 2024	3919	0	0	0
Jan 10 2024	3919	0	0	0
Jan 11 2024	3919	0	0	0
Jan 12 2024	3919	0	0	0
Jan 13 2024	3919	0	0	0
Jan 14 2024	3919	0	0	0
Jan 15 2024	3919	0	0	0
Jan 16 2024	3919	0	0	0
Jan 17 2024	3919	0	0	0
Jan 18 2024	3919	0	0	0
Jan 19 2024	3919	0	0	0
Jan 20 2024	3919	0	0	0
Jan 21 2024	3919	0	0	0
Jan 22 2024	3919	0	0	0
Jan 23 2024	3919	0	0	0
Jan 24 2024	3919	0	0	0
Jan 25 2024	3919	0	0	0
Jan 26 2024	3919	0	0	0
Jan 27 2024	3919	0	0	0
Jan 28 2024	3919	0	0	0
Jan 29 2024	3919	0	0	0
Jan 30 2024	3919	0	0	0
Jan 31 2024	3919	0	0	0
Feb 01 2024	3919	0	0	0
Feb 02 2024	3919	0	0	0
Feb 03 2024	3919	0	0	0
Feb 04 2024	3919	0	0	0
Feb 05 2024	3919	0	0	0
Feb 06 2024	3919	0	0	0
Feb 07 2024	3919	0	0	0
Feb 08 2024	3919	0	0	0
Feb 09 2024	3919	0	0	0
Feb 10 2024	3919	0	0	0
Feb 11 2024	3919	0	0	0
Feb 12 2024	3919	0	0	0
Feb 13 2024	3919	0	0	0
Feb 14 2024	3919	0	0	0
Feb 15 2024	3919	0	0	0
Feb 16 2024	3919	0	0	0
Feb 17 2024	3919	0	0	0
Feb 18 2024	3919	0	0	0
Feb 19 2024	3919	0	0	0
Feb 20 2024	3919	0	0	0
Feb 21 2024	3919	0	0	0
Feb 22 2024	3919	0	0	0
Feb 23 2024	3919	0	0	0
Feb 24 2024	3919	0	0	0
Feb 25 2024	3919	0	0	0
Feb 26 2024	3919	0	0	0
Feb 27 2024	3919	0	0	0
Feb 28 2024	3919	0	0	0
Feb 29 2024	3919	0	0	0
Mar 01 2024	3919	0	0	0
Mar 02 2024	3919	0	0	0
Mar 03 2024	3919	0	0	0
Mar 04 2024	3919	0	0	0
Mar 05 2024	3919	0	0	0
Mar 06 2024	3919	0	0	0
Mar 07 2024	3919	0	0	0
Mar 08 2024	3919	0	0	0
Mar 09 2024	3919	0	0	0
Mar 10 2024	3919	0	0	0
Mar 11 2024	3919	0	0	0
Mar 12 2024	3919	0	0	0
Mar 13 2024	3919	0	0	0
Mar 14 2024	3919	0	0	0
Mar 15 2024	3919	0	0	0
Mar 16 2024	3919	0	0	0
Mar 17 2024	3919	0	0	0
Mar 18 2024	3919	0	0	0
Mar 19 2024	3919	0	0	0
Mar 20 2024	3919	0	0	0
Mar 21 2024	3919	0	0	0
Mar 22 2024	3919	0	0	0
Mar 23 2024	3919	0	0	0
Mar 24 2024	3919	0	0	0
Mar 25 2024	3919	0	0	0
Mar 26 2024	3919	0	0	0
Mar 27 2024	3919	0	0	0
