Date	Active Cases	Daily Death	New cases	Recoverd Cases
Feb 15 2020	0	0	0	0
Feb 16 2020	0	0	0	0
Feb 17 2020	0	0	0	0
Feb 18 2020	0	0	0	0
Feb 19 2020	0	0	0	0
Feb 20 2020	0	0	0	0
Feb 21 2020	0	0	0	0
Feb 22 2020	0	0	0	0
Feb 23 2020	0	0	0	0
Feb 24 2020	0	0	0	0
Feb 25 2020	0	0	0	0
Feb 26 2020	0	0	0	0
Feb 27 2020	0	0	0	0
Feb 28 2020	0	0	0	0
Feb 29 2020	0	0	0	0
Mar 01 2020	0	0	0	0
Mar 02 2020	0	0	0	0
Mar 03 2020	0	0	0	0
Mar 04 2020	0	0	0	0
Mar 05 2020	0	0	0	0
Mar 06 2020	1	0	0	0
Mar 07 2020	1	0	0	0
Mar 08 2020	1	0	0	0
Mar 09 2020	3	0	2	0
Mar 10 2020	3	0	0	0
Mar 11 2020	9	0	6	0
Mar 12 2020	9	0	0	0
Mar 13 2020	16	0	7	0
Mar 14 2020	24	0	8	0
Mar 15 2020	34	0	10	0
Mar 16 2020	53	0	20	0
Mar 17 2020	64	0	11	0
Mar 18 2020	92	0	28	0
Mar 19 2020	107	0	15	0
Mar 20 2020	144	0	37	0
Mar 21 2020	195	0	51	0
Mar 22 2020	226	0	35	0
Mar 23 2020	271	1	46	0
Mar 24 2020	369	0	101	0
Mar 25 2020	458	1	92	0
Mar 26 2020	477	2	21	0
Mar 27 2020	523	0	48	0
Mar 28 2020	592	0	69	0
Mar 29 2020	682	4	94	0
Mar 30 2020	769	4	96	0
Mar 31 2020	859	2	108	0
Apr 01 2020	1009	1	159	0
Apr 02 2020	1087	2	96	0
Apr 03 2020	1187	6	106	0
Apr 04 2020	1289	7	139	0
Apr 05 2020	1362	3	79	0
Apr 06 2020	1445	11	94	0
Apr 07 2020	1630	4	201	0
Apr 08 2020	1876	5	274	0
Apr 09 2020	1980	14	169	0
Apr 10 2020	2196	11	250	0
Apr 11 2020	2395	20	236	0
Apr 12 2020	2397	9	67	0
Apr 13 2020	2421	3	76	0
Apr 14 2020	2498	15	127	0
Apr 15 2020	2522	4	126	0
Apr 16 2020	2539	13	128	0
Apr 17 2020	2652	9	206	0
Apr 18 2020	2764	13	182	0
Apr 19 2020	2902	13	171	0
Apr 20 2020	2984	10	185	0
Apr 21 2020	3149	7	172	0
Apr 22 2020	3280	10	207	0
Apr 23 2020	3419	9	205	0
Apr 24 2020	3653	10	320	0
Apr 25 2020	3842	8	261	0
Apr 26 2020	4002	11	237	0
Apr 27 2020	4134	9	218	0
Apr 28 2020	4412	16	352	0
Apr 29 2020	4518	9	258	0
Apr 30 2020	4775	15	300	0
May 01 2020	5141	21	499	0
May 02 2020	5295	10	279	0
May 03 2020	5606	16	383	0
May 04 2020	5808	18	305	0
May 05 2020	6222	20	640	0
May 06 2020	6414	19	346	0
May 07 2020	6749	10	497	0
May 08 2020	7199	21	595	0
May 09 2020	7481	17	444	0
May 10 2020	7895	18	568	0
May 11 2020	8309	16	550	0
May 12 2020	8808	14	659	0
May 13 2020	9288	16	658	0
May 14 2020	9727	16	680	0
May 15 2020	10210	21	606	0
May 16 2020	10790	16	723	0
May 17 2020	11249	12	635	0
May 18 2020	11800	18	721	0
May 19 2020	12272	21	640	0
May 20 2020	12801	17	752	0
May 21 2020	13247	22	643	0
May 22 2020	13874	30	801	0
May 23 2020	14754	23	1046	0
May 24 2020	15432	22	998	0
May 25 2020	15966	23	806	0
May 26 2020	16716	26	1022	0
May 27 2020	17190	27	1101	0
May 28 2020	17879	19	1262	0
May 29 2020	18922	31	1322	0
May 30 2020	20225	37	1548	0
May 31 2020	19901	49	1147	0
Jun 01 2020	19863	30	1110	0
Jun 02 2020	19682	40	1340	0
Jun 03 2020	20021	36	1521	0
Jun 04 2020	21112	42	1766	0
Jun 05 2020	21852	58	1515	0
Jun 06 2020	22440	60	1392	0
Jun 07 2020	22655	54	1209	0
Jun 08 2020	22984	49	1483	0
Jun 09 2020	24172	64	1359	0
Jun 10 2020	24916	61	1604	0
Jun 11 2020	25934	55	1530	0
Jun 12 2020	26598	57	1646	0
Jun 13 2020	27728	47	1888	0
Jun 14 2020	29450	75	2193	0
Jun 15 2020	31385	59	2124	0
Jun 16 2020	32764	75	1868	0
Jun 17 2020	33856	63	2115	0
Jun 18 2020	35587	86	3171	0
Jun 19 2020	37243	95	3059	0
Jun 20 2020	38008	81	2357	0
Jun 21 2020	39055	111	3019	0
Jun 22 2020	39905	73	2531	0
Jun 23 2020	40709	94	2389	0
Jun 24 2020	42951	87	3541	0
Jun 25 2020	44596	163	3486	0
Jun 26 2020	46694	157	3843	0
Jun 27 2020	49379	128	4149	0
Jun 28 2020	50383	167	3178	0
Jun 29 2020	51866	117	3274	0
Jun 30 2020	52439	111	2803	0
Jul 01 2020	55132	136	4163	0
Jul 02 2020	57938	171	4101	0
Jul 03 2020	60394	136	3395	0
Jul 04 2020	62884	165	3884	0
Jul 05 2020	65165	122	3721	0
Jul 06 2020	65701	146	3171	0
Jul 07 2020	68274	149	4213	0
Jul 08 2020	70477	168	4144	0
Jul 09 2020	72987	187	5335	0
Jul 10 2020	77051	211	6803	0
Jul 11 2020	79057	194	4586	0
Jul 12 2020	81687	188	5083	0
Jul 13 2020	83013	148	3832	0
Jul 14 2020	85467	170	5621	0
Jul 15 2020	87619	189	5271	0
Jul 16 2020	91013	215	8037	0
Jul 17 2020	95215	259	8934	0
Jul 18 2020	98348	228	8560	0
Jul 19 2020	98749	220	6578	0
Jul 20 2020	101272	193	6727	0
Jul 21 2020	105032	237	7033	0
Jul 22 2020	109442	207	7390	0
Jul 23 2020	110734	315	7945	0
Jul 24 2020	111702	287	7168	0
Jul 25 2020	112859	294	7254	0
Jul 26 2020	115414	256	8181	0
Jul 27 2020	117163	252	8125	0
Jul 28 2020	121621	297	10284	0
Jul 29 2020	123824	380	8670	0
Jul 30 2020	127515	356	9965	0
Jul 31 2020	131016	295	9488	0
Aug 01 2020	135143	225	10673	0
Aug 02 2020	139762	320	11470	0
Aug 03 2020	143106	367	10199	0
Aug 04 2020	143406	298	7129	0
Aug 05 2020	147773	309	10735	0
Aug 06 2020	153416	315	11996	0
Aug 07 2020	156451	311	9486	0
Aug 08 2020	159739	290	9674	0
Aug 09 2020	161951	302	10611	0
Aug 10 2020	162984	312	10142	0
Aug 11 2020	166551	321	12830	0
Aug 12 2020	168897	362	12066	0
Aug 13 2020	169166	308	11286	0
Aug 14 2020	169323	347	11306	0
Aug 15 2020	167459	318	11578	0
Aug 16 2020	165799	287	11643	0
Aug 17 2020	159763	275	8328	0
Aug 18 2020	161180	247	12462	0
Aug 19 2020	159901	360	13056	0
Aug 20 2020	158412	204	11541	0
Aug 21 2020	156630	385	8419	0
Aug 22 2020	156343	400	10965	0
Aug 23 2020	149801	348	8044	0
Aug 24 2020	149913	296	10549	0
Aug 25 2020	148769	277	10432	0
Aug 26 2020	146965	295	10142	0
Aug 27 2020	145761	284	9752	0
Aug 28 2020	142133	299	8498	0
Aug 29 2020	140276	297	9394	0
Aug 30 2020	137953	300	8024	0
Aug 31 2020	136030	299	7230	0
Sep 01 2020	134460	389	8901	0
Sep 02 2020	133423	296	9270	0
Sep 03 2020	131805	270	8235	0
Sep 04 2020	130953	270	8488	0
Sep 05 2020	129530	268	8394	0
Sep 06 2020	126880	256	8065	0
Sep 07 2020	120954	203	5327	0
Sep 08 2020	116234	202	7665	0
Sep 09 2020	111918	236	7343	0
Sep 10 2020	102910	222	7808	0
Sep 11 2020	96876	243	7424	0
Sep 12 2020	93410	216	6876	0
Sep 13 2020	94010	190	7355	0
Sep 14 2020	91844	199	5573	0
Sep 15 2020	97324	165	6698	0
Sep 16 2020	102821	190	7787	0
Sep 17 2020	104823	187	7568	0
Sep 18 2020	105100	185	6526	0
Sep 19 2020	106674	189	7927	0
Sep 20 2020	107669	169	6678	0
Sep 21 2020	105138	189	5359	0
Sep 22 2020	102166	173	7102	0
Sep 23 2020	97245	176	6731	0
Sep 24 2020	90938	178	6555	0
Sep 25 2020	85737	179	7494	0
Sep 26 2020	80630	193	7721	0
Sep 27 2020	76096	192	7018	0
Sep 28 2020	70026	153	5147	0
Sep 29 2020	64060	187	5839	0
Sep 30 2020	60028	170	5637	0
Oct 01 2020	57452	198	5660	0
Oct 02 2020	61181	201	6192	0
Oct 03 2020	63790	159	6616	0
Oct 04 2020	66666	156	6905	0
Oct 05 2020	69014	132	7106	0
Oct 06 2020	71979	173	7650	0
Oct 07 2020	76530	163	7875	0
Oct 08 2020	81190	151	8496	0
Oct 09 2020	86258	164	8121	0
Oct 10 2020	91956	165	8447	0
Oct 11 2020	93695	174	8569	0
Oct 12 2020	92702	151	7767	0
Oct 13 2020	89254	156	5015	0
Oct 14 2020	85186	165	6061	0
Oct 15 2020	81694	151	6823	0
Oct 16 2020	79737	159	8372	0
Oct 17 2020	76101	187	7017	0
Oct 18 2020	72308	167	7201	0
Oct 19 2020	68820	132	6311	0
Oct 20 2020	68136	170	8256	0
Oct 21 2020	67341	192	7561	0
Oct 22 2020	66922	172	8570	0
Oct 23 2020	67488	166	8672	0
Oct 24 2020	70332	198	8769	0
Oct 25 2020	70280	154	8174	0
Oct 26 2020	70660	194	9167	0
Oct 27 2020	69771	217	8166	0
Oct 28 2020	69308	188	8717	0
Oct 29 2020	71848	173	11187	0
Oct 30 2020	72583	209	10029	0
Oct 31 2020	73640	179	11033	0
Nov 01 2020	74002	201	9137	0
Nov 02 2020	75790	155	9935	0
Nov 03 2020	73668	177	6136	0
Nov 04 2020	73869	166	8692	0
Nov 05 2020	74602	196	9893	0
Nov 06 2020	75065	196	9756	0
Nov 07 2020	74770	190	8714	0
Nov 08 2020	73014	196	7440	0
Nov 09 2020	69072	183	5176	0
Nov 10 2020	64290	174	7612	0
Nov 11 2020	61591	164	8651	0
Nov 12 2020	58830	179	8686	0
Nov 13 2020	59688	178	8685	0
Nov 14 2020	59599	160	8307	0
Nov 15 2020	59759	202	7742	0
Nov 16 2020	59127	192	6471	0
Nov 17 2020	57845	158	5911	0
Nov 18 2020	58256	182	6875	0
Nov 19 2020	58336	198	7487	0
Nov 20 2020	59934	168	7954	0
Nov 21 2020	60466	175	7049	0
Nov 22 2020	62198	183	7924	0
Nov 23 2020	60603	192	6562	0
Nov 24 2020	58960	198	7515	0
Nov 25 2020	60172	183	8497	0
Nov 26 2020	62715	159	9496	0
Nov 27 2020	64797	195	10023	0
Nov 28 2020	66008	187	9103	0
Nov 29 2020	67340	183	8763	0
Nov 30 2020	69551	182	8430	0
Dec 01 2020	70211	168	7986	0
Dec 02 2020	71337	183	9297	0
Dec 03 2020	72902	188	9233	0
Dec 04 2020	74150	162	9285	0
Dec 05 2020	74914	166	9642	0
Dec 06 2020	75885	175	8854	0
Dec 07 2020	71510	187	5997	0
Dec 08 2020	68126	163	7510	0
Dec 09 2020	66228	150	7523	0
Dec 10 2020	65007	176	7778	0
Dec 11 2020	65941	185	8998	0
Dec 12 2020	67781	197	8163	0
Dec 13 2020	71885	187	8702	0
Dec 14 2020	73852	142	8742	0
Dec 15 2020	76860	161	10130	0
Dec 16 2020	80873	204	11953	0
Dec 17 2020	85189	227	12196	0
Dec 18 2020	88032	232	13277	0
Dec 19 2020	93251	249	13990	0
Dec 20 2020	93415	207	11160	0
Dec 21 2020	95047	205	10845	0
Dec 22 2020	95288	251	12526	0
Dec 23 2020	99484	243	14233	0
Dec 24 2020	100996	280	14940	0
Dec 25 2020	102308	236	14941	0
Dec 26 2020	98919	253	10196	0
Dec 27 2020	96351	228	9594	0
Dec 28 2020	92392	203	9310	0
Dec 29 2020	89185	246	11015	0
Dec 30 2020	86372	289	11639	0
Dec 31 2020	91143	304	16314	0
Jan 01 2021	90837	282	12105	0
Jan 02 2021	91670	270	11528	0
Jan 03 2021	89502	200	9412	0
Jan 04 2021	89767	222	10311	0
Jan 05 2021	99530	239	16835	0
Jan 06 2021	105470	297	16805	0
Jan 07 2021	111995	344	17576	0
Jan 08 2021	112977	364	18221	0
Jan 09 2021	116015	353	15795	0
Jan 10 2021	119767	330	15537	0
Jan 11 2021	122838	337	15003	0
Jan 12 2021	122408	331	14179	0
Jan 13 2021	119853	342	15898	0
Jan 14 2021	117775	367	17121	0
Jan 15 2021	123854	377	21078	0
Jan 16 2021	130854	388	20855	0
Jan 17 2021	130149	375	17379	0
Jan 18 2021	119906	373	14719	0
Jan 19 2021	119734	398	15939	0
Jan 20 2021	121017	390	17908	0
Jan 21 2021	121024	395	15366	0
Jan 22 2021	125280	399	15073	0
Jan 23 2021	129678	396	15551	0
Jan 24 2021	131943	392	12516	0
Jan 25 2021	126805	373	12261	0
Jan 26 2021	124320	381	13606	0
Jan 27 2021	122741	395	13953	0
Jan 28 2021	120278	390	12270	0
Jan 29 2021	114558	371	10058	0
Jan 30 2021	108755	366	9173	0
Jan 31 2021	102579	333	8078	0
Feb 01 2021	95560	289	9622	0
Feb 02 2021	88679	304	10091	0
Feb 03 2021	81787	301	11025	0
Feb 04 2021	79146	254	9790	0
Feb 05 2021	76316	272	7248	0
Feb 06 2021	73183	290	8547	0
Feb 07 2021	73890	300	6009	0
Feb 08 2021	70944	297	4246	0
Feb 09 2021	62105	217	5442	0
Feb 10 2021	61146	226	6443	0
Feb 11 2021	57449	250	6294	0
Feb 12 2021	55180	213	5528	0
Feb 13 2021	54300	229	4947	0
Feb 14 2021	53883	180	4923	0
Feb 15 2021	50296	181	3510	0
Feb 16 2021	49544	163	4049	0
Feb 17 2021	49939	185	5103	0
Feb 18 2021	48746	200	4824	0
Feb 19 2021	47928	177	4476	0
Feb 20 2021	47863	174	5017	0
Feb 21 2021	47062	149	4244	0
Feb 22 2021	45994	140	3401	0
Feb 23 2021	44980	144	3926	0
Feb 24 2021	44228	142	3953	0
Feb 25 2021	43636	136	3683	0
Feb 26 2021	43400	122	3567	0
Feb 27 2021	43025	142	3343	0
Feb 28 2021	43675	106	3555	0
Mar 01 2021	43761	100	3570	0
Mar 02 2021	43570	106	4339	0
Mar 03 2021	42009	110	3047	0
Mar 04 2021	41584	107	3565	0
Mar 05 2021	41133	111	3371	0
Mar 06 2021	40415	112	3663	0
Mar 07 2021	38954	91	3411	0
Mar 08 2021	37486	95	2205	0
Mar 09 2021	38061	78	3511	0
Mar 10 2021	37714	97	3588	0
Mar 11 2021	38510	85	4579	0
Mar 12 2021	38098	92	4078	0
Mar 13 2021	38528	96	4465	0
Mar 14 2021	39421	97	4062	0
Mar 15 2021	38431	100	2740	0
Mar 16 2021	39008	125	3716	0
Mar 17 2021	40144	130	4554	0
Mar 18 2021	40712	138	5139	0
Mar 19 2021	41013	135	5133	0
Mar 20 2021	43555	136	6761	0
Mar 21 2021	44927	121	5963	0
Mar 22 2021	44787	120	5128	0
Mar 23 2021	45014	126	4946	0
Mar 24 2021	46294	120	5986	0
Mar 25 2021	47360	125	6732	0
Mar 26 2021	48744	126	7395	0
Mar 27 2021	51428	145	8254	0
Mar 28 2021	52015	165	7139	0
Mar 29 2021	52791	124	7049	0
Mar 30 2021	54636	176	7952	0
Mar 31 2021	57440	167	8646	0
Apr 01 2021	61409	192	11449	0
Apr 02 2021	63384	163	10222	0
Apr 03 2021	63909	155	9149	0
Apr 04 2021	64561	162	9022	0
Apr 05 2021	66283	199	10190	0
Apr 06 2021	67356	231	11827	0
Apr 07 2021	69379	243	11381	0
Apr 08 2021	71235	247	12464	0
Apr 09 2021	73357	269	12125	0
Apr 10 2021	77931	325	14509	0
Apr 11 2021	86524	281	17483	0
Apr 12 2021	91048	267	16739	0
Apr 13 2021	94208	326	16377	0
Apr 14 2021	99717	337	16487	0
Apr 15 2021	103459	380	16918	0
Apr 16 2021	109405	365	16703	0
Apr 17 2021	110257	367	16654	0
Apr 18 2021	113121	397	16871	0
Apr 19 2021	110142	420	14189	0
Apr 20 2021	109186	429	16965	0
Apr 21 2021	109773	419	17212	0
Apr 22 2021	112573	430	19306	0
Apr 23 2021	114479	420	19925	0
Apr 24 2021	112731	440	16730	0
Apr 25 2021	114909	465	17190	0
Apr 26 2021	113015	448	12839	0
Apr 27 2021	115825	436	17578	0
Apr 28 2021	119202	490	19745	0
Apr 29 2021	118061	505	17308	0
Apr 30 2021	116696	490	17790	0
May 01 2021	117132	495	18022	0
May 02 2021	118361	485	15909	0
May 03 2021	108773	464	11599	0
May 04 2021	106421	463	14551	0
May 05 2021	103656	388	14806	0
May 06 2021	101467	399	16490	0
May 07 2021	103008	453	17525	0
May 08 2021	101867	492	16910	0
May 09 2021	105030	495	17222	0
May 10 2021	101405	488	12543	0
May 11 2021	104802	429	16425	0
May 12 2021	109831	490	16993	0
May 13 2021	113463	499	19160	0
May 14 2021	115220	490	16581	0
May 15 2021	119907	530	18873	0
May 16 2021	119542	520	15093	0
May 17 2021	118321	509	12984	0
May 18 2021	114595	482	13137	0
May 19 2021	117070	452	16579	0
May 20 2021	114746	490	16086	0
May 21 2021	110208	486	14838	0
May 22 2021	115325	509	18737	0
May 23 2021	121455	496	21669	0
May 24 2021	118079	483	16977	0
May 25 2021	121618	459	21181	0
May 26 2021	128956	514	23487	0
May 27 2021	131110	513	25092	0
May 28 2021	133472	514	23374	0
May 29 2021	133765	540	20494	0
May 30 2021	141036	535	20218	0
May 31 2021	148109	492	23177	0
Jun 01 2021	149719	523	25966	0
Jun 02 2021	150994	511	27000	0
Jun 03 2021	155633	545	28624	0
Jun 04 2021	160056	537	30000	0
Jun 05 2021	164999	532	28971	0
Jun 06 2021	168369	539	24050	0
Jun 07 2021	159977	535	21949	0
Jun 08 2021	153629	427	18586	0
Jun 09 2021	156776	550	24233	0
Jun 10 2021	162015	573	29302	0
Jun 11 2021	164983	569	29570	0
Jun 12 2021	172396	577	29998	0
Jun 13 2021	179790	586	28519	0
Jun 14 2021	170525	588	24376	0
Jun 15 2021	165645	599	24452	0
Jun 16 2021	167161	595	27827	0
Jun 17 2021	171773	596	29945	0
Jun 18 2021	173188	590	28790	0
Jun 19 2021	173726	589	28734	0
Jun 20 2021	178071	599	27818	0
Jun 21 2021	181770	754	23239	0
Jun 22 2021	180757	614	28616	0
Jun 23 2021	183610	645	29995	0
Jun 24 2021	187490	689	32997	0
Jun 25 2021	189037	685	32733	0
Jun 26 2021	192839	693	33594	0
Jun 27 2021	199581	664	32376	0
Jun 28 2021	201607	648	28478	0
Jun 29 2021	198830	608	25880	0
Jun 30 2021	198282	610	27908	0
Jul 01 2021	198086	593	28315	0
Jul 02 2021	195928	586	28005	0
Jul 03 2021	194662	591	26928	0
Jul 04 2021	194452	582	26265	0
Jul 05 2021	190382	570	25366	0
Jul 06 2021	178646	553	26721	0
Jul 07 2021	173849	559	24229	0
Jul 08 2021	166913	577	23275	0
Jul 09 2021	160664	576	21536	0
Jul 10 2021	152041	567	20915	0
Jul 11 2021	144576	528	19423	0
Jul 12 2021	140810	509	18650	0
Jul 13 2021	134372	504	17532	0
Jul 14 2021	133599	498	17230	0
Jul 15 2021	132680	496	18070	0
Jul 16 2021	132045	500	17893	0
Jul 17 2021	132995	498	19925	0
Jul 18 2021	133882	476	18206	0
Jul 19 2021	131142	446	16455	0
Jul 20 2021	128753	378	12829	0
Jul 21 2021	126962	351	11244	0
Jul 22 2021	125707	354	12576	0
Jul 23 2021	124967	352	13164	0
Jul 24 2021	121105	350	11064	0
Jul 25 2021	121005	330	11048	0
Jul 26 2021	112055	314	8503	0
Jul 27 2021	101376	300	11426	0
Jul 28 2021	91992	319	9364	0
Jul 29 2021	88874	325	9690	0
Jul 30 2021	88158	306	9462	0
Jul 31 2021	86078	291	9029	0
Aug 01 2021	85662	275	9094	0
Aug 02 2021	81658	218	6636	0
Aug 03 2021	80355	268	6929	0
Aug 04 2021	78014	211	7084	0
Aug 05 2021	75035	204	6540	0
Aug 06 2021	73695	188	6980	0
Aug 07 2021	69270	190	6051	0
Aug 08 2021	67073	181	4350	0
Aug 09 2021	63697	143	4023	0
Aug 10 2021	61529	167	3948	0
Aug 11 2021	60580	185	5368	0
Aug 12 2021	58283	144	4272	0
Aug 13 2021	56170	124	4027	0
Aug 14 2021	55378	135	4007	0
Aug 15 2021	53447	103	3132	0
Aug 16 2021	52534	121	3161	0
Aug 17 2021	51711	108	3247	0
Aug 18 2021	51064	93	3154	0
Aug 19 2021	49637	120	3193	0
Aug 20 2021	48957	122	3416	0
Aug 21 2021	47558	98	2965	0
Aug 22 2021	46821	95	2640	0
Aug 23 2021	46210	99	2698	0
Aug 24 2021	45296	73	2467	0
Aug 25 2021	45369	86	2448	0
Aug 26 2021	44609	93	1935	0
Aug 27 2021	44582	81	2078	0
Aug 28 2021	44399	95	2141	0
Aug 29 2021	44415	68	1954	0
Aug 30 2021	44914	72	2006	0
Aug 31 2021	45256	62	1822	0
Sep 01 2021	45357	71	1996	0
Sep 02 2021	45294	81	1949	0
Sep 03 2021	45329	61	1850	0
Sep 04 2021	45204	72	2099	0
Sep 05 2021	43351	48	1669	0
Sep 06 2021	39787	53	1124	0
Sep 07 2021	39056	47	1637	0
Sep 08 2021	38787	49	1787	0
Sep 09 2021	38147	53	1803	0
Sep 10 2021	37548	49	1772	0
Sep 11 2021	37011	63	1806	0
Sep 12 2021	37028	55	1671	0
Sep 13 2021	36259	40	1314	0
Sep 14 2021	36160	26	1435	0
Sep 15 2021	35916	40	1570	0
Sep 16 2021	35609	29	1484	0
Sep 17 2021	35601	44	1544	0
Sep 18 2021	35595	34	1655	0
Sep 19 2021	35617	35	1813	0
Sep 20 2021	34671	29	1185	0
Sep 21 2021	34326	38	1373	0
Sep 22 2021	34448	44	1581	0
Sep 23 2021	34292	26	1608	0
Sep 24 2021	33872	36	1702	0
Sep 25 2021	34023	34	1740	0
Sep 26 2021	33815	43	1422	0
Sep 27 2021	33125	33	1015	0
Sep 28 2021	32182	41	1686	0
Sep 29 2021	31620	42	1472	0
Sep 30 2021	31402	38	1429	0
Oct 01 2021	31780	37	1867	0
Oct 02 2021	31362	36	1497	0
Oct 03 2021	31296	29	1413	0
Oct 04 2021	30764	24	1189	0
Oct 05 2021	30492	30	1211	0
Oct 06 2021	30560	32	1393	0
Oct 07 2021	30695	30	1677	0
Oct 08 2021	30459	35	1607	0
Oct 09 2021	30458	33	1587	0
Oct 10 2021	30657	38	1518	0
Oct 11 2021	30102	32	1089	0
Oct 12 2021	29757	37	1075	0
Oct 13 2021	29848	34	1256	0
Oct 14 2021	29861	33	1387	0
Oct 15 2021	29848	37	1646	0
Oct 16 2021	29522	34	1544	0
Oct 17 2021	29402	35	1299	0
Oct 18 2021	28888	21	1043	0
Oct 19 2021	28422	24	952	0
Oct 20 2021	28393	21	1224	0
Oct 21 2021	28544	28	1498	0
Oct 22 2021	28978	35	1772	0
Oct 23 2021	29097	38	1660	0
Oct 24 2021	29090	35	1369	0
Oct 25 2021	29199	32	1536	0
Oct 26 2021	28818	34	1428	0
Oct 27 2021	29144	26	1680	0
Oct 28 2021	29358	36	1750	0
Oct 29 2021	29131	30	1604	0
Oct 30 2021	29145	33	1629	0
Oct 31 2021	29552	23	1710	0
Nov 01 2021	29449	30	1590	0
Nov 02 2021	28854	37	1425	0
Nov 03 2021	28712	32	1697	0
Nov 04 2021	28736	37	1908	0
Nov 05 2021	28808	39	1975	0
Nov 06 2021	28807	32	1999	0
Nov 07 2021	29119	45	2061	0
Nov 08 2021	29073	38	1917	0
Nov 09 2021	29196	39	2199	0
Nov 10 2021	29432	30	2461	0
Nov 11 2021	30116	40	2644	0
Nov 12 2021	30704	41	2559	0
Nov 13 2021	31252	45	2513	0
Nov 14 2021	31716	43	2610	0
Nov 15 2021	31625	24	2321	0
Nov 16 2021	30904	32	2021	0
Nov 17 2021	31176	47	2257	0
Nov 18 2021	30558	51	2121	0
Nov 19 2021	30426	50	2157	0
Nov 20 2021	30930	41	2590	0
Nov 21 2021	31690	39	2649	0
Nov 22 2021	31127	45	2194	0
Nov 23 2021	31125	50	2478	0
Nov 24 2021	31086	48	2520	0
Nov 25 2021	31621	54	2644	0
Nov 26 2021	31612	53	2660	0
Nov 27 2021	31552	51	2620	0
Nov 28 2021	31505	43	2196	0
Nov 29 2021	31391	36	1975	0
Nov 30 2021	31544	55	2296	0
Dec 01 2021	31638	58	2173	0
Dec 02 2021	31515	57	2262	0
Dec 03 2021	31380	42	2299	0
Dec 04 2021	31635	48	2609	0
Dec 05 2021	30973	47	2077	0
Dec 06 2021	30508	41	1698	0
Dec 07 2021	30148	53	1704	0
Dec 08 2021	30348	55	1915	0
Dec 09 2021	30154	40	1627	0
Dec 10 2021	30155	42	1687	0
Dec 11 2021	30148	45	1813	0
Dec 12 2021	30602	51	2026	0
Dec 13 2021	30782	56	2287	0
Dec 14 2021	30184	42	1859	0
Dec 15 2021	30178	51	2066	0
Dec 16 2021	29780	39	1720	0
Dec 17 2021	29960	50	1803	0
Dec 18 2021	30366	54	2016	0
Dec 19 2021	30966	59	2038	0
Dec 20 2021	30731	29	1699	0
Dec 21 2021	30504	47	1766	0
Dec 22 2021	31120	52	1931	0
Dec 23 2021	31912	54	2475	0
Dec 24 2021	33029	46	3060	0
Dec 25 2021	34605	43	3414	0
Dec 26 2021	35801	32	3022	0
Dec 27 2021	37074	37	3281	0
Dec 28 2021	39374	35	4306	0
Dec 29 2021	43520	33	6326	0
Dec 30 2021	49265	35	8436	0
Dec 31 2021	56785	41	10401	0
Jan 01 2022	65657	44	12415	0
Jan 02 2022	73262	40	11318	0
Jan 03 2022	77907	35	9848	0
Jan 04 2022	82308	39	12353	0
Jan 05 2022	92109	40	16259	0
Jan 06 2022	106373	51	23039	0
Jan 07 2022	121852	59	26190	0
Jan 08 2022	140692	38	31170	0
Jan 09 2022	156914	50	30630	0
Jan 10 2022	168049	57	27105	0
Jan 11 2022	172555	65	23074	0
Jan 12 2022	179018	69	29857	0
Jan 13 2022	186631	96	30283	0
Jan 14 2022	191721	106	34923	0
Jan 15 2022	194625	129	35575	0
Jan 16 2022	192257	136	32317	0
Jan 17 2022	178734	134	24272	0
Jan 18 2022	174715	138	28849	0
Jan 19 2022	170633	169	27603	0
Jan 20 2022	170123	190	30506	0
Jan 21 2022	168839	197	31039	0
Jan 22 2022	166522	199	28027	0
Jan 23 2022	166918	217	26087	0
Jan 24 2022	151698	237	21219	0
Jan 25 2022	136292	260	19512	0
Jan 26 2022	120625	282	17889	0
Jan 27 2022	108680	273	17663	0
Jan 28 2022	98904	268	20946	0
Jan 29 2022	96918	272	18450	0
Jan 30 2022	92756	247	16119	0
Jan 31 2022	91798	221	15284	0
Feb 01 2022	88915	251	14454	0
Feb 02 2022	90027	230	15110	0
Feb 03 2022	87079	262	13568	0
Feb 04 2022	80796	239	13390	0
Feb 05 2022	77402	236	12567	0
Feb 06 2022	73361	239	10356	0
Feb 07 2022	74251	235	9080	0
Feb 08 2022	67883	205	9730	0
Feb 09 2022	65838	207	8785	0
Feb 10 2022	61630	179	8269	0
Feb 11 2022	55909	181	5421	0
Feb 12 2022	56507	189	6572	0
Feb 13 2022	50169	162	5532	0
Feb 14 2022	46121	186	3162	0
Feb 15 2022	44890	138	3731	0
Feb 16 2022	45239	147	4142	0
Feb 17 2022	44476	147	4013	0
Feb 18 2022	44254	136	4020	0
Feb 19 2022	44024	127	4498	0
Feb 20 2022	42930	110	3381	0
Feb 21 2022	40868	99	2910	0
Feb 22 2022	39397	80	2174	0
Feb 23 2022	38600	79	2181	0
Feb 24 2022	37417	57	2249	0
Feb 25 2022	36668	80	2159	0
Feb 26 2022	36130	97	2078	0
Feb 27 2022	35534	95	1908	0
Feb 28 2022	35253	74	1882	0
Mar 01 2022	34417	87	1218	0
Mar 02 2022	34135	45	1222	0
Mar 03 2022	33255	40	1051	0
Mar 04 2022	32858	45	1351	0
Mar 05 2022	32382	53	1191	0
Mar 06 2022	32283	54	1088	0
Mar 07 2022	31805	29	952	0
Mar 08 2022	30983	34	760	0
Mar 09 2022	30601	35	739	0
Mar 10 2022	30095	31	719	0
Mar 11 2022	29763	35	782	0
Mar 12 2022	29465	28	677	0
Mar 13 2022	29129	14	486	0
Mar 14 2022	28804	18	469	0
Mar 15 2022	28744	20	573	0
Mar 16 2022	28601	26	626	0
Mar 17 2022	28396	25	744	0
Mar 18 2022	28327	29	665	0
Mar 19 2022	28159	19	693	0
Mar 20 2022	28376	18	542	0
Mar 21 2022	27976	19	508	0
Mar 22 2022	28232	18	294	0
Mar 23 2022	28140	19	293	0
Mar 24 2022	27973	23	351	0
Mar 25 2022	27436	13	366	0
Mar 26 2022	27480	14	348	0
Mar 27 2022	27446	15	352	0
Mar 28 2022	27327	12	296	0
Mar 29 2022	27311	10	301	0
Mar 30 2022	27358	12	311	0
Mar 31 2022	27386	14	365	0
Apr 01 2022	27303	15	354	0
Apr 02 2022	27279	14	348	0
Apr 03 2022	27194	10	308	0
Apr 04 2022	27178	10	307	0
Apr 05 2022	27097	8	251	0
Apr 06 2022	27199	9	327	0
Apr 07 2022	27201	6	312	0
Apr 08 2022	27144	10	320	0
Apr 09 2022	27124	10	294	0
Apr 10 2022	27130	6	297	0
Apr 11 2022	27127	6	301	0
Apr 12 2022	27140	4	284	0
Apr 13 2022	27329	5	293	0
Apr 14 2022	27028	4	264	0
Apr 15 2022	27001	3	205	0
Apr 16 2022	26976	4	159	0
Apr 17 2022	26846	4	122	0
Apr 18 2022	26753	2	129	0
Apr 19 2022	26801	3	207	0
Apr 20 2022	26872	1	248	0
Apr 21 2022	26860	4	274	0
Apr 22 2022	26895	6	283	0
Apr 23 2022	26890	6	291	0
Apr 24 2022	26820	7	249	0
Apr 25 2022	26731	2	208	0
Apr 26 2022	26580	3	202	0
Apr 27 2022	26540	2	206	0
Apr 28 2022	26550	4	208	0
Apr 29 2022	26594	4	236	0
Apr 30 2022	26394	4	264	0
May 01 2022	26394	0	0	0
May 02 2022	26394	0	0	0
May 03 2022	26394	0	0	0
May 04 2022	26394	0	0	0
May 05 2022	26760	12	978	0
May 06 2022	26760	0	0	0
May 07 2022	26760	0	0	0
May 08 2022	26760	0	0	0
May 09 2022	26760	0	0	0
May 10 2022	26760	0	0	0
May 11 2022	26760	0	0	0
May 12 2022	26666	12	1671	0
May 13 2022	26961	2	542	0
May 14 2022	27257	1	542	0
May 15 2022	27553	1	542	0
May 16 2022	27848	2	542	0
May 17 2022	28143	2	542	0
May 18 2022	28438	2	542	0
May 19 2022	28733	2	543	0
May 20 2022	28836	3	663	0
May 21 2022	28765	3	528	0
May 22 2022	28834	3	675	0
May 23 2022	28860	3	627	0
May 24 2022	28892	3	591	0
May 25 2022	29021	3	638	0
May 26 2022	29370	3	622	0
May 27 2022	29599	2	833	0
May 28 2022	29701	2	773	0
May 29 2022	29817	2	738	0
May 30 2022	29872	1	756	0
May 31 2022	30090	2	886	0
Jun 01 2022	30635	2	825	0
Jun 02 2022	30891	1	535	0
Jun 03 2022	30790	1	304	0
Jun 04 2022	31329	5	1457	0
Jun 05 2022	31868	5	1457	0
Jun 06 2022	32408	4	1457	0
Jun 07 2022	32948	4	1457	0
Jun 08 2022	33488	4	1457	0
Jun 09 2022	34028	5	1457	0
Jun 10 2022	34813	4	1973	0
Jun 11 2022	35598	4	1973	0
Jun 12 2022	36384	3	1973	0
Jun 13 2022	37169	4	1973	0
Jun 14 2022	37955	3	1973	0
Jun 15 2022	38741	3	1973	0
Jun 16 2022	39527	3	1972	0
Jun 17 2022	40494	8	2814	0
Jun 18 2022	41461	8	2814	0
Jun 19 2022	42428	8	2814	0
Jun 20 2022	43396	7	2814	0
Jun 21 2022	44364	7	2814	0
Jun 22 2022	45332	7	2814	0
Jun 23 2022	46301	7	2813	0
Jun 24 2022	46909	15	3403	0
Jun 25 2022	47516	16	3403	0
Jun 26 2022	48125	14	3403	0
Jun 27 2022	48734	14	3403	0
Jun 28 2022	49341	16	3403	0
Jun 29 2022	49950	14	3403	0
Jun 30 2022	50565	11	3409	0
Jul 01 2022	50571	18	3381	0
Jul 02 2022	50577	18	3381	0
Jul 03 2022	50583	18	3381	0
Jul 04 2022	50587	20	3381	0
Jul 05 2022	50593	18	3381	0
Jul 06 2022	50597	20	3381	0
Jul 07 2022	50602	20	3381	0
Jul 08 2022	50705	23	3521	0
Jul 09 2022	50808	23	3521	0
Jul 10 2022	50911	23	3521	0
Jul 11 2022	51014	23	3521	0
Jul 12 2022	51118	22	3521	0
Jul 13 2022	51221	23	3521	0
Jul 14 2022	51317	26	3523	0
Jul 15 2022	51583	34	3448	0
Jul 16 2022	51849	34	3448	0
Jul 17 2022	52115	34	3448	0
Jul 18 2022	52381	34	3448	0
Jul 19 2022	52647	34	3448	0
Jul 20 2022	52913	34	3448	0
Jul 21 2022	53178	34	3449	0
Jul 22 2022	53263	32	2600	0
Jul 23 2022	51940	35	2594	0
Jul 24 2022	50617	35	2594	0
Jul 25 2022	49294	35	2594	0
Jul 26 2022	47971	35	2594	0
Jul 27 2022	46648	35	2594	0
Jul 28 2022	45325	35	2594	0
Jul 29 2022	44704	32	1885	0
Jul 30 2022	44092	23	1885	0
Jul 31 2022	43471	32	1885	0
Aug 01 2022	42849	33	1885	0
Aug 02 2022	42226	34	1885	0
Aug 03 2022	41600	37	1885	0
Aug 04 2022	40977	39	1890	0
Aug 05 2022	40231	31	1056	0
Aug 06 2022	39486	30	1056	0
Aug 07 2022	38740	31	1056	0
Aug 08 2022	37984	41	1056	0
Aug 09 2022	37239	30	1056	0
Aug 10 2022	36493	31	1056	0
Aug 11 2022	35756	18	1058	0
Aug 12 2022	35700	17	968	0
Aug 13 2022	35696	17	990	0
Aug 14 2022	35682	17	985	0
Aug 15 2022	35673	17	979	0
Aug 16 2022	35672	17	964	0
Aug 17 2022	35578	17	966	0
Aug 18 2022	35455	17	886	0
Aug 19 2022	35477	17	923	0
Aug 20 2022	35500	16	923	0
Aug 21 2022	35523	16	923	0
Aug 22 2022	35546	16	923	0
Aug 23 2022	35569	16	923	0
Aug 24 2022	35592	16	923	0
Aug 25 2022	35619	16	927	0
Aug 26 2022	35203	18	459	0
Aug 27 2022	34788	17	459	0
Aug 28 2022	34373	17	459	0
Aug 29 2022	33956	19	459	0
Aug 30 2022	33540	18	459	0
Aug 31 2022	33123	19	459	0
Sep 01 2022	32703	19	460	0
Sep 02 2022	32703	0	0	0
Sep 03 2022	32703	0	0	0
Sep 04 2022	32703	0	0	0
Sep 05 2022	32703	0	0	0
Sep 06 2022	32703	0	0	0
Sep 07 2022	32703	0	0	0
Sep 08 2022	31361	62	1508	0
Sep 09 2022	31332	6	177	0
Sep 10 2022	31301	6	175	0
Sep 11 2022	31270	6	175	0
Sep 12 2022	31254	5	189	0
Sep 13 2022	31206	5	157	0
Sep 14 2022	31186	5	185	0
Sep 15 2022	31171	5	187	0
Sep 16 2022	31171	0	0	0
Sep 17 2022	31171	0	0	0
Sep 18 2022	31171	0	0	0
Sep 19 2022	31171	0	0	0
Sep 20 2022	31171	0	0	0
Sep 21 2022	31171	0	0	0
Sep 22 2022	30998	23	990	0
Sep 23 2022	30998	0	0	0
Sep 24 2022	30998	0	0	0
Sep 25 2022	30998	0	0	0
Sep 26 2022	30998	0	0	0
Sep 27 2022	30998	0	0	0
Sep 28 2022	30998	0	0	0
Sep 29 2022	30888	25	820	0
Sep 30 2022	30888	0	0	0
Oct 01 2022	30888	0	0	0
Oct 02 2022	30888	0	0	0
Oct 03 2022	30888	0	0	0
Oct 04 2022	30888	0	0	0
Oct 05 2022	30888	0	0	0
Oct 06 2022	30465	13	715	0
Oct 07 2022	30465	0	0	0
Oct 08 2022	30465	0	0	0
Oct 09 2022	30465	0	0	0
Oct 10 2022	30465	0	0	0
Oct 11 2022	30465	0	0	0
Oct 12 2022	30465	0	0	0
Oct 13 2022	30147	13	471	0
Oct 14 2022	30147	0	0	0
Oct 15 2022	30147	0	0	0
Oct 16 2022	30147	0	0	0
Oct 17 2022	30147	0	0	0
Oct 18 2022	30147	0	0	0
Oct 19 2022	30147	0	0	0
Oct 20 2022	29990	7	610	0
Oct 21 2022	29990	0	0	0
Oct 22 2022	29990	0	0	0
Oct 23 2022	29990	0	0	0
Oct 24 2022	29990	0	0	0
Oct 25 2022	29990	0	0	0
Oct 26 2022	29990	0	0	0
Oct 27 2022	30001	10	548	0
Oct 28 2022	30001	0	0	0
Oct 29 2022	30001	0	0	0
Oct 30 2022	30001	0	0	0
Oct 31 2022	30001	0	0	0
Nov 01 2022	30001	0	0	0
Nov 02 2022	30001	0	0	0
Nov 03 2022	30129	13	616	0
Nov 04 2022	30129	0	0	0
Nov 05 2022	30129	0	0	0
Nov 06 2022	30129	0	0	0
Nov 07 2022	30129	0	0	0
Nov 08 2022	30129	0	0	0
Nov 09 2022	30129	0	0	0
Nov 10 2022	30666	12	1027	0
Nov 11 2022	30666	0	0	0
Nov 12 2022	30666	0	0	0
Nov 13 2022	30666	0	0	0
Nov 14 2022	30666	0	0	0
Nov 15 2022	30666	0	0	0
Nov 16 2022	30666	0	0	0
Nov 17 2022	31048	19	1298	0
Nov 18 2022	31048	0	0	0
Nov 19 2022	31048	0	0	0
Nov 20 2022	31048	0	0	0
Nov 21 2022	31048	0	0	0
Nov 22 2022	31048	0	0	0
Nov 23 2022	31048	0	0	0
Nov 24 2022	32040	14	2112	0
Nov 25 2022	32040	0	0	0
Nov 26 2022	32040	0	0	0
Nov 27 2022	32040	0	0	0
Nov 28 2022	32040	0	0	0
Nov 29 2022	32040	0	0	0
Nov 30 2022	32040	0	0	0
Dec 01 2022	33470	16	3252	0
Dec 02 2022	33470	0	0	0
Dec 03 2022	33470	0	0	0
Dec 04 2022	33470	0	0	0
Dec 05 2022	33470	0	0	0
Dec 06 2022	33470	0	0	0
Dec 07 2022	33470	0	0	0
Dec 08 2022	35947	32	5336	0
Dec 09 2022	35947	0	0	0
Dec 10 2022	35947	0	0	0
Dec 11 2022	35947	0	0	0
Dec 12 2022	35947	0	0	0
Dec 13 2022	35947	0	0	0
Dec 14 2022	35947	0	0	0
Dec 15 2022	37842	53	7052	0
Dec 16 2022	37842	0	0	0
Dec 17 2022	37842	0	0	0
Dec 18 2022	37842	0	0	0
Dec 19 2022	37842	0	0	0
Dec 20 2022	37842	0	0	0
Dec 21 2022	37842	0	0	0
Dec 22 2022	39316	80	7930	0
Dec 23 2022	39316	0	0	0
Dec 24 2022	39316	0	0	0
Dec 25 2022	39316	0	0	0
Dec 26 2022	39316	0	0	0
Dec 27 2022	39316	0	0	0
Dec 28 2022	39316	0	0	0
Dec 29 2022	38643	103	6776	0
Dec 30 2022	38643	0	0	0
Dec 31 2022	38643	0	0	0
Jan 01 2023	38643	0	0	0
Jan 02 2023	38643	0	0	0
Jan 03 2023	38643	0	0	0
Jan 04 2023	38643	0	0	0
Jan 05 2023	38643	0	0	0
Jan 06 2023	37352	80	4856	0
Jan 07 2023	37352	0	0	0
Jan 08 2023	37352	0	0	0
Jan 09 2023	37352	0	0	0
Jan 10 2023	37352	0	0	0
Jan 11 2023	37352	0	0	0
Jan 12 2023	37352	0	0	0
Jan 13 2023	37352	0	0	0
Jan 14 2023	37352	0	0	0
Jan 15 2023	37352	0	0	0
Jan 16 2023	37352	0	0	0
Jan 17 2023	37352	0	0	0
Jan 18 2023	37352	0	0	0
Jan 19 2023	37352	0	0	0
Jan 20 2023	37163	126	4820	0
Jan 21 2023	37163	0	0	0
Jan 22 2023	37163	0	0	0
Jan 23 2023	37163	0	0	0
Jan 24 2023	37163	0	0	0
Jan 25 2023	34322	101	1518	0
Jan 26 2023	34322	0	0	0
Jan 27 2023	34322	0	0	0
Jan 28 2023	34322	0	0	0
Jan 29 2023	34322	0	0	0
Jan 30 2023	34322	0	0	0
Jan 31 2023	34322	0	0	0
Feb 01 2023	33225	58	891	0
Feb 02 2023	33225	0	0	0
Feb 03 2023	33225	0	0	0
Feb 04 2023	33225	0	0	0
Feb 05 2023	33225	0	0	0
Feb 06 2023	33225	0	0	0
Feb 07 2023	33225	0	0	0
Feb 08 2023	33578	32	868	0
Feb 09 2023	33578	0	0	0
Feb 10 2023	33578	0	0	0
Feb 11 2023	33578	0	0	0
Feb 12 2023	33578	0	0	0
Feb 13 2023	33578	0	0	0
Feb 14 2023	33578	0	0	0
Feb 15 2023	33875	20	707	0
Feb 16 2023	33875	0	0	0
Feb 17 2023	33875	0	0	0
Feb 18 2023	33875	0	0	0
Feb 19 2023	33875	0	0	0
Feb 20 2023	33875	0	0	0
Feb 21 2023	33875	0	0	0
Feb 22 2023	34545	19	689	0
Feb 23 2023	34545	0	0	0
Feb 24 2023	34545	0	0	0
Feb 25 2023	34545	0	0	0
Feb 26 2023	34545	0	0	0
Feb 27 2023	34545	0	0	0
Feb 28 2023	34545	0	0	0
Mar 01 2023	33802	14	625	0
Mar 02 2023	33802	0	0	0
Mar 03 2023	33802	0	0	0
Mar 04 2023	33802	0	0	0
Mar 05 2023	33802	0	0	0
Mar 06 2023	33802	0	0	0
Mar 07 2023	33802	0	0	0
Mar 08 2023	33795	10	691	0
Mar 09 2023	33795	0	0	0
Mar 10 2023	33795	0	0	0
Mar 11 2023	33795	0	0	0
Mar 12 2023	33795	0	0	0
Mar 13 2023	33795	0	0	0
Mar 14 2023	33795	0	0	0
Mar 15 2023	33795	0	0	0
Mar 16 2023	33786	13	513	0
Mar 17 2023	33786	0	0	0
Mar 18 2023	33786	0	0	0
Mar 19 2023	33786	0	0	0
Mar 20 2023	33786	0	0	0
Mar 21 2023	33786	0	0	0
Mar 22 2023	33818	13	517	0
Mar 23 2023	33818	0	0	0
Mar 24 2023	33818	0	0	0
Mar 25 2023	33818	0	0	0
Mar 26 2023	33818	0	0	0
Mar 27 2023	33818	0	0	0
Mar 28 2023	33818	0	0	0
Mar 29 2023	33965	13	502	0
Mar 30 2023	33965	0	0	0
Mar 31 2023	33965	0	0	0
Apr 01 2023	33965	0	0	0
Apr 02 2023	33965	0	0	0
Apr 03 2023	33965	0	0	0
Apr 04 2023	33965	0	0	0
Apr 05 2023	34362	12	746	0
Apr 06 2023	34362	0	0	0
Apr 07 2023	34362	0	0	0
Apr 08 2023	34362	0	0	0
Apr 09 2023	34362	0	0	0
Apr 10 2023	34362	0	0	0
Apr 11 2023	34362	0	0	0
Apr 12 2023	34345	8	486	0
Apr 13 2023	34345	0	0	0
Apr 14 2023	34345	0	0	0
Apr 15 2023	34345	0	0	0
Apr 16 2023	34345	0	0	0
Apr 17 2023	34345	0	0	0
Apr 18 2023	34345	0	0	0
Apr 19 2023	34345	0	0	0
Apr 20 2023	34525	8	470	0
Apr 21 2023	34525	0	0	0
Apr 22 2023	34525	0	0	0
Apr 23 2023	34525	0	0	0
Apr 24 2023	34525	0	0	0
Apr 25 2023	34525	0	0	0
Apr 26 2023	34525	0	0	0
Apr 27 2023	34876	7	622	0
Apr 28 2023	34876	0	0	0
Apr 29 2023	34876	0	0	0
Apr 30 2023	34876	0	0	0
May 01 2023	34876	0	0	0
May 02 2023	34876	0	0	0
May 03 2023	35046	9	626	0
May 04 2023	35046	0	0	0
May 05 2023	35046	0	0	0
May 06 2023	35046	0	0	0
May 07 2023	35046	0	0	0
May 08 2023	35046	0	0	0
May 09 2023	35046	0	0	0
May 10 2023	35303	5	732	0
May 11 2023	35303	0	0	0
May 12 2023	35303	0	0	0
May 13 2023	35303	0	0	0
May 14 2023	35303	0	0	0
May 15 2023	35303	0	0	0
May 16 2023	35303	0	0	0
May 17 2023	35577	14	783	0
May 18 2023	35577	0	0	0
May 19 2023	35577	0	0	0
May 20 2023	35577	0	0	0
May 21 2023	35577	0	0	0
May 22 2023	35577	0	0	0
May 23 2023	35577	0	0	0
May 24 2023	35885	7	823	0
May 25 2023	35885	0	0	0
May 26 2023	35885	0	0	0
May 27 2023	35885	0	0	0
May 28 2023	35885	0	0	0
May 29 2023	35885	0	0	0
May 30 2023	35885	0	0	0
May 31 2023	35885	0	0	0
Jun 01 2023	36451	17	1334	0
Jun 02 2023	36451	0	0	0
Jun 03 2023	36451	0	0	0
Jun 04 2023	36451	0	0	0
Jun 05 2023	36451	0	0	0
Jun 06 2023	36451	0	0	0
Jun 07 2023	36453	15	982	0
Jun 08 2023	36453	0	0	0
Jun 09 2023	36453	0	0	0
Jun 10 2023	36453	0	0	0
Jun 11 2023	36453	0	0	0
Jun 12 2023	36453	0	0	0
Jun 13 2023	36453	0	0	0
Jun 14 2023	37613	14	1174	0
Jun 15 2023	37613	0	0	0
Jun 16 2023	37613	0	0	0
Jun 17 2023	37613	0	0	0
Jun 18 2023	37613	0	0	0
Jun 19 2023	37613	0	0	0
Jun 20 2023	37613	0	0	0
Jun 21 2023	38902	13	1302	0
Jun 22 2023	38902	0	0	0
Jun 23 2023	38902	0	0	0
Jun 24 2023	38902	0	0	0
Jun 25 2023	38902	0	0	0
Jun 26 2023	38902	0	0	0
Jun 27 2023	38902	0	0	0
Jun 28 2023	40080	29	1207	0
Jun 29 2023	40080	0	0	0
Jun 30 2023	40080	0	0	0
Jul 01 2023	40080	0	0	0
Jul 02 2023	40080	0	0	0
Jul 03 2023	40080	0	0	0
Jul 04 2023	40080	0	0	0
Jul 05 2023	40977	25	922	0
Jul 06 2023	40977	0	0	0
Jul 07 2023	40977	0	0	0
Jul 08 2023	40977	0	0	0
Jul 09 2023	40977	0	0	0
Jul 10 2023	40977	0	0	0
Jul 11 2023	40977	0	0	0
Jul 12 2023	41832	31	886	0
Jul 13 2023	41832	0	0	0
Jul 14 2023	41832	0	0	0
Jul 15 2023	41832	0	0	0
Jul 16 2023	41832	0	0	0
Jul 17 2023	41832	0	0	0
Jul 18 2023	41832	0	0	0
Jul 19 2023	42634	30	832	0
Jul 20 2023	42634	0	0	0
Jul 21 2023	42634	0	0	0
Jul 22 2023	42634	0	0	0
Jul 23 2023	42634	0	0	0
Jul 24 2023	42634	0	0	0
Jul 25 2023	42634	0	0	0
Jul 26 2023	43517	20	903	0
Jul 27 2023	43517	0	0	0
Jul 28 2023	43517	0	0	0
Jul 29 2023	43517	0	0	0
Jul 30 2023	43517	0	0	0
Jul 31 2023	43517	0	0	0
Aug 01 2023	43517	0	0	0
Aug 02 2023	44356	19	858	0
Aug 03 2023	44356	0	0	0
Aug 04 2023	44356	0	0	0
Aug 05 2023	44356	0	0	0
Aug 06 2023	44356	0	0	0
Aug 07 2023	44356	0	0	0
Aug 08 2023	44356	0	0	0
Aug 09 2023	44989	20	653	0
Aug 10 2023	44989	0	0	0
Aug 11 2023	44989	0	0	0
Aug 12 2023	44989	0	0	0
Aug 13 2023	44989	0	0	0
Aug 14 2023	44989	0	0	0
Aug 15 2023	44989	0	0	0
Aug 16 2023	45729	14	754	0
Aug 17 2023	45729	0	0	0
Aug 18 2023	45729	0	0	0
Aug 19 2023	45729	0	0	0
Aug 20 2023	45729	0	0	0
Aug 21 2023	45729	0	0	0
Aug 22 2023	45729	0	0	0
Aug 23 2023	46271	14	556	0
Aug 24 2023	46271	0	0	0
Aug 25 2023	35657	0	0	0
Aug 26 2023	35657	0	0	0
Aug 27 2023	35657	0	0	0
Aug 28 2023	35657	0	0	0
Aug 29 2023	35657	0	0	0
Aug 30 2023	36369	10	722	0
Aug 31 2023	36369	0	0	0
Sep 01 2023	36008	0	0	0
Sep 02 2023	36008	0	0	0
Sep 03 2023	36008	0	0	0
Sep 04 2023	36008	0	0	0
Sep 05 2023	36008	0	0	0
Sep 06 2023	36562	8	562	0
Sep 07 2023	36562	0	0	0
Sep 08 2023	36293	0	0	0
Sep 09 2023	36293	0	0	0
Sep 10 2023	36293	0	0	0
Sep 11 2023	36293	0	0	0
Sep 12 2023	36293	0	0	0
Sep 13 2023	36816	5	528	0
Sep 14 2023	36816	0	0	0
Sep 15 2023	36605	0	0	0
Sep 16 2023	36605	0	0	0
Sep 17 2023	36605	0	0	0
Sep 18 2023	36605	0	0	0
Sep 19 2023	36605	0	0	0
Sep 20 2023	37039	7	441	0
Sep 21 2023	37039	0	0	0
Sep 22 2023	37039	0	0	0
Sep 23 2023	37039	0	0	0
Sep 24 2023	37039	0	0	0
Sep 25 2023	37039	0	0	0
Sep 26 2023	37039	0	0	0
Sep 27 2023	37448	3	412	0
Sep 28 2023	37448	0	0	0
Sep 29 2023	37448	0	0	0
Sep 30 2023	37448	0	0	0
Oct 01 2023	37448	0	0	0
Oct 02 2023	37448	0	0	0
Oct 03 2023	37448	0	0	0
Oct 04 2023	37680	0	340	0
Oct 05 2023	37680	0	0	0
Oct 06 2023	37680	0	0	0
Oct 07 2023	37680	0	0	0
Oct 08 2023	37680	0	0	0
Oct 09 2023	37680	0	0	0
Oct 10 2023	37680	0	0	0
Oct 11 2023	37680	0	0	0
Oct 12 2023	37680	0	0	0
Oct 13 2023	37680	0	0	0
Oct 14 2023	37680	0	0	0
Oct 15 2023	37680	0	0	0
Oct 16 2023	37680	0	0	0
Oct 17 2023	37680	0	0	0
Oct 18 2023	38277	23	620	0
Oct 19 2023	38277	0	0	0
Oct 20 2023	38277	0	0	0
Oct 21 2023	38277	0	0	0
Oct 22 2023	38277	0	0	0
Oct 23 2023	38277	0	0	0
Oct 24 2023	38277	0	0	0
Oct 25 2023	37501	2	421	0
Oct 26 2023	37501	0	0	0
Oct 27 2023	37501	0	0	0
Oct 28 2023	37501	0	0	0
Oct 29 2023	37501	0	0	0
Oct 30 2023	37501	0	0	0
Oct 31 2023	37501	0	0	0
Nov 01 2023	37501	0	0	0
Nov 02 2023	37501	0	0	0
Nov 03 2023	38105	11	615	0
Nov 04 2023	38105	0	0	0
Nov 05 2023	38105	0	0	0
Nov 06 2023	38105	0	0	0
Nov 07 2023	38105	0	0	0
Nov 08 2023	38105	0	0	0
Nov 09 2023	38105	0	0	0
Nov 10 2023	38291	1	187	0
Nov 11 2023	38291	0	0	0
Nov 12 2023	38291	0	0	0
Nov 13 2023	38291	0	0	0
Nov 14 2023	38291	0	0	0
Nov 15 2023	38291	0	0	0
Nov 16 2023	38291	0	0	0
Nov 17 2023	38371	0	80	0
Nov 18 2023	38371	0	0	0
Nov 19 2023	38371	0	0	0
Nov 20 2023	38350	21	0	0
Nov 21 2023	38349	1	0	0
Nov 22 2023	38348	1	0	0
Nov 23 2023	38348	0	0	0
Nov 24 2023	38347	1	0	0
Nov 25 2023	38346	1	0	0
Nov 26 2023	38344	2	0	0
Nov 27 2023	38342	2	0	0
Nov 28 2023	38342	0	0	0
Nov 29 2023	38341	1	0	0
Nov 30 2023	38341	0	0	0
Dec 01 2023	38341	0	0	0
Dec 02 2023	38341	0	0	0
Dec 03 2023	38341	0	0	0
Dec 04 2023	38341	0	0	0
Dec 05 2023	39605	2	1266	0
Dec 06 2023	39882	0	277	0
Dec 07 2023	39936	0	54	0
Dec 08 2023	40017	0	81	0
Dec 09 2023	37324	0	62	0
Dec 10 2023	37394	0	70	0
Dec 11 2023	37470	0	76	0
Dec 12 2023	37543	0	73	0
Dec 13 2023	37618	0	75	0
Dec 14 2023	37686	0	68	0
Dec 15 2023	37765	0	79	0
Dec 16 2023	37840	3	78	0
Dec 17 2023	37894	0	54	0
Dec 18 2023	37982	1	89	0
Dec 19 2023	38085	0	103	0
Dec 20 2023	38177	0	92	0
Dec 21 2023	38256	1	80	0
Dec 22 2023	38339	0	83	0
Dec 23 2023	38409	0	70	0
Dec 24 2023	38503	1	95	0
Dec 25 2023	38584	0	81	0
Dec 26 2023	38694	0	110	0
Dec 27 2023	38789	0	95	0
Dec 28 2023	37241	0	75	0
Dec 29 2023	37300	0	66	0
Dec 30 2023	37364	7	472	0
Dec 31 2023	37439	0	149	0
Jan 01 2024	38148	0	759	0
Jan 02 2024	37846	10	291	0
Jan 03 2024	37397	8	307	0
Jan 04 2024	37514	1	275	0
Jan 05 2024	37651	3	311	0
Jan 06 2024	37795	1	327	0
Jan 07 2024	37948	5	374	0
Jan 08 2024	38145	4	418	0
Jan 09 2024	38351	4	403	0
Jan 10 2024	38587	4	420	0
Jan 11 2024	38586	3	388	0
Jan 12 2024	38972	4	400	0
Jan 13 2024	39154	0	377	0
Jan 14 2024	39364	0	400	0
Jan 15 2024	39595	1	378	0
Jan 16 2024	39779	8	297	0
Jan 17 2024	39962	2	241	0
Jan 18 2024	40161	0	234	0
Jan 19 2024	40379	0	239	0
Jan 20 2024	40699	0	330	0
Jan 21 2024	40933	2	236	0
Jan 22 2024	41204	0	271	0
Jan 23 2024	41426	0	222	0
Jan 24 2024	41628	0	202	0
Jan 25 2024	41852	1	225	0
Jan 26 2024	42067	1	216	0
Jan 27 2024	42249	4	186	0
Jan 28 2024	42426	1	178	0
Jan 29 2024	42602	0	176	0
Jan 30 2024	42783	0	181	0
Jan 31 2024	42947	3	167	0
Feb 01 2024	43115	0	168	0
Feb 02 2024	43256	0	141	0
Feb 03 2024	43383	1	128	0
Feb 04 2024	43543	0	160	0
Feb 05 2024	43705	0	162	0
Feb 06 2024	43863	0	158	0
Feb 07 2024	44015	0	152	0
Feb 08 2024	44109	1	95	0
Feb 09 2024	44222	2	115	0
Feb 10 2024	44320	0	98	0
Feb 11 2024	44437	0	117	0
Feb 12 2024	44543	0	106	0
Feb 13 2024	44634	1	92	0
Feb 14 2024	44706	0	72	0
Feb 15 2024	44760	0	54	0
Feb 16 2024	44791	1	32	0
Feb 17 2024	44821	0	30	0
Feb 18 2024	44821	0	0	0
Feb 19 2024	44821	0	0	0
Feb 20 2024	44821	0	0	0
Feb 21 2024	44821	0	0	0
Feb 22 2024	44821	0	0	0
Feb 23 2024	44821	0	0	0
Feb 24 2024	44821	0	0	0
Feb 25 2024	44821	0	0	0
Feb 26 2024	44821	0	0	0
Feb 27 2024	44821	0	0	0
Feb 28 2024	44821	0	0	0
Feb 29 2024	44821	0	0	0
Mar 01 2024	44821	0	0	0
Mar 02 2024	44821	0	0	0
Mar 03 2024	44821	0	0	0
Mar 04 2024	44821	0	0	0
Mar 05 2024	44821	0	0	0
Mar 06 2024	44821	0	0	0
Mar 07 2024	44821	0	0	0
Mar 08 2024	44821	0	0	0
Mar 09 2024	44821	0	0	0
Mar 10 2024	44821	0	0	0
Mar 11 2024	44821	0	0	0
Mar 12 2024	44821	0	0	0
Mar 13 2024	44821	0	0	0
Mar 14 2024	44821	0	0	0
Mar 15 2024	44821	0	0	0
Mar 16 2024	44821	0	0	0
Mar 17 2024	44821	0	0	0
Mar 18 2024	44821	0	0	0
Mar 19 2024	44821	0	0	0
Mar 20 2024	44821	0	0	0
Mar 21 2024	44821	0	0	0
Mar 22 2024	44821	0	0	0
Mar 23 2024	44821	0	0	0
Mar 24 2024	44821	0	0	0
Mar 25 2024	44821	0	0	0
Mar 26 2024	44821	0	0	0
Mar 27 2024	44821	0	0	0
