Date	Active Cases	Daily Death	New cases	Recoverd Cases
Feb 15 2020	0	0	0	0
Feb 16 2020	0	0	0	0
Feb 17 2020	0	0	0	0
Feb 18 2020	0	0	0	0
Feb 19 2020	0	0	0	0
Feb 20 2020	0	0	0	0
Feb 21 2020	0	0	0	0
Feb 22 2020	0	0	0	0
Feb 23 2020	0	0	0	0
Feb 24 2020	0	0	0	0
Feb 25 2020	0	0	0	0
Feb 26 2020	0	0	0	0
Feb 27 2020	0	0	0	0
Feb 28 2020	0	0	0	0
Feb 29 2020	0	0	0	0
Mar 01 2020	0	0	0	0
Mar 02 2020	0	0	0	0
Mar 03 2020	0	0	0	0
Mar 04 2020	0	0	0	0
Mar 05 2020	0	0	0	0
Mar 06 2020	0	0	0	0
Mar 07 2020	0	0	0	0
Mar 08 2020	0	0	0	0
Mar 09 2020	0	0	0	0
Mar 10 2020	0	0	0	0
Mar 11 2020	0	0	0	0
Mar 12 2020	0	0	0	0
Mar 13 2020	1	0	0	0
Mar 14 2020	1	0	0	0
Mar 15 2020	4	0	3	0
Mar 16 2020	5	0	1	0
Mar 17 2020	6	0	1	0
Mar 18 2020	6	0	0	0
Mar 19 2020	7	0	1	0
Mar 20 2020	9	0	2	0
Mar 21 2020	9	0	0	0
Mar 22 2020	11	0	2	0
Mar 23 2020	11	0	0	0
Mar 24 2020	12	0	1	0
Mar 25 2020	12	0	0	0
Mar 26 2020	12	0	0	0
Mar 27 2020	16	0	4	0
Mar 28 2020	15	0	0	0
Mar 29 2020	20	0	5	0
Mar 30 2020	19	0	2	0
Mar 31 2020	24	0	3	0
Apr 01 2020	27	0	3	0
Apr 02 2020	26	0	0	0
Apr 03 2020	32	0	6	0
Apr 04 2020	34	0	3	0
Apr 05 2020	37	0	5	0
Apr 06 2020	38	0	1	0
Apr 07 2020	46	0	8	0
Apr 08 2020	49	0	3	0
Apr 09 2020	50	0	1	0
Apr 10 2020	58	1	9	0
Apr 11 2020	56	0	4	0
Apr 12 2020	58	0	2	0
Apr 13 2020	57	0	3	0
Apr 14 2020	65	0	8	0
Apr 15 2020	67	0	3	0
Apr 16 2020	74	0	7	0
Apr 17 2020	78	0	4	0
Apr 18 2020	86	0	9	0
Apr 19 2020	89	0	3	0
Apr 20 2020	92	0	3	0
Apr 21 2020	95	0	3	0
Apr 22 2020	92	0	2	0
Apr 23 2020	92	0	0	0
Apr 24 2020	89	0	1	0
Apr 25 2020	90	0	5	0
Apr 26 2020	79	0	1	0
Apr 27 2020	71	0	1	0
Apr 28 2020	73	0	2	0
Apr 29 2020	69	0	4	0
Apr 30 2020	69	0	1	0
May 01 2020	64	0	2	0
May 02 2020	61	0	0	0
May 03 2020	57	0	2	0
May 04 2020	62	0	5	0
May 05 2020	50	1	5	0
May 06 2020	65	0	17	0
May 07 2020	94	0	29	0
May 08 2020	95	0	3	0
May 09 2020	108	1	16	0
May 10 2020	135	0	29	0
May 11 2020	140	0	11	0
May 12 2020	150	0	11	0
May 13 2020	150	0	2	0
May 14 2020	159	0	9	0
May 15 2020	170	0	15	0
May 16 2020	188	0	19	0
May 17 2020	199	0	11	0
May 18 2020	231	0	35	0
May 19 2020	240	0	13	0
May 20 2020	262	0	24	0
May 21 2020	271	0	10	0
May 22 2020	300	0	34	0
May 23 2020	338	0	61	0
May 24 2020	425	0	88	0
May 25 2020	491	0	73	0
May 26 2020	528	1	46	0
May 27 2020	544	0	30	0
May 28 2020	633	1	100	0
May 29 2020	763	1	137	0
May 30 2020	847	0	95	0
May 31 2020	952	3	109	0
Jun 01 2020	1028	1	85	0
Jun 02 2020	1099	2	87	0
Jun 03 2020	1223	3	142	0
Jun 04 2020	1368	1	150	0
Jun 05 2020	1524	1	169	0
Jun 06 2020	1633	1	129	0
Jun 07 2020	1649	7	86	0
Jun 08 2020	1768	0	136	0
Jun 09 2020	1925	5	180	0
Jun 10 2020	2070	3	170	0
Jun 11 2020	2196	5	164	0
Jun 12 2020	2417	7	245	0
Jun 13 2020	2616	8	251	0
Jun 14 2020	2743	2	179	0
Jun 15 2020	2841	3	176	0
Jun 16 2020	2831	1	109	0
Jun 17 2020	2847	2	129	0
Jun 18 2020	2955	2	195	0
Jun 19 2020	2969	7	116	0
Jun 20 2020	3275	0	399	0
Jun 21 2020	3245	2	63	0
Jun 22 2020	3291	1	131	0
Jun 23 2020	3361	0	185	0
Jun 24 2020	3470	3	186	0
Jun 25 2020	3550	3	141	0
Jun 26 2020	3648	8	250	0
Jun 27 2020	3461	5	145	0
Jun 28 2020	3459	4	119	0
Jun 29 2020	3313	5	157	0
Jun 30 2020	3313	0	0	0
Jul 01 2020	3313	0	0	0
Jul 02 2020	3313	0	0	0
Jul 03 2020	3313	0	0	0
Jul 04 2020	3313	0	0	0
Jul 05 2020	3313	0	0	0
Jul 06 2020	3313	0	0	0
Jul 07 2020	3313	0	0	0
Jul 08 2020	4224	17	928	0
Jul 09 2020	4423	0	199	0
Jul 10 2020	4566	4	147	0
Jul 11 2020	4848	0	282	0
Jul 12 2020	5003	3	158	0
Jul 13 2020	5208	1	206	0
Jul 14 2020	5400	11	203	0
Jul 15 2020	5605	7	212	0
Jul 16 2020	5897	2	294	0
Jul 17 2020	6223	2	328	0
Jul 18 2020	6554	13	344	0
Jul 19 2020	6906	4	356	0
Jul 20 2020	7607	3	704	0
Jul 21 2020	5444	10	865	0
Jul 22 2020	5830	8	452	0
Jul 23 2020	6091	9	409	0
Jul 24 2020	6708	3	760	0
Jul 25 2020	7073	9	555	0
Jul 26 2020	7529	14	720	0
Jul 27 2020	7933	5	579	0
Jul 28 2020	8435	11	653	0
Jul 29 2020	8872	14	610	0
Jul 30 2020	9589	10	805	0
Jul 31 2020	10306	11	915	0
Aug 01 2020	10522	8	469	0
Aug 02 2020	10795	28	707	0
Aug 03 2020	11022	26	583	0
Aug 04 2020	11294	7	588	0
Aug 05 2020	11382	13	459	0
Aug 06 2020	11508	9	564	0
Aug 07 2020	11657	15	552	0
Aug 08 2020	12156	10	801	0
Aug 09 2020	12205	17	565	0
Aug 10 2020	12760	13	773	0
Aug 11 2020	13039	20	584	0
Aug 12 2020	13621	23	943	0
Aug 13 2020	14297	16	1086	0
Aug 14 2020	15090	13	1038	0
Aug 15 2020	16348	17	1652	0
Aug 16 2020	16989	19	982	0
Aug 17 2020	18268	16	1460	0
Aug 18 2020	19212	28	1386	0
Aug 19 2020	20150	28	1336	0
Aug 20 2020	21680	20	1778	0
Aug 21 2020	23115	17	1829	0
Aug 22 2020	23891	25	1368	0
Aug 23 2020	24998	16	1638	0
Aug 24 2020	26189	14	1472	0
Aug 25 2020	27183	17	1545	0
Aug 26 2020	28185	16	1533	0
Aug 27 2020	28833	20	1186	0
Aug 28 2020	29967	13	1733	0
Aug 29 2020	30768	12	1514	0
Aug 30 2020	31947	23	1468	0
Aug 31 2020	32328	16	1009	0
Sep 01 2020	32989	19	1173	0
Sep 02 2020	33660	18	1105	0
Sep 03 2020	34074	10	804	0
Sep 04 2020	35024	24	1303	0
Sep 05 2020	35793	17	950	0
Sep 06 2020	36447	21	1206	0
Sep 07 2020	36926	15	976	0
Sep 08 2020	37158	16	1136	0
Sep 09 2020	37680	17	916	0
Sep 10 2020	37964	8	878	0
Sep 11 2020	38357	12	789	0
Sep 12 2020	38399	10	521	0
Sep 13 2020	38305	17	413	0
Sep 14 2020	38431	9	485	0
Sep 15 2020	38463	13	700	0
Sep 16 2020	38514	10	738	0
Sep 17 2020	38768	15	689	0
Sep 18 2020	38805	12	602	0
Sep 19 2020	39103	17	616	0
Sep 20 2020	39410	7	689	0
Sep 21 2020	39967	12	889	0
Sep 22 2020	40304	19	713	0
Sep 23 2020	40689	14	661	0
Sep 24 2020	41078	7	604	0
Sep 25 2020	41155	7	486	0
Sep 26 2020	41506	10	527	0
Sep 27 2020	41799	5	632	0
Sep 28 2020	42014	7	612	0
Sep 29 2020	42441	14	640	0
Sep 30 2020	42966	7	784	0
Oct 01 2020	43463	7	730	0
Oct 02 2020	44103	3	890	0
Oct 03 2020	44321	6	872	0
Oct 04 2020	44537	8	959	0
Oct 05 2020	44191	8	618	0
Oct 06 2020	43805	8	566	0
Oct 07 2020	43970	17	892	0
Oct 08 2020	44101	7	902	0
Oct 09 2020	44289	9	865	0
Oct 10 2020	44469	6	767	0
Oct 11 2020	44692	10	866	0
Oct 12 2020	44931	14	841	0
Oct 13 2020	45106	4	582	0
Oct 14 2020	44953	7	712	0
Oct 15 2020	44856	13	739	0
Oct 16 2020	44869	12	665	0
Oct 17 2020	44989	9	600	0
Oct 18 2020	45136	6	703	0
Oct 19 2020	45346	13	723	0
Oct 20 2020	45481	6	630	0
Oct 21 2020	45228	13	628	0
Oct 22 2020	45037	12	575	0
Oct 23 2020	44711	4	536	0
Oct 24 2020	44597	19	629	0
Oct 25 2020	44374	7	485	0
Oct 26 2020	44120	11	364	0
Oct 27 2020	43805	8	511	0
Oct 28 2020	43483	6	602	0
Oct 29 2020	43091	6	481	0
Oct 30 2020	42612	7	488	0
Oct 31 2020	42183	5	380	0
Nov 01 2020	41653	9	414	0
Nov 02 2020	41048	11	359	0
Nov 03 2020	40754	5	560	0
Nov 04 2020	40222	9	379	0
Nov 05 2020	39769	5	510	0
Nov 06 2020	39131	4	355	0
Nov 07 2020	38735	6	455	0
Nov 08 2020	38386	5	474	0
Nov 09 2020	37742	7	307	0
Nov 10 2020	37274	7	345	0
Nov 11 2020	36685	8	400	0
Nov 12 2020	36426	9	521	0
Nov 13 2020	36628	4	509	0
Nov 14 2020	37081	7	564	0
Nov 15 2020	37285	4	399	0
Nov 16 2020	37345	12	336	0
Nov 17 2020	37514	7	339	0
Nov 18 2020	37734	13	533	0
Nov 19 2020	37837	6	499	0
Nov 20 2020	37934	13	452	0
Nov 21 2020	38182	16	473	0
Nov 22 2020	38447	11	433	0
Nov 23 2020	38713	4	418	0
Nov 24 2020	38912	10	388	0
Nov 25 2020	38871	3	518	0
Nov 26 2020	38996	8	560	0
Nov 27 2020	39246	14	769	0
Nov 28 2020	38985	9	492	0
Nov 29 2020	38519	5	604	0
Nov 30 2020	34560	6	540	0
Dec 01 2020	33928	3	480	0
Dec 02 2020	33202	6	430	0
Dec 03 2020	32470	9	595	0
Dec 04 2020	31738	10	512	0
Dec 05 2020	31416	11	649	0
Dec 06 2020	30717	2	555	0
Dec 07 2020	29177	8	440	0
Dec 08 2020	27552	11	531	0
Dec 09 2020	25821	3	568	0
Dec 10 2020	24606	10	526	0
Dec 11 2020	22782	12	422	0
Dec 12 2020	22045	12	515	0
Dec 13 2020	21073	3	472	0
Dec 14 2020	20208	3	473	0
Dec 15 2020	19422	4	300	0
Dec 16 2020	18219	5	464	0
Dec 17 2020	16899	13	475	0
Dec 18 2020	16323	12	544	0
Dec 19 2020	15495	3	469	0
Dec 20 2020	15118	7	457	0
Dec 21 2020	14806	8	397	0
Dec 22 2020	13956	3	290	0
Dec 23 2020	13295	6	351	0
Dec 24 2020	12672	12	410	0
Dec 25 2020	12384	15	481	0
Dec 26 2020	12243	4	533	0
Dec 27 2020	11662	8	451	0
Dec 28 2020	11387	3	281	0
Dec 29 2020	10736	1	243	0
Dec 30 2020	10068	5	468	0
Dec 31 2020	10245	5	408	0
Jan 01 2021	10464	14	388	0
Jan 02 2021	10780	7	397	0
Jan 03 2021	11307	4	573	0
Jan 04 2021	11359	2	297	0
Jan 05 2021	11465	13	322	0
Jan 06 2021	11847	2	545	0
Jan 07 2021	12240	1	441	0
Jan 08 2021	12416	8	345	0
Jan 09 2021	12512	11	220	0
Jan 10 2021	12948	9	524	0
Jan 11 2021	13050	9	300	0
Jan 12 2021	12726	1	376	0
Jan 13 2021	12882	2	463	0
Jan 14 2021	13165	2	467	0
Jan 15 2021	12875	15	404	0
Jan 16 2021	12698	6	446	0
Jan 17 2021	13018	1	423	0
Jan 18 2021	13178	3	351	0
Jan 19 2021	13298	4	181	0
Jan 20 2021	12637	7	307	0
Jan 21 2021	12263	13	292	0
Jan 22 2021	12308	3	555	0
Jan 23 2021	12505	3	417	0
Jan 24 2021	12285	3	469	0
Jan 25 2021	11862	5	365	0
Jan 26 2021	11746	4	437	0
Jan 27 2021	11368	8	476	0
Jan 28 2021	11649	2	549	0
Jan 29 2021	12291	2	771	0
Jan 30 2021	12342	4	656	0
Jan 31 2021	12695	2	629	0
Feb 01 2021	13313	10	734	0
Feb 02 2021	12939	13	477	0
Feb 03 2021	13298	6	547	0
Feb 04 2021	13789	4	749	0
Feb 05 2021	13506	10	726	0
Feb 06 2021	13777	9	570	0
Feb 07 2021	14571	3	885	0
Feb 08 2021	15082	8	656	0
Feb 09 2021	15404	2	572	0
Feb 10 2021	15285	9	683	0
Feb 11 2021	15069	4	613	0
Feb 12 2021	15507	6	686	0
Feb 13 2021	16104	4	756	0
Feb 14 2021	16156	13	788	0
Feb 15 2021	16670	15	733	0
Feb 16 2021	17122	14	665	0
Feb 17 2021	16947	14	818	0
Feb 18 2021	17531	12	871	0
Feb 19 2021	18191	10	837	0
Feb 20 2021	18345	12	841	0
Feb 21 2021	19161	8	949	0
Feb 22 2021	19535	14	735	0
Feb 23 2021	18901	12	716	0
Feb 24 2021	19480	11	977	0
Feb 25 2021	20184	5	878	0
Feb 26 2021	20146	19	935	0
Feb 27 2021	20963	14	1006	0
Feb 28 2021	21849	11	1019	0
Mar 01 2021	22422	8	900	0
Mar 02 2021	22348	13	841	0
Mar 03 2021	23140	5	1161	0
Mar 04 2021	23357	3	980	0
Mar 05 2021	24238	10	1119	0
Mar 06 2021	24824	16	956	0
Mar 07 2021	25209	9	1109	0
Mar 08 2021	26052	13	995	0
Mar 09 2021	26352	9	1202	0
Mar 10 2021	27377	15	1543	0
Mar 11 2021	27887	17	1332	0
Mar 12 2021	28866	27	1361	0
Mar 13 2021	29473	30	1483	0
Mar 14 2021	29207	10	1413	0
Mar 15 2021	30235	5	1151	0
Mar 16 2021	31047	18	1490	0
Mar 17 2021	32201	19	1704	0
Mar 18 2021	33918	10	2057	0
Mar 19 2021	35558	16	1994	0
Mar 20 2021	36721	29	1778	0
Mar 21 2021	37254	12	1724	0
Mar 22 2021	37657	15	1537	0
Mar 23 2021	38311	19	1692	0
Mar 24 2021	39215	25	1981	0
Mar 25 2021	40611	23	1949	0
Mar 26 2021	41344	28	2097	0
Mar 27 2021	42774	15	2173	0
Mar 28 2021	43439	17	1769	0
Mar 29 2021	44530	24	1982	0
Mar 30 2021	45055	16	1976	0
Mar 31 2021	45612	27	2068	0
Apr 01 2021	46635	22	2372	0
Apr 02 2021	48470	25	2353	0
Apr 03 2021	49149	21	1997	0
Apr 04 2021	50258	27	1878	0
Apr 05 2021	51305	37	2138	0
Apr 06 2021	52400	25	2054	0
Apr 07 2021	52351	33	2163	0
Apr 08 2021	53835	20	2121	0
Apr 09 2021	54460	33	1851	0
Apr 10 2021	55071	35	1739	0
Apr 11 2021	55189	28	1741	0
Apr 12 2021	55756	34	1948	0
Apr 13 2021	55464	22	1568	0
Apr 14 2021	56562	22	1893	0
Apr 15 2021	57390	33	2149	0
Apr 16 2021	57598	15	1973	0
Apr 17 2021	58203	28	1709	0
Apr 18 2021	59343	42	1792	0
Apr 19 2021	59594	22	1603	0
Apr 20 2021	59781	47	1524	0
Apr 21 2021	59078	35	1329	0
Apr 22 2021	59386	22	1505	0
Apr 23 2021	57701	15	1303	0
Apr 24 2021	57411	20	1663	0
Apr 25 2021	55981	20	1324	0
Apr 26 2021	56053	19	841	0
Apr 27 2021	54892	35	924	0
Apr 28 2021	55225	34	1244	0
Apr 29 2021	54844	19	1130	0
Apr 30 2021	54892	30	1024	0
May 01 2021	54205	21	620	0
May 02 2021	54150	17	322	0
May 03 2021	53900	31	429	0
May 04 2021	52903	15	541	0
May 05 2021	52936	23	785	0
May 06 2021	51522	27	663	0
May 07 2021	50870	18	778	0
May 08 2021	50032	31	637	0
May 09 2021	48784	17	485	0
May 10 2021	47730	9	418	0
May 11 2021	47194	14	552	0
May 12 2021	45621	27	695	0
May 13 2021	45275	13	593	0
May 14 2021	44079	13	453	0
May 15 2021	42990	12	419	0
May 16 2021	42702	20	432	0
May 17 2021	41996	12	382	0
May 18 2021	41628	13	454	0
May 19 2021	40999	17	497	0
May 20 2021	39994	10	438	0
May 21 2021	38980	12	485	0
May 22 2021	37753	8	381	0
May 23 2021	36361	8	293	0
May 24 2021	34632	8	306	0
May 25 2021	34054	9	282	0
May 26 2021	32856	15	398	0
May 27 2021	31974	19	347	0
May 28 2021	30955	12	417	0
May 29 2021	30283	4	256	0
May 30 2021	29646	12	145	0
May 31 2021	28642	10	196	0
Jun 01 2021	28144	6	249	0
Jun 02 2021	25416	7	246	0
Jun 03 2021	24722	7	249	0
Jun 04 2021	23789	8	347	0
Jun 05 2021	22956	8	173	0
Jun 06 2021	22458	8	109	0
Jun 07 2021	21928	4	110	0
Jun 08 2021	21453	7	151	0
Jun 09 2021	20887	6	223	0
Jun 10 2021	20419	5	280	0
Jun 11 2021	20186	4	214	0
Jun 12 2021	19702	2	136	0
Jun 13 2021	19281	5	159	0
Jun 14 2021	18989	8	159	0
Jun 15 2021	18343	7	134	0
Jun 16 2021	17890	3	121	0
Jun 17 2021	17318	2	174	0
Jun 18 2021	16989	14	124	0
Jun 19 2021	16460	4	137	0
Jun 20 2021	15963	3	158	0
Jun 21 2021	15530	3	124	0
Jun 22 2021	15139	4	73	0
Jun 23 2021	14423	2	111	0
Jun 24 2021	13876	4	99	0
Jun 25 2021	13264	6	168	0
Jun 26 2021	13081	7	112	0
Jun 27 2021	12577	5	54	0
Jun 28 2021	12042	1	39	0
Jun 29 2021	11415	5	63	0
Jun 30 2021	11482	0	137	0
Jul 01 2021	11188	5	76	0
Jul 02 2021	11259	2	73	0
Jul 03 2021	11089	3	45	0
Jul 04 2021	11079	1	67	0
Jul 05 2021	11015	1	68	0
Jul 06 2021	10607	3	95	0
Jul 07 2021	10596	3	85	0
Jul 08 2021	10641	3	116	0
Jul 09 2021	10596	1	72	0
Jul 10 2021	10662	1	113	0
Jul 11 2021	10739	0	87	0
Jul 12 2021	10772	0	66	0
Jul 13 2021	10763	4	75	0
Jul 14 2021	10802	2	106	0
Jul 15 2021	10887	1	125	0
Jul 16 2021	10947	2	93	0
Jul 17 2021	10996	2	79	0
Jul 18 2021	11025	3	81	0
Jul 19 2021	10966	0	84	0
Jul 20 2021	10968	2	97	0
Jul 21 2021	11011	1	82	0
Jul 22 2021	11050	3	146	0
Jul 23 2021	11118	2	128	0
Jul 24 2021	11231	2	213	0
Jul 25 2021	11312	2	97	0
Jul 26 2021	11421	2	174	0
Jul 27 2021	11578	3	203	0
Jul 28 2021	11711	2	233	0
Jul 29 2021	11856	5	476	0
Jul 30 2021	12216	2	395	0
Jul 31 2021	12480	2	341	0
Aug 01 2021	12588	5	200	0
Aug 02 2021	12748	1	268	0
Aug 03 2021	13020	4	467	0
Aug 04 2021	13400	8	511	0
Aug 05 2021	13927	3	687	0
Aug 06 2021	14442	9	584	0
Aug 07 2021	14934	6	585	0
Aug 08 2021	15048	5	424	0
Aug 09 2021	15428	4	440	0
Aug 10 2021	16175	10	882	0
Aug 11 2021	16964	10	873	0
Aug 12 2021	17797	2	898	0
Aug 13 2021	18502	8	975	0
Aug 14 2021	19011	11	629	0
Aug 15 2021	19425	7	486	0
Aug 16 2021	19884	11	688	0
Aug 17 2021	20660	6	856	0
Aug 18 2021	21218	10	985	0
Aug 19 2021	21421	13	928	0
Aug 20 2021	21791	21	1006	0
Aug 21 2021	22214	14	1282	0
Aug 22 2021	22111	8	785	0
Aug 23 2021	21989	10	927	0
Aug 24 2021	22587	9	1266	0
Aug 25 2021	24387	13	2095	0
Aug 26 2021	25288	13	1621	0
Aug 27 2021	25894	12	1458	0
Aug 28 2021	26931	13	1906	0
Aug 29 2021	26896	13	1040	0
Aug 30 2021	26072	16	693	0
Aug 31 2021	26617	15	1324	0
Sep 01 2021	26597	17	1217	0
Sep 02 2021	26835	19	1643	0
Sep 03 2021	27196	20	1354	0
Sep 04 2021	25568	18	1120	0
Sep 05 2021	26230	14	1516	0
Sep 06 2021	26494	22	1190	0
Sep 07 2021	27267	19	1398	0
Sep 08 2021	27887	26	1529	0
Sep 09 2021	28449	27	1352	0
Sep 10 2021	28059	27	1334	0
Sep 11 2021	27739	23	845	0
Sep 12 2021	27427	22	472	0
Sep 13 2021	26802	38	611	0
Sep 14 2021	27286	34	1664	0
Sep 15 2021	27476	34	1687	0
Sep 16 2021	28072	24	1669	0
Sep 17 2021	29052	31	1759	0
Sep 18 2021	28776	25	1509	0
Sep 19 2021	27147	15	958	0
Sep 20 2021	26749	34	737	0
Sep 21 2021	26477	43	1575	0
Sep 22 2021	26740	47	1489	0
Sep 23 2021	27792	37	1544	0
Sep 24 2021	28039	40	1352	0
Sep 25 2021	27620	38	1187	0
Sep 26 2021	27918	32	869	0
Sep 27 2021	27928	38	591	0
Sep 28 2021	27377	49	799	0
Sep 29 2021	28081	46	1218	0
Sep 30 2021	27286	48	1352	0
Oct 01 2021	27439	48	1410	0
Oct 02 2021	27839	45	888	0
Oct 03 2021	27776	47	697	0
Oct 04 2021	26392	43	562	0
Oct 05 2021	26386	46	973	0
Oct 06 2021	26599	32	1134	0
Oct 07 2021	26627	45	1166	0
Oct 08 2021	25809	33	921	0
Oct 09 2021	26070	29	608	0
Oct 10 2021	24981	40	443	0
Oct 11 2021	24525	36	525	0
Oct 12 2021	24789	40	842	0
Oct 13 2021	24804	37	929	0
Oct 14 2021	24674	38	778	0
Oct 15 2021	24055	28	795	0
Oct 16 2021	24021	28	394	0
Oct 17 2021	24068	20	508	0
Oct 18 2021	24000	21	248	0
Oct 19 2021	23289	20	386	0
Oct 20 2021	23395	29	622	0
Oct 21 2021	23444	29	524	0
Oct 22 2021	22832	17	620	0
Oct 23 2021	22796	14	441	0
Oct 24 2021	20561	11	247	0
Oct 25 2021	20133	19	337	0
Oct 26 2021	19933	16	568	0
Oct 27 2021	18889	19	472	0
Oct 28 2021	18894	16	386	0
Oct 29 2021	19047	9	478	0
Oct 30 2021	19189	14	384	0
Oct 31 2021	18966	8	207	0
Nov 01 2021	18654	8	205	0
Nov 02 2021	18102	19	404	0
Nov 03 2021	18191	8	321	0
Nov 04 2021	17677	15	327	0
Nov 05 2021	17704	8	359	0
Nov 06 2021	17700	14	279	0
Nov 07 2021	17561	11	148	0
Nov 08 2021	17387	9	159	0
Nov 09 2021	17540	10	278	0
Nov 10 2021	17522	11	210	0
Nov 11 2021	17625	11	249	0
Nov 12 2021	17632	18	240	0
Nov 13 2021	17705	12	300	0
Nov 14 2021	17492	10	176	0
Nov 15 2021	16446	7	157	0
Nov 16 2021	16513	8	265	0
Nov 17 2021	16525	9	193	0
Nov 18 2021	16579	8	230	0
Nov 19 2021	16658	7	200	0
Nov 20 2021	16701	10	178	0
Nov 21 2021	16641	10	155	0
Nov 22 2021	16697	11	132	0
Nov 23 2021	16249	11	190	0
Nov 24 2021	16318	4	190	0
Nov 25 2021	16299	6	174	0
Nov 26 2021	16243	13	172	0
Nov 27 2021	16142	9	119	0
Nov 28 2021	15723	4	85	0
Nov 29 2021	15710	10	84	0
Nov 30 2021	15744	5	190	0
Dec 01 2021	15777	16	136	0
Dec 02 2021	15713	13	131	0
Dec 03 2021	15695	3	143	0
Dec 04 2021	15739	7	144	0
Dec 05 2021	15789	6	125	0
Dec 06 2021	15795	4	119	0
Dec 07 2021	15808	4	128	0
Dec 08 2021	15794	8	126	0
Dec 09 2021	15820	3	123	0
Dec 10 2021	15855	3	157	0
Dec 11 2021	15879	7	132	0
Dec 12 2021	15918	0	115	0
Dec 13 2021	15995	4	125	0
Dec 14 2021	16205	9	324	0
Dec 15 2021	16423	4	296	0
Dec 16 2021	16850	9	542	0
Dec 17 2021	17383	4	617	0
Dec 18 2021	18125	2	791	0
Dec 19 2021	18636	5	565	0
Dec 20 2021	19125	6	681	0
Dec 21 2021	21334	5	2323	0
Dec 22 2021	24187	3	2992	0
Dec 23 2021	27886	5	3793	0
Dec 24 2021	31824	3	4573	0
Dec 25 2021	36725	6	5013	0
Dec 26 2021	38811	4	2946	0
Dec 27 2021	40265	6	1864	0
Dec 28 2021	45047	7	5185	0
Dec 29 2021	49355	5	4700	0
Dec 30 2021	54022	10	4998	0
Dec 31 2021	58359	11	4899	0
Jan 01 2022	61937	10	3998	0
Jan 02 2022	64191	11	2316	0
Jan 03 2022	64830	11	2140	0
Jan 04 2022	67985	12	4011	0
Jan 05 2022	70677	7	3779	0
Jan 06 2022	73411	17	3438	0
Jan 07 2022	74456	7	2163	0
Jan 08 2022	74752	8	1152	0
Jan 09 2022	73641	10	785	0
Jan 10 2022	74699	12	2144	0
Jan 11 2022	75078	24	2460	0
Jan 12 2022	75907	24	2269	0
Jan 13 2022	77184	19	2131	0
Jan 14 2022	76973	8	1428	0
Jan 15 2022	77369	14	1723	0
Jan 16 2022	76553	16	1043	0
Jan 17 2022	75688	15	881	0
Jan 18 2022	76150	22	1283	0
Jan 19 2022	72855	6	473	0
Jan 20 2022	72716	22	643	0
Jan 21 2022	71445	14	650	0
Jan 22 2022	69170	10	481	0
Jan 23 2022	68711	8	374	0
Jan 24 2022	67231	21	407	0
Jan 25 2022	66692	15	533	0
Jan 26 2022	62143	12	418	0
Jan 27 2022	61254	11	456	0
Jan 28 2022	60977	8	462	0
Jan 29 2022	60782	16	371	0
Jan 30 2022	59813	4	176	0
Jan 31 2022	59376	6	228	0
Feb 01 2022	59113	6	319	0
Feb 02 2022	58927	3	315	0
Feb 03 2022	58760	7	334	0
Feb 04 2022	58560	2	163	0
Feb 05 2022	58365	1	166	0
Feb 06 2022	58228	7	84	0
Feb 07 2022	54985	10	138	0
Feb 08 2022	54685	12	163	0
Feb 09 2022	54397	12	161	0
Feb 10 2022	51133	10	152	0
Feb 11 2022	51136	10	135	0
Feb 12 2022	51070	4	111	0
Feb 13 2022	51124	3	99	0
Feb 14 2022	51083	2	77	0
Feb 15 2022	51023	2	116	0
Feb 16 2022	51123	1	169	0
Feb 17 2022	51139	1	115	0
Feb 18 2022	51276	5	259	0
Feb 19 2022	51221	3	50	0
Feb 20 2022	51232	0	61	0
Feb 21 2022	51135	2	34	0
Feb 22 2022	51078	1	47	0
Feb 23 2022	49458	5	69	0
Feb 24 2022	47848	4	69	0
Feb 25 2022	46229	4	42	0
Feb 26 2022	44524	4	19	0
Feb 27 2022	44510	2	49	0
Feb 28 2022	44104	2	53	0
Mar 01 2022	42744	1	43	0
Mar 02 2022	41810	4	16	0
Mar 03 2022	41384	6	64	0
Mar 04 2022	41226	3	45	0
Mar 05 2022	41156	0	35	0
Mar 06 2022	41176	0	36	0
Mar 07 2022	41100	0	41	0
Mar 08 2022	41133	1	40	0
Mar 09 2022	41153	5	48	0
Mar 10 2022	40239	2	39	0
Mar 11 2022	40236	0	19	0
Mar 12 2022	40246	1	17	0
Mar 13 2022	40226	1	14	0
Mar 14 2022	40251	0	38	0
Mar 15 2022	40305	0	69	0
Mar 16 2022	40301	2	38	0
Mar 17 2022	40343	0	64	0
Mar 18 2022	40327	0	26	0
Mar 19 2022	40319	1	22	0
Mar 20 2022	40328	0	14	0
Mar 21 2022	38536	0	14	0
Mar 22 2022	36668	0	25	0
Mar 23 2022	34708	2	29	0
Mar 24 2022	32784	0	21	0
Mar 25 2022	30869	0	60	0
Mar 26 2022	28922	1	7	0
Mar 27 2022	26970	0	10	0
Mar 28 2022	25044	0	35	0
Mar 29 2022	23074	0	23	0
Mar 30 2022	21129	0	25	0
Mar 31 2022	19435	5	54	0
Apr 01 2022	17805	3	26	0
Apr 02 2022	16726	4	22	0
Apr 03 2022	14773	0	13	0
Apr 04 2022	12920	4	24	0
Apr 05 2022	12946	0	36	0
Apr 06 2022	11962	0	37	0
Apr 07 2022	9929	0	63	0
Apr 08 2022	8974	0	26	0
Apr 09 2022	8951	1	20	0
Apr 10 2022	8971	0	25	0
Apr 11 2022	9004	0	46	0
Apr 12 2022	9013	0	12	0
Apr 13 2022	9045	0	43	0
Apr 14 2022	9047	0	14	0
Apr 15 2022	9107	0	67	0
Apr 16 2022	9122	0	27	0
Apr 17 2022	9128	0	14	0
Apr 18 2022	9133	0	15	0
Apr 19 2022	9138	0	17	0
Apr 20 2022	9171	1	47	0
Apr 21 2022	8716	0	37	0
Apr 22 2022	8232	0	16	0
Apr 23 2022	7940	0	12	0
Apr 24 2022	7957	0	17	0
Apr 25 2022	7957	0	8	0
Apr 26 2022	7919	0	26	0
Apr 27 2022	7823	0	24	0
Apr 28 2022	7713	0	23	0
Apr 29 2022	7660	0	35	0
Apr 30 2022	7675	0	18	0
May 01 2022	7688	0	13	0
May 02 2022	7686	0	6	0
May 03 2022	7388	0	22	0
May 04 2022	7421	0	38	0
May 05 2022	7456	0	39	0
May 06 2022	7470	0	18	0
May 07 2022	7496	0	26	0
May 08 2022	7501	0	10	0
May 09 2022	7513	0	20	0
May 10 2022	7545	0	38	0
May 11 2022	7577	0	35	0
May 12 2022	7589	0	18	0
May 13 2022	7634	0	48	0
May 14 2022	7670	0	38	0
May 15 2022	7682	0	12	0
May 16 2022	7721	2	42	0
May 17 2022	7722	0	49	0
May 18 2022	7769	0	49	0
May 19 2022	7824	0	56	0
May 20 2022	7905	0	82	0
May 21 2022	8021	0	116	0
May 22 2022	8051	0	30	0
May 23 2022	8096	0	50	0
May 24 2022	8196	0	104	0
May 25 2022	8333	1	151	0
May 26 2022	8521	0	201	0
May 27 2022	8680	0	169	0
May 28 2022	8784	0	184	0
May 29 2022	8898	0	114	0
May 30 2022	8968	0	101	0
May 31 2022	9240	0	296	0
Jun 01 2022	9681	0	445	0
Jun 02 2022	10062	1	447	0
Jun 03 2022	10369	0	344	0
Jun 04 2022	11051	1	736	0
Jun 05 2022	11316	0	297	0
Jun 06 2022	11474	0	309	0
Jun 07 2022	11875	0	443	0
Jun 08 2022	12468	1	634	0
Jun 09 2022	12998	0	608	0
Jun 10 2022	13639	0	736	0
Jun 11 2022	14391	0	802	0
Jun 12 2022	14728	0	419	0
Jun 13 2022	15101	1	521	0
Jun 14 2022	15873	0	966	0
Jun 15 2022	16506	1	775	0
Jun 16 2022	17169	0	807	0
Jun 17 2022	17883	4	856	0
Jun 18 2022	18336	0	851	0
Jun 19 2022	18335	1	399	0
Jun 20 2022	18638	1	398	0
Jun 21 2022	18890	1	511	0
Jun 22 2022	19350	1	727	0
Jun 23 2022	19835	0	599	0
Jun 24 2022	20035	1	458	0
Jun 25 2022	20335	3	386	0
Jun 26 2022	20287	0	213	0
Jun 27 2022	20437	2	253	0
Jun 28 2022	20757	3	425	0
Jun 29 2022	20585	1	325	0
Jun 30 2022	19483	0	291	0
Jul 01 2022	18923	1	281	0
Jul 02 2022	18403	1	250	0
Jul 03 2022	17598	3	86	0
Jul 04 2022	17362	1	161	0
Jul 05 2022	17309	2	154	0
Jul 06 2022	16190	4	190	0
Jul 07 2022	16161	1	185	0
Jul 08 2022	16243	1	151	0
Jul 09 2022	16061	1	114	0
Jul 10 2022	15927	1	74	0
Jul 11 2022	16039	0	116	0
Jul 12 2022	15230	0	71	0
Jul 13 2022	15195	7	138	0
Jul 14 2022	15305	0	121	0
Jul 15 2022	15374	2	109	0
Jul 16 2022	15396	0	106	0
Jul 17 2022	15418	0	55	0
Jul 18 2022	15314	1	86	0
Jul 19 2022	15383	1	113	0
Jul 20 2022	15454	0	124	0
Jul 21 2022	15523	1	99	0
Jul 22 2022	15447	2	134	0
Jul 23 2022	15511	0	87	0
Jul 24 2022	15505	0	30	0
Jul 25 2022	15500	1	75	0
Jul 26 2022	15491	1	83	0
Jul 27 2022	15488	0	62	0
Jul 28 2022	15512	0	67	0
Jul 29 2022	15037	0	79	0
Jul 30 2022	15065	0	69	0
Jul 31 2022	14973	0	43	0
Aug 01 2022	14995	0	41	0
Aug 02 2022	14960	0	38	0
Aug 03 2022	14380	0	59	0
Aug 04 2022	14403	1	37	0
Aug 05 2022	14308	0	49	0
Aug 06 2022	14298	0	15	0
Aug 07 2022	14289	0	15	0
Aug 08 2022	14316	0	58	0
Aug 09 2022	14172	0	41	0
Aug 10 2022	14193	0	41	0
Aug 11 2022	14203	0	36	0
Aug 12 2022	14227	0	46	0
Aug 13 2022	14171	0	25	0
Aug 14 2022	14166	2	15	0
Aug 15 2022	14210	0	63	0
Aug 16 2022	14198	0	32	0
Aug 17 2022	14202	0	26	0
Aug 18 2022	14086	0	20	0
Aug 19 2022	14096	0	41	0
Aug 20 2022	14104	0	25	0
Aug 21 2022	14104	0	8	0
Aug 22 2022	14135	0	42	0
Aug 23 2022	14040	0	22	0
Aug 24 2022	14017	0	44	0
Aug 25 2022	14020	0	13	0
Aug 26 2022	14051	0	43	0
Aug 27 2022	14051	0	10	0
Aug 28 2022	14041	0	2	0
Aug 29 2022	14049	0	23	0
Aug 30 2022	13988	1	13	0
Aug 31 2022	13977	0	10	0
Sep 01 2022	13967	0	7	0
Sep 02 2022	13994	0	27	0
Sep 03 2022	14004	0	10	0
Sep 04 2022	14001	0	3	0
Sep 05 2022	14034	0	35	0
Sep 06 2022	14031	0	6	0
Sep 07 2022	14050	0	27	0
Sep 08 2022	14050	0	11	0
Sep 09 2022	14046	0	17	0
Sep 10 2022	14052	0	7	0
Sep 11 2022	14052	0	0	0
Sep 12 2022	14052	0	0	0
Sep 13 2022	14021	0	27	0
Sep 14 2022	14030	0	18	0
Sep 15 2022	14042	0	18	0
Sep 16 2022	14044	0	20	0
Sep 17 2022	14050	0	6	0
Sep 18 2022	14045	0	1	0
Sep 19 2022	14051	0	26	0
Sep 20 2022	14038	0	5	0
Sep 21 2022	14043	0	17	0
Sep 22 2022	14051	0	12	0
Sep 23 2022	14059	0	8	0
Sep 24 2022	14054	0	7	0
Sep 25 2022	14054	0	5	0
Sep 26 2022	14054	0	18	0
Sep 27 2022	14053	0	6	0
Sep 28 2022	14073	0	21	0
Sep 29 2022	14073	0	8	0
Sep 30 2022	14085	0	16	0
Oct 01 2022	14085	0	8	0
Oct 02 2022	14077	0	1	0
Oct 03 2022	14096	0	28	0
Oct 04 2022	14091	0	11	0
Oct 05 2022	14092	0	13	0
Oct 06 2022	14102	0	14	0
Oct 07 2022	14107	0	17	0
Oct 08 2022	14116	0	11	0
Oct 09 2022	14115	0	2	0
Oct 10 2022	14121	0	14	0
Oct 11 2022	14131	0	10	0
Oct 12 2022	14146	0	15	0
Oct 13 2022	14154	0	15	0
Oct 14 2022	14175	0	29	0
Oct 15 2022	14187	0	14	0
Oct 16 2022	14186	0	2	0
Oct 17 2022	14200	0	14	0
Oct 18 2022	14201	0	6	0
Oct 19 2022	14207	0	15	0
Oct 20 2022	14226	0	19	0
Oct 21 2022	14226	0	0	0
Oct 22 2022	14249	0	27	0
Oct 23 2022	14246	0	11	0
Oct 24 2022	14252	0	10	0
Oct 25 2022	14260	0	9	0
Oct 26 2022	14256	0	11	0
Oct 27 2022	14263	0	7	0
Oct 28 2022	14284	0	25	0
Oct 29 2022	14281	0	2	0
Oct 30 2022	14280	0	1	0
Oct 31 2022	14290	0	20	0
Nov 01 2022	14301	0	12	0
Nov 02 2022	14310	0	16	0
Nov 03 2022	14314	0	8	0
Nov 04 2022	14335	0	28	0
Nov 05 2022	14325	0	15	0
Nov 06 2022	14324	0	3	0
Nov 07 2022	14359	0	44	0
Nov 08 2022	14377	0	20	0
Nov 09 2022	14390	0	13	0
Nov 10 2022	14390	0	0	0
Nov 11 2022	14424	0	47	0
Nov 12 2022	14437	0	14	0
Nov 13 2022	14423	0	5	0
Nov 14 2022	14438	0	17	0
Nov 15 2022	14452	0	15	0
Nov 16 2022	14470	0	23	0
Nov 17 2022	14492	0	30	0
Nov 18 2022	14506	0	15	0
Nov 19 2022	14519	0	15	0
Nov 20 2022	14529	0	14	0
Nov 21 2022	14536	0	13	0
Nov 22 2022	14553	0	22	0
Nov 23 2022	14563	0	23	0
Nov 24 2022	14614	0	56	0
Nov 25 2022	14625	0	22	0
Nov 26 2022	14613	0	12	0
Nov 27 2022	14604	0	35	0
Nov 28 2022	14578	0	23	0
Nov 29 2022	14518	0	11	0
Nov 30 2022	14563	0	47	0
Dec 01 2022	14621	0	67	0
Dec 02 2022	14648	0	42	0
Dec 03 2022	14669	0	39	0
Dec 04 2022	14672	0	34	0
Dec 05 2022	14692	0	26	0
Dec 06 2022	14738	0	71	0
Dec 07 2022	14805	0	69	0
Dec 08 2022	14861	0	95	0
Dec 09 2022	14894	0	84	0
Dec 10 2022	14980	0	91	0
Dec 11 2022	15021	0	45	0
Dec 12 2022	13928	0	43	0
Dec 13 2022	13741	0	136	0
Dec 14 2022	13741	0	0	0
Dec 15 2022	13701	0	327	0
Dec 16 2022	13670	0	218	0
Dec 17 2022	13462	0	118	0
Dec 18 2022	13539	0	77	0
Dec 19 2022	12931	0	64	0
Dec 20 2022	12744	0	154	0
Dec 21 2022	12547	0	157	0
Dec 22 2022	12479	0	243	0
Dec 23 2022	12322	0	188	0
Dec 24 2022	12211	0	130	0
Dec 25 2022	11951	0	107	0
Dec 26 2022	11654	0	109	0
Dec 27 2022	11509	0	172	0
Dec 28 2022	11258	0	187	0
Dec 29 2022	11097	0	169	0
Dec 30 2022	10870	0	134	0
Dec 31 2022	10436	0	27	0
Jan 01 2023	10174	0	156	0
Jan 02 2023	9951	0	71	0
Jan 03 2023	9697	0	113	0
Jan 04 2023	9445	0	111	0
Jan 05 2023	9544	0	100	0
Jan 06 2023	8797	0	78	0
Jan 07 2023	8482	0	30	0
Jan 08 2023	8175	0	9	0
Jan 09 2023	7915	0	64	0
Jan 10 2023	7606	0	99	0
Jan 11 2023	7229	0	82	0
Jan 12 2023	6945	0	63	0
Jan 13 2023	6635	0	64	0
Jan 14 2023	6423	0	41	0
Jan 15 2023	6226	0	29	0
Jan 16 2023	6240	0	34	0
Jan 17 2023	6064	0	55	0
Jan 18 2023	5953	0	28	0
Jan 19 2023	5958	0	27	0
Jan 20 2023	5933	0	26	0
Jan 21 2023	5786	0	14	0
Jan 22 2023	5758	0	11	0
Jan 23 2023	5644	0	23	0
Jan 24 2023	5619	0	25	0
Jan 25 2023	5529	0	29	0
Jan 26 2023	5533	0	37	0
Jan 27 2023	5408	0	23	0
Jan 28 2023	5422	0	23	0
Jan 29 2023	5422	0	0	0
Jan 30 2023	5390	0	27	0
Jan 31 2023	5428	0	38	0
Feb 01 2023	5265	0	17	0
Feb 02 2023	5294	0	44	0
Feb 03 2023	5294	0	31	0
Feb 04 2023	5256	0	20	0
Feb 05 2023	5258	0	13	0
Feb 06 2023	5212	0	16	0
Feb 07 2023	5205	0	17	0
Feb 08 2023	5215	0	25	0
Feb 09 2023	5223	0	24	0
Feb 10 2023	5229	0	11	0
Feb 11 2023	5232	0	12	0
Feb 12 2023	5230	0	4	0
Feb 13 2023	5228	0	17	0
Feb 14 2023	5206	0	12	0
Feb 15 2023	5172	0	29	0
Feb 16 2023	5177	0	10	0
Feb 17 2023	5193	0	16	0
Feb 18 2023	5187	0	10	0
Feb 19 2023	5190	0	6	0
Feb 20 2023	5164	0	7	0
Feb 21 2023	5148	0	18	0
Feb 22 2023	5146	0	13	0
Feb 23 2023	5146	0	0	0
Feb 24 2023	5163	0	45	0
Feb 25 2023	5166	0	11	0
Feb 26 2023	5166	0	0	0
Feb 27 2023	5166	0	15	0
Feb 28 2023	5168	0	12	0
Mar 01 2023	5168	0	0	0
Mar 02 2023	5169	0	28	0
Mar 03 2023	5172	0	17	0
Mar 04 2023	5174	0	8	0
Mar 05 2023	5177	0	11	0
Mar 06 2023	5172	0	10	0
Mar 07 2023	5170	0	25	0
Mar 08 2023	5183	0	17	0
Mar 09 2023	5193	0	14	0
Mar 10 2023	5198	0	21	0
Mar 11 2023	5206	0	13	0
Mar 12 2023	5215	0	13	0
Mar 13 2023	5218	0	6	0
Mar 14 2023	5230	0	19	0
Mar 15 2023	5229	0	17	0
Mar 16 2023	5236	0	7	0
Mar 17 2023	5264	0	33	0
Mar 18 2023	5263	0	14	0
Mar 19 2023	5271	0	13	0
Mar 20 2023	5290	0	21	0
Mar 21 2023	5319	0	30	0
Mar 22 2023	5337	0	18	0
Mar 23 2023	5346	1	43	0
Mar 24 2023	5385	0	46	0
Mar 25 2023	5390	0	6	0
Mar 26 2023	5361	0	1	0
Mar 27 2023	5341	0	7	0
Mar 28 2023	5345	0	28	0
Mar 29 2023	5355	0	37	0
Mar 30 2023	5346	0	32	0
Mar 31 2023	5352	0	23	0
Apr 01 2023	5352	0	0	0
Apr 02 2023	5370	0	31	0
Apr 03 2023	5386	0	38	0
Apr 04 2023	5382	0	5	0
Apr 05 2023	5396	0	21	0
Apr 06 2023	5401	0	19	0
Apr 07 2023	5399	0	13	0
Apr 08 2023	5415	0	16	0
Apr 09 2023	5421	0	7	0
Apr 10 2023	5438	0	17	0
Apr 11 2023	5418	0	13	0
Apr 12 2023	5396	1	6	0
Apr 13 2023	5396	0	0	0
Apr 14 2023	5368	0	22	0
Apr 15 2023	5362	0	2	0
Apr 16 2023	5362	0	0	0
Apr 17 2023	5359	0	7	0
Apr 18 2023	5351	0	10	0
Apr 19 2023	5364	0	13	0
Apr 20 2023	5364	0	0	0
Apr 21 2023	5364	0	0	0
Apr 22 2023	5342	0	10	0
Apr 23 2023	5335	0	1	0
Apr 24 2023	5334	0	1	0
Apr 25 2023	5307	0	1	0
Apr 26 2023	5307	0	0	0
Apr 27 2023	5307	0	0	0
Apr 28 2023	5307	0	0	0
Apr 29 2023	5290	0	14	0
Apr 30 2023	5293	0	3	0
May 01 2023	5290	0	3	0
May 02 2023	5291	0	2	0
May 03 2023	5294	0	6	0
May 04 2023	5296	0	2	0
May 05 2023	5293	0	2	0
May 06 2023	5294	0	4	0
May 07 2023	5294	0	0	0
May 08 2023	5293	0	0	0
May 09 2023	5261	0	5	0
May 10 2023	5265	0	4	0
May 11 2023	5270	0	5	0
May 12 2023	5270	0	0	0
May 13 2023	5271	0	1	0
May 14 2023	5270	0	2	0
May 15 2023	5271	0	1	0
May 16 2023	5235	0	0	0
May 17 2023	5236	0	1	0
May 18 2023	5236	0	0	0
May 19 2023	5228	0	3	0
May 20 2023	5230	0	2	0
May 21 2023	5229	0	3	0
May 22 2023	5229	0	0	0
May 23 2023	5228	0	0	0
May 24 2023	5208	0	4	0
May 25 2023	5208	0	0	0
May 26 2023	5194	0	4	0
May 27 2023	5196	0	2	0
May 28 2023	5196	0	0	0
May 29 2023	5189	0	3	0
May 30 2023	5192	0	3	0
May 31 2023	5195	0	3	0
Jun 01 2023	5197	0	3	0
Jun 02 2023	5200	0	4	0
Jun 03 2023	5202	0	2	0
Jun 04 2023	5204	0	2	0
Jun 05 2023	5204	0	0	0
Jun 06 2023	5205	0	1	0
Jun 07 2023	5205	0	1	0
Jun 08 2023	5206	0	2	0
Jun 09 2023	5206	0	0	0
Jun 10 2023	5208	0	2	0
Jun 11 2023	5210	0	2	0
Jun 12 2023	5210	0	0	0
Jun 13 2023	5211	0	1	0
Jun 14 2023	5194	0	0	0
Jun 15 2023	5194	0	0	0
Jun 16 2023	5194	0	0	0
Jun 17 2023	5193	0	1	0
Jun 18 2023	5193	0	0	0
Jun 19 2023	5193	0	0	0
Jun 20 2023	5193	0	0	0
Jun 21 2023	5193	0	0	0
Jun 22 2023	5193	0	0	0
Jun 23 2023	5193	0	0	0
Jun 24 2023	5193	0	0	0
Jun 25 2023	5193	0	0	0
Jun 26 2023	5193	0	0	0
Jun 27 2023	5193	0	0	0
Jun 28 2023	5193	0	0	0
Jun 29 2023	5193	0	0	0
Jun 30 2023	5193	0	0	0
Jul 01 2023	5193	0	0	0
Jul 02 2023	5193	0	0	0
Jul 03 2023	5193	0	0	0
Jul 04 2023	5193	0	0	0
Jul 05 2023	5193	0	0	0
Jul 06 2023	5193	0	0	0
Jul 07 2023	5193	0	0	0
Jul 08 2023	5193	0	0	0
Jul 09 2023	5193	0	0	0
Jul 10 2023	5213	0	26	0
Jul 11 2023	5213	0	0	0
Jul 12 2023	5213	0	0	0
Jul 13 2023	5213	0	0	0
Jul 14 2023	5213	0	0	0
Jul 15 2023	5213	0	0	0
Jul 16 2023	5213	0	0	0
Jul 17 2023	5213	0	0	0
Jul 18 2023	5213	0	0	0
Jul 19 2023	5213	0	0	0
Jul 20 2023	5213	0	0	0
Jul 21 2023	5213	0	0	0
Jul 22 2023	5213	0	0	0
Jul 23 2023	5213	0	0	0
Jul 24 2023	5213	0	0	0
Jul 25 2023	5213	0	0	0
Jul 26 2023	5213	0	0	0
Jul 27 2023	5213	0	0	0
Jul 28 2023	5213	0	0	0
Jul 29 2023	5213	0	0	0
Jul 30 2023	5213	0	0	0
Jul 31 2023	5213	0	0	0
Aug 01 2023	5213	0	0	0
Aug 02 2023	5252	0	45	0
Aug 03 2023	5252	0	0	0
Aug 04 2023	5252	0	0	0
Aug 05 2023	5252	0	0	0
Aug 06 2023	5252	0	0	0
Aug 07 2023	5252	0	0	0
Aug 08 2023	5252	0	0	0
Aug 09 2023	5252	0	0	0
Aug 10 2023	5252	0	0	0
Aug 11 2023	5252	0	0	0
Aug 12 2023	5252	0	0	0
Aug 13 2023	5252	0	0	0
Aug 14 2023	5252	0	0	0
Aug 15 2023	5252	0	0	0
Aug 16 2023	5252	0	0	0
Aug 17 2023	5252	0	0	0
Aug 18 2023	5252	0	0	0
Aug 19 2023	5252	0	0	0
Aug 20 2023	5252	0	0	0
Aug 21 2023	5252	0	0	0
Aug 22 2023	5252	0	0	0
Aug 23 2023	5252	0	0	0
Aug 24 2023	5252	0	0	0
Aug 25 2023	5252	0	0	0
Aug 26 2023	5252	0	0	0
Aug 27 2023	5252	0	0	0
Aug 28 2023	5252	0	0	0
Aug 29 2023	5287	0	41	0
Aug 30 2023	5287	0	0	0
Aug 31 2023	5287	0	0	0
Sep 01 2023	5287	0	0	0
Sep 02 2023	5287	0	0	0
Sep 03 2023	5287	0	0	0
Sep 04 2023	5287	0	0	0
Sep 05 2023	5287	0	0	0
Sep 06 2023	5287	0	0	0
Sep 07 2023	5287	0	0	0
Sep 08 2023	5287	0	0	0
Sep 09 2023	5287	0	0	0
Sep 10 2023	5287	0	0	0
Sep 11 2023	5287	0	0	0
Sep 12 2023	5287	0	0	0
Sep 13 2023	5287	0	0	0
Sep 14 2023	5287	0	0	0
Sep 15 2023	5287	0	0	0
Sep 16 2023	5287	0	0	0
Sep 17 2023	5287	0	0	0
Sep 18 2023	5287	0	0	0
Sep 19 2023	5287	0	0	0
Sep 20 2023	5287	0	0	0
Sep 21 2023	5287	0	0	0
Sep 22 2023	5287	0	0	0
Sep 23 2023	5287	0	0	0
Sep 24 2023	5287	0	0	0
Sep 25 2023	5287	0	0	0
Sep 26 2023	5287	0	0	0
Sep 27 2023	5287	0	0	0
Sep 28 2023	5287	0	0	0
Sep 29 2023	5287	0	0	0
Sep 30 2023	5287	0	0	0
Oct 01 2023	5287	0	0	0
Oct 02 2023	5287	0	0	0
Oct 03 2023	5287	0	0	0
Oct 04 2023	5287	0	0	0
Oct 05 2023	5287	0	0	0
Oct 06 2023	5287	0	0	0
Oct 07 2023	5287	0	0	0
Oct 08 2023	5287	0	0	0
Oct 09 2023	5287	0	0	0
Oct 10 2023	5287	0	0	0
Oct 11 2023	5287	0	0	0
Oct 12 2023	5287	0	0	0
Oct 13 2023	5287	0	0	0
Oct 14 2023	5287	0	0	0
Oct 15 2023	5287	0	0	0
Oct 16 2023	5315	0	28	0
Oct 17 2023	5315	0	0	0
Oct 18 2023	5315	0	0	0
Oct 19 2023	5315	0	0	0
Oct 20 2023	5315	0	0	0
Oct 21 2023	5315	0	0	0
Oct 22 2023	5315	0	0	0
Oct 23 2023	5315	0	0	0
Oct 24 2023	5315	0	0	0
Oct 25 2023	5315	0	0	0
Oct 26 2023	5315	0	0	0
Oct 27 2023	5315	0	0	0
Oct 28 2023	5315	0	0	0
Oct 29 2023	5315	0	0	0
Oct 30 2023	5315	0	0	0
Oct 31 2023	5315	0	0	0
Nov 01 2023	5315	0	0	0
Nov 02 2023	5315	0	0	0
Nov 03 2023	5315	0	0	0
Nov 04 2023	5315	0	0	0
Nov 05 2023	5315	0	0	0
Nov 06 2023	5347	0	32	0
Nov 07 2023	5347	0	0	0
Nov 08 2023	5347	0	0	0
Nov 09 2023	5347	0	0	0
Nov 10 2023	5347	0	0	0
Nov 11 2023	5347	0	0	0
Nov 12 2023	5347	0	0	0
Nov 13 2023	5348	0	1	0
Nov 14 2023	5348	0	0	0
Nov 15 2023	5348	0	0	0
Nov 16 2023	5348	0	0	0
Nov 17 2023	5348	0	0	0
Nov 18 2023	5348	0	0	0
Nov 19 2023	5348	0	0	0
Nov 20 2023	5359	0	11	0
Nov 21 2023	5359	0	0	0
Nov 22 2023	5359	0	0	0
Nov 23 2023	5359	0	0	0
Nov 24 2023	5359	0	0	0
Nov 25 2023	5359	0	0	0
Nov 26 2023	5359	0	0	0
Nov 27 2023	5372	0	13	0
Nov 28 2023	5372	0	0	0
Nov 29 2023	5372	0	0	0
Nov 30 2023	5372	0	0	0
Dec 01 2023	5372	0	0	0
Dec 02 2023	5372	0	0	0
Dec 03 2023	5372	0	0	0
Dec 04 2023	5372	0	0	0
Dec 05 2023	5372	0	0	0
Dec 06 2023	5372	0	0	0
Dec 07 2023	5372	0	0	0
Dec 08 2023	5372	0	0	0
Dec 09 2023	5372	0	0	0
Dec 10 2023	5372	0	0	0
Dec 11 2023	5372	0	0	0
Dec 12 2023	5372	0	0	0
Dec 13 2023	5372	0	0	0
Dec 14 2023	5372	0	0	0
Dec 15 2023	5372	0	0	0
Dec 16 2023	5372	0	0	0
Dec 17 2023	5372	0	0	0
Dec 18 2023	5372	0	0	0
Dec 19 2023	5372	0	0	0
Dec 20 2023	5372	0	0	0
Dec 21 2023	5372	0	0	0
Dec 22 2023	5372	0	0	0
Dec 23 2023	5372	0	0	0
Dec 24 2023	5372	0	0	0
Dec 25 2023	5372	0	0	0
Dec 26 2023	5372	0	0	0
Dec 27 2023	5372	0	0	0
Dec 28 2023	5372	0	0	0
Dec 29 2023	5372	0	0	0
Dec 30 2023	5372	0	0	0
Dec 31 2023	5372	0	0	0
Jan 01 2024	5372	0	0	0
Jan 02 2024	5372	0	0	0
Jan 03 2024	5372	0	0	0
Jan 04 2024	5372	0	0	0
Jan 05 2024	5372	0	0	0
Jan 06 2024	5372	0	0	0
Jan 07 2024	5372	0	0	0
Jan 08 2024	5372	0	0	0
Jan 09 2024	5372	0	0	0
Jan 10 2024	5372	0	0	0
Jan 11 2024	5372	0	0	0
Jan 12 2024	5372	0	0	0
Jan 13 2024	5372	0	0	0
Jan 14 2024	5372	0	0	0
Jan 15 2024	5372	0	0	0
Jan 16 2024	5372	0	0	0
Jan 17 2024	5372	0	0	0
Jan 18 2024	5372	0	0	0
Jan 19 2024	5372	0	0	0
Jan 20 2024	5372	0	0	0
Jan 21 2024	5372	0	0	0
Jan 22 2024	5372	0	0	0
Jan 23 2024	5372	0	0	0
Jan 24 2024	5372	0	0	0
Jan 25 2024	5372	0	0	0
Jan 26 2024	5372	0	0	0
Jan 27 2024	5372	0	0	0
Jan 28 2024	5372	0	0	0
Jan 29 2024	5372	0	0	0
Jan 30 2024	5372	0	0	0
Jan 31 2024	5372	0	0	0
Feb 01 2024	5372	0	0	0
Feb 02 2024	5372	0	0	0
Feb 03 2024	5372	0	0	0
Feb 04 2024	5372	0	0	0
Feb 05 2024	5372	0	0	0
Feb 06 2024	5372	0	0	0
Feb 07 2024	5372	0	0	0
Feb 08 2024	5372	0	0	0
Feb 09 2024	5372	0	0	0
Feb 10 2024	5372	0	0	0
Feb 11 2024	5412	0	40	0
Feb 12 2024	5412	0	0	0
Feb 13 2024	5412	0	0	0
Feb 14 2024	5412	0	0	0
Feb 15 2024	5412	0	0	0
Feb 16 2024	5412	0	0	0
Feb 17 2024	5412	0	0	0
Feb 18 2024	5412	0	0	0
Feb 19 2024	5412	0	0	0
Feb 20 2024	5412	0	0	0
Feb 21 2024	5412	0	0	0
Feb 22 2024	5412	0	0	0
Feb 23 2024	5412	0	0	0
Feb 24 2024	5412	0	0	0
Feb 25 2024	5412	0	0	0
Feb 26 2024	5412	0	0	0
Feb 27 2024	5412	0	0	0
Feb 28 2024	5412	0	0	0
Feb 29 2024	5412	0	0	0
Mar 01 2024	5412	0	0	0
Mar 02 2024	5412	0	0	0
Mar 03 2024	5412	0	0	0
Mar 04 2024	5412	0	0	0
Mar 05 2024	5412	0	0	0
Mar 06 2024	5412	0	0	0
Mar 07 2024	5412	0	0	0
Mar 08 2024	5412	0	0	0
Mar 09 2024	5412	0	0	0
Mar 10 2024	5412	0	0	0
Mar 11 2024	5412	0	0	0
Mar 12 2024	5412	0	0	0
Mar 13 2024	5412	0	0	0
Mar 14 2024	5412	0	0	0
Mar 15 2024	5412	0	0	0
Mar 16 2024	5412	0	0	0
Mar 17 2024	5412	0	0	0
Mar 18 2024	5412	0	0	0
Mar 19 2024	5412	0	0	0
Mar 20 2024	5412	0	0	0
Mar 21 2024	5412	0	0	0
Mar 22 2024	5412	0	0	0
Mar 23 2024	5412	0	0	0
Mar 24 2024	5412	0	0	0
Mar 25 2024	5412	0	0	0
Mar 26 2024	5412	0	0	0
Mar 27 2024	5412	0	0	0
