Date	Active Cases	Daily Death	New cases	Recoverd Cases
Feb 15 2020	0	0	0	0
Feb 16 2020	0	0	0	0
Feb 17 2020	0	0	0	0
Feb 18 2020	0	0	0	0
Feb 19 2020	0	0	0	0
Feb 20 2020	0	0	0	0
Feb 21 2020	0	0	0	0
Feb 22 2020	0	0	0	0
Feb 23 2020	0	0	0	0
Feb 24 2020	0	0	0	0
Feb 25 2020	0	0	0	0
Feb 26 2020	0	0	0	0
Feb 27 2020	0	0	0	0
Feb 28 2020	0	0	0	0
Feb 29 2020	0	0	0	0
Mar 01 2020	0	0	0	0
Mar 02 2020	0	0	0	0
Mar 03 2020	0	0	0	0
Mar 04 2020	0	0	0	0
Mar 05 2020	0	0	0	0
Mar 06 2020	0	0	0	0
Mar 07 2020	0	0	0	0
Mar 08 2020	0	0	0	0
Mar 09 2020	0	0	0	0
Mar 10 2020	0	0	0	0
Mar 11 2020	0	0	0	0
Mar 12 2020	0	0	0	0
Mar 13 2020	2	0	0	0
Mar 14 2020	2	0	0	0
Mar 15 2020	17	0	15	0
Mar 16 2020	17	0	0	0
Mar 17 2020	33	0	16	0
Mar 18 2020	36	0	3	0
Mar 19 2020	42	0	6	0
Mar 20 2020	64	0	23	0
Mar 21 2020	55	0	5	0
Mar 22 2020	55	0	0	0
Mar 23 2020	69	0	14	0
Mar 24 2020	69	0	0	0
Mar 25 2020	91	0	22	0
Mar 26 2020	91	0	1	0
Mar 27 2020	80	1	6	0
Mar 28 2020	78	0	6	0
Mar 29 2020	77	1	0	0
Mar 30 2020	93	0	16	0
Mar 31 2020	93	0	0	0
Apr 01 2020	98	0	9	0
Apr 02 2020	98	2	2	0
Apr 03 2020	94	2	7	0
Apr 04 2020	96	0	2	0
Apr 05 2020	100	0	4	0
Apr 06 2020	93	0	6	0
Apr 07 2020	94	0	1	0
Apr 08 2020	93	2	1	0
Apr 09 2020	78	0	4	0
Apr 10 2020	82	0	4	0
Apr 11 2020	73	0	0	0
Apr 12 2020	79	0	6	0
Apr 13 2020	70	0	8	0
Apr 14 2020	70	0	0	0
Apr 15 2020	77	0	8	0
Apr 16 2020	84	0	7	0
Apr 17 2020	84	0	0	0
Apr 18 2020	101	0	23	0
Apr 19 2020	130	0	29	0
Apr 20 2020	158	1	29	0
Apr 21 2020	156	0	3	0
Apr 22 2020	166	0	10	0
Apr 23 2020	166	0	0	0
Apr 24 2020	176	0	20	0
Apr 25 2020	181	0	5	0
Apr 26 2020	178	0	2	0
Apr 27 2020	177	0	4	0
Apr 28 2020	177	0	0	0
Apr 29 2020	179	0	2	0
Apr 30 2020	181	0	2	0
May 01 2020	183	0	2	0
May 02 2020	187	0	10	0
May 03 2020	199	0	12	0
May 04 2020	189	0	0	0
May 05 2020	193	0	4	0
May 06 2020	193	0	18	0
May 07 2020	186	0	2	0
May 08 2020	188	0	7	0
May 09 2020	202	0	14	0
May 10 2020	211	0	12	0
May 11 2020	207	0	8	0
May 12 2020	193	0	1	0
May 13 2020	210	0	17	0
May 14 2020	225	0	15	0
May 15 2020	220	0	4	0
May 16 2020	253	0	45	0
May 17 2020	290	0	37	0
May 18 2020	355	0	77	0
May 19 2020	355	0	0	0
May 20 2020	552	0	206	0
May 21 2020	610	0	58	0
May 22 2020	672	0	62	0
May 23 2020	738	0	66	0
May 24 2020	849	0	111	0
May 25 2020	865	0	56	0
May 26 2020	898	1	34	0
May 27 2020	932	0	34	0
May 28 2020	1012	0	80	0
May 29 2020	1054	3	45	0
May 30 2020	1143	0	89	0
May 31 2020	1194	0	51	0
Jun 01 2020	1343	3	152	0
Jun 02 2020	1467	1	157	0
Jun 03 2020	1598	2	133	0
Jun 04 2020	1733	0	135	0
Jun 05 2020	1791	0	58	0
Jun 06 2020	1909	2	171	0
Jun 07 2020	1868	0	61	0
Jun 08 2020	1964	0	96	0
Jun 09 2020	2122	1	159	0
Jun 10 2020	2228	0	106	0
Jun 11 2020	2304	0	76	0
Jun 12 2020	2369	0	65	0
Jun 13 2020	2393	1	25	0
Jun 14 2020	2393	0	0	0
Jun 15 2020	2201	2	158	0
Jun 16 2020	2288	1	88	0
Jun 17 2020	2523	1	236	0
Jun 18 2020	2620	0	97	0
Jun 19 2020	2726	2	108	0
Jun 20 2020	2921	3	198	0
Jun 21 2020	3049	0	128	0
Jun 22 2020	2686	2	131	0
Jun 23 2020	2825	0	139	0
Jun 24 2020	3001	3	179	0
Jun 25 2020	3197	1	197	0
Jun 26 2020	3411	2	216	0
Jun 27 2020	3761	1	351	0
Jun 28 2020	3604	2	167	0
Jun 29 2020	3833	4	233	0
Jun 30 2020	4132	3	302	0
Jul 01 2020	4359	3	230	0
Jul 02 2020	4116	3	211	0
Jul 03 2020	4378	2	264	0
Jul 04 2020	4588	3	213	0
Jul 05 2020	5004	3	419	0
Jul 06 2020	5243	3	242	0
Jul 07 2020	5522	3	282	0
Jul 08 2020	5833	4	315	0
Jul 09 2020	5748	5	364	0
Jul 10 2020	6049	3	431	0
Jul 11 2020	6422	2	375	0
Jul 12 2020	6705	4	287	0
Jul 13 2020	6943	4	242	0
Jul 14 2020	7243	3	303	0
Jul 15 2020	7278	4	418	0
Jul 16 2020	7495	4	426	0
Jul 17 2020	7232	3	337	0
Jul 18 2020	7401	3	292	0
Jul 19 2020	7807	2	408	0
Jul 20 2020	5374	4	443	0
Jul 21 2020	5671	4	440	0
Jul 22 2020	5569	4	390	0
Jul 23 2020	5732	5	449	0
Jul 24 2020	6002	5	650	0
Jul 25 2020	5996	4	666	0
Jul 26 2020	5575	4	534	0
Jul 27 2020	5883	4	525	0
Jul 28 2020	6225	5	583	0
Jul 29 2020	6583	3	587	0
Jul 30 2020	7280	4	701	0
Jul 31 2020	7989	6	715	0
Aug 01 2020	8145	5	869	0
Aug 02 2020	8628	5	763	0
Aug 03 2020	8952	6	548	0
Aug 04 2020	9376	7	684	0
Aug 05 2020	9958	8	861	0
Aug 06 2020	10608	7	981	0
Aug 07 2020	11488	6	886	0
Aug 08 2020	11390	7	795	0
Aug 09 2020	12226	8	844	0
Aug 10 2020	9641	6	995	0
Aug 11 2020	7994	9	1138	0
Aug 12 2020	7799	9	1150	0
Aug 13 2020	8725	12	1281	0
Aug 14 2020	9535	7	1012	0
Aug 15 2020	10584	10	1226	0
Aug 16 2020	10774	5	1148	0
Aug 17 2020	10939	7	1047	0
Aug 18 2020	10839	9	895	0
Aug 19 2020	11149	6	1171	0
Aug 20 2020	10926	8	699	0
Aug 21 2020	10596	6	652	0
Aug 22 2020	10181	6	738	0
Aug 23 2020	9269	6	607	0
Aug 24 2020	8921	8	774	0
Aug 25 2020	8800	6	820	0
Aug 26 2020	8683	8	807	0
Aug 27 2020	8393	7	933	0
Aug 28 2020	8541	8	981	0
Aug 29 2020	8396	9	1067	0
Aug 30 2020	8396	6	922	0
Aug 31 2020	8230	5	860	0
Sep 01 2020	8338	5	1028	0
Sep 02 2020	8573	7	1127	0
Sep 03 2020	8901	4	994	0
Sep 04 2020	9312	10	1096	0
Sep 05 2020	9739	8	1192	0
Sep 06 2020	10855	8	1124	0
Sep 07 2020	10161	8	1061	0
Sep 08 2020	10684	8	1213	0
Sep 09 2020	10981	8	1188	0
Sep 10 2020	11238	8	1072	0
Sep 11 2020	11235	8	840	0
Sep 12 2020	11424	9	967	0
Sep 13 2020	11411	8	910	0
Sep 14 2020	11704	9	1029	0
Sep 15 2020	11792	8	1086	0
Sep 16 2020	11631	9	761	0
Sep 17 2020	11200	9	868	0
Sep 18 2020	10426	10	890	0
Sep 19 2020	10255	9	775	0
Sep 20 2020	10013	8	707	0
Sep 21 2020	10162	8	787	0
Sep 22 2020	10115	9	1010	0
Sep 23 2020	10106	10	986	0
Sep 24 2020	10080	7	967	0
Sep 25 2020	9973	10	867	0
Sep 26 2020	9812	9	667	0
Sep 27 2020	9658	6	751	0
Sep 28 2020	9568	8	837	0
Sep 29 2020	9542	7	835	0
Sep 30 2020	9269	7	759	0
Oct 01 2020	9149	7	907	0
Oct 02 2020	8961	8	791	0
Oct 03 2020	8899	6	826	0
Oct 04 2020	8864	4	788	0
Oct 05 2020	8627	5	683	0
Oct 06 2020	8412	7	679	0
Oct 07 2020	8202	6	608	0
Oct 08 2020	8145	7	615	0
Oct 09 2020	7992	6	677	0
Oct 10 2020	7843	7	757	0
Oct 11 2020	7776	6	684	0
Oct 12 2020	7652	7	619	0
Oct 13 2020	7419	6	635	0
Oct 14 2020	7405	4	614	0
Oct 15 2020	7060	6	464	0
Oct 16 2020	6739	5	289	0
Oct 17 2020	6711	6	531	0
Oct 18 2020	6206	5	347	0
Oct 19 2020	6104	5	525	0
Oct 20 2020	6581	6	483	0
Oct 21 2020	5656	6	391	0
Oct 22 2020	5373	6	381	0
Oct 23 2020	5055	5	302	0
Oct 24 2020	4929	6	424	0
Oct 25 2020	4845	3	423	0
Oct 26 2020	4826	4	482	0
Oct 27 2020	4713	3	353	0
Oct 28 2020	4690	4	476	0
Oct 29 2020	4594	5	404	0
Oct 30 2020	4461	4	309	0
Oct 31 2020	4442	5	424	0
Nov 01 2020	4368	3	312	0
Nov 02 2020	4352	5	380	0
Nov 03 2020	4349	4	395	0
Nov 04 2020	4340	4	380	0
Nov 05 2020	4401	5	441	0
Nov 06 2020	4385	2	384	0
Nov 07 2020	4372	3	393	0
Nov 08 2020	4302	2	185	0
Nov 09 2020	4265	4	266	0
Nov 10 2020	4252	4	296	0
Nov 11 2020	4169	4	305	0
Nov 12 2020	4158	3	390	0
Nov 13 2020	4145	3	301	0
Nov 14 2020	4137	4	492	0
Nov 15 2020	4128	3	419	0
Nov 16 2020	4117	4	387	0
Nov 17 2020	4108	3	311	0
Nov 18 2020	4100	2	300	0
Nov 19 2020	4111	3	315	0
Nov 20 2020	4105	3	352	0
Nov 21 2020	4211	3	418	0
Nov 22 2020	4609	2	400	0
Nov 23 2020	4285	2	308	0
Nov 24 2020	4278	3	355	0
Nov 25 2020	4268	4	319	0
Nov 26 2020	4259	4	398	0
Nov 27 2020	4234	4	309	0
Nov 28 2020	4216	4	236	0
Nov 29 2020	4494	2	280	0
Nov 30 2020	4171	3	354	0
Dec 01 2020	4158	4	227	0
Dec 02 2020	4132	4	446	0
Dec 03 2020	4118	4	481	0
Dec 04 2020	4085	4	329	0
Dec 05 2020	4382	3	300	0
Dec 06 2020	4029	3	265	0
Dec 07 2020	3998	5	462	0
Dec 08 2020	3980	4	480	0
Dec 09 2020	3967	5	468	0
Dec 10 2020	3958	5	428	0
Dec 11 2020	3948	6	435	0
Dec 12 2020	3939	5	462	0
Dec 13 2020	4543	5	609	0
Dec 14 2020	4128	6	339	0
Dec 15 2020	4244	5	355	0
Dec 16 2020	4255	5	237	0
Dec 17 2020	4365	5	364	0
Dec 18 2020	4441	4	314	0
Dec 19 2020	4589	5	386	0
Dec 20 2020	4625	4	294	0
Dec 21 2020	4721	5	438	0
Dec 22 2020	5032	4	315	0
Dec 23 2020	4773	5	196	0
Dec 24 2020	4760	4	221	0
Dec 25 2020	4789	4	358	0
Dec 26 2020	4833	3	348	0
Dec 27 2020	4849	1	365	0
Dec 28 2020	4881	4	320	0
Dec 29 2020	4882	3	225	0
Dec 30 2020	4893	4	260	0
Dec 31 2020	4947	3	437	0
Jan 01 2021	4953	2	326	0
Jan 02 2021	4965	2	199	0
Jan 03 2021	4928	2	147	0
Jan 04 2021	4901	4	177	0
Jan 05 2021	4888	4	255	0
Jan 06 2021	4895	5	246	0
Jan 07 2021	4906	5	414	0
Jan 08 2021	4927	4	345	0
Jan 09 2021	4985	5	505	0
Jan 10 2021	5418	5	438	0
Jan 11 2021	5037	7	373	0
Jan 12 2021	5046	5	316	0
Jan 13 2021	5111	6	512	0
Jan 14 2021	5326	6	604	0
Jan 15 2021	5441	5	441	0
Jan 16 2021	5583	6	450	0
Jan 17 2021	5695	5	497	0
Jan 18 2021	6004	6	641	0
Jan 19 2021	6349	4	673	0
Jan 20 2021	6587	6	574	0
Jan 21 2021	6832	7	569	0
Jan 22 2021	6734	7	535	0
Jan 23 2021	6677	6	450	0
Jan 24 2021	7135	6	464	0
Jan 25 2021	6593	6	403	0
Jan 26 2021	6581	5	413	0
Jan 27 2021	6678	6	433	0
Jan 28 2021	6746	6	406	0
Jan 29 2021	6732	6	412	0
Jan 30 2021	6755	6	547	0
Jan 31 2021	6851	6	604	0
Feb 01 2021	6859	7	419	0
Feb 02 2021	6873	6	406	0
Feb 03 2021	6902	7	563	0
Feb 04 2021	6915	7	460	0
Feb 05 2021	6914	7	456	0
Feb 06 2021	6846	5	412	0
Feb 07 2021	6802	5	473	0
Feb 08 2021	6825	7	480	0
Feb 09 2021	6858	7	500	0
Feb 10 2021	6812	6	380	0
Feb 11 2021	6757	7	352	0
Feb 12 2021	6739	7	431	0
Feb 13 2021	6736	6	484	0
Feb 14 2021	6760	6	475	0
Feb 15 2021	6727	6	359	0
Feb 16 2021	6711	7	350	0
Feb 17 2021	6680	5	392	0
Feb 18 2021	6686	6	462	0
Feb 19 2021	6663	5	333	0
Feb 20 2021	6693	4	489	0
Feb 21 2021	6664	4	465	0
Feb 22 2021	6646	4	477	0
Feb 23 2021	6634	5	441	0
Feb 24 2021	6627	6	459	0
Feb 25 2021	6610	3	426	0
Feb 26 2021	6578	4	424	0
Feb 27 2021	6564	3	444	0
Feb 28 2021	6938	3	377	0
Mar 01 2021	6550	4	429	0
Mar 02 2021	6529	5	389	0
Mar 03 2021	6522	5	449	0
Mar 04 2021	6562	6	577	0
Mar 05 2021	6531	7	396	0
Mar 06 2021	6573	7	529	0
Mar 07 2021	6560	6	453	0
Mar 08 2021	6544	7	436	0
Mar 09 2021	6533	8	547	0
Mar 10 2021	6520	8	475	0
Mar 11 2021	6593	8	481	0
Mar 12 2021	6654	7	509	0
Mar 13 2021	6808	8	593	0
Mar 14 2021	6951	7	574	0
Mar 15 2021	7096	7	535	0
Mar 16 2021	7166	7	540	0
Mar 17 2021	7277	8	549	0
Mar 18 2021	7427	8	631	0
Mar 19 2021	7939	8	937	0
Mar 20 2021	8584	8	1161	0
Mar 21 2021	8872	10	817	0
Mar 22 2021	9132	9	771	0
Mar 23 2021	9737	9	614	0
Mar 24 2021	9413	10	807	0
Mar 25 2021	9724	11	850	0
Mar 26 2021	9894	11	740	0
Mar 27 2021	9879	12	758	0
Mar 28 2021	9797	10	992	0
Mar 29 2021	10170	12	1288	0
Mar 30 2021	10397	12	1206	0
Mar 31 2021	11049	13	1348	0
Apr 01 2021	11480	13	1254	0
Apr 02 2021	11642	14	979	0
Apr 03 2021	12316	18	1607	0
Apr 04 2021	14087	15	1786	0
Apr 05 2021	13669	16	1425	0
Apr 06 2021	14318	15	1526	0
Apr 07 2021	14461	12	1115	0
Apr 08 2021	14842	15	1184	0
Apr 09 2021	15060	19	1088	0
Apr 10 2021	15555	20	1325	0
Apr 11 2021	15623	19	1101	0
Apr 12 2021	15618	17	925	0
Apr 13 2021	15610	20	1160	0
Apr 14 2021	15640	19	1122	0
Apr 15 2021	15692	19	1271	0
Apr 16 2021	15803	17	1244	0
Apr 17 2021	15485	18	1294	0
Apr 18 2021	15326	17	1287	0
Apr 19 2021	15844	20	1405	0
Apr 20 2021	15374	19	1141	0
Apr 21 2021	15095	21	1009	0
Apr 22 2021	15033	22	1318	0
Apr 23 2021	15337	22	1318	0
Apr 24 2021	15398	19	1142	0
Apr 25 2021	16374	19	995	0
Apr 26 2021	15191	18	980	0
Apr 27 2021	15581	17	1223	0
Apr 28 2021	15778	17	1238	0
Apr 29 2021	16197	18	1427	0
Apr 30 2021	16347	19	1297	0
May 01 2021	16409	19	1182	0
May 02 2021	17594	17	1202	0
May 03 2021	15985	17	864	0
May 04 2021	15438	19	876	0
May 05 2021	15040	18	771	0
May 06 2021	15425	18	1479	0
May 07 2021	15253	19	1124	0
May 08 2021	15322	17	1368	0
May 09 2021	14811	11	1321	0
May 10 2021	14783	13	1292	0
May 11 2021	14707	16	954	0
May 12 2021	14445	17	832	0
May 13 2021	14106	15	890	0
May 14 2021	13873	14	1160	0
May 15 2021	13816	16	1233	0
May 16 2021	13703	14	1070	0
May 17 2021	13623	15	1114	0
May 18 2021	13529	17	1188	0
May 19 2021	13743	18	1211	0
May 20 2021	13876	19	1050	0
May 21 2021	13944	18	1178	0
May 22 2021	13978	16	1010	0
May 23 2021	13911	14	1293	0
May 24 2021	14073	15	1474	0
May 25 2021	14097	16	1317	0
May 26 2021	14413	15	1271	0
May 27 2021	14964	17	1421	0
May 28 2021	15353	19	1319	0
May 29 2021	15463	20	1296	0
May 30 2021	15581	14	1357	0
May 31 2021	15879	17	1365	0
Jun 01 2021	16160	15	1402	0
Jun 02 2021	16283	13	1188	0
Jun 03 2021	16368	15	1258	0
Jun 04 2021	16583	9	1239	0
Jun 05 2021	16898	10	1462	0
Jun 06 2021	16888	11	1424	0
Jun 07 2021	17099	15	1483	0
Jun 08 2021	17284	16	1679	0
Jun 09 2021	17452	14	1464	0
Jun 10 2021	17367	17	1083	0
Jun 11 2021	17025	16	973	0
Jun 12 2021	17247	17	1489	0
Jun 13 2021	17299	15	1377	0
Jun 14 2021	17010	16	1197	0
Jun 15 2021	16858	20	1233	0
Jun 16 2021	16776	21	1341	0
Jun 17 2021	16973	20	1405	0
Jun 18 2021	16974	19	1278	0
Jun 19 2021	16990	18	1273	0
Jun 20 2021	16849	15	1327	0
Jun 21 2021	16708	15	1298	0
Jun 22 2021	16543	16	1334	0
Jun 23 2021	16025	18	1179	0
Jun 24 2021	15636	16	1091	0
Jun 25 2021	15848	15	1310	0
Jun 26 2021	16255	17	1397	0
Jun 27 2021	16039	13	1286	0
Jun 28 2021	15983	16	1019	0
Jun 29 2021	15794	17	1025	0
Jun 30 2021	15647	18	1033	0
Jul 01 2021	15632	17	1312	0
Jul 02 2021	15570	18	1181	0
Jul 03 2021	15502	19	1190	0
Jul 04 2021	15491	17	1240	0
Jul 05 2021	15232	19	1030	0
Jul 06 2021	15180	13	1148	0
Jul 07 2021	15064	17	1167	0
Jul 08 2021	14824	14	927	0
Jul 09 2021	14755	11	1033	0
Jul 10 2021	14233	14	802	0
Jul 11 2021	14024	12	1200	0
Jul 12 2021	13736	12	968	0
Jul 13 2021	13704	13	1080	0
Jul 14 2021	13776	12	1109	0
Jul 15 2021	13994	12	1263	0
Jul 16 2021	13833	11	1162	0
Jul 17 2021	13832	12	1192	0
Jul 18 2021	13690	15	1063	0
Jul 19 2021	13522	15	1087	0
Jul 20 2021	13202	16	861	0
Jul 21 2021	13143	18	1019	0
Jul 22 2021	13151	17	1117	0
Jul 23 2021	13130	15	919	0
Jul 24 2021	13128	17	1022	0
Jul 25 2021	13115	17	1018	0
Jul 26 2021	12975	17	1097	0
Jul 27 2021	12679	15	1060	0
Jul 28 2021	12651	18	1009	0
Jul 29 2021	12519	16	809	0
Jul 30 2021	12286	18	929	0
Jul 31 2021	11994	15	1040	0
Aug 01 2021	11510	16	907	0
Aug 02 2021	11380	16	897	0
Aug 03 2021	11143	14	882	0
Aug 04 2021	10962	12	766	0
Aug 05 2021	10727	17	763	0
Aug 06 2021	10679	16	979	0
Aug 07 2021	10885	12	1155	0
Aug 08 2021	10678	11	816	0
Aug 09 2021	10255	14	653	0
Aug 10 2021	10141	14	896	0
Aug 11 2021	10149	15	1018	0
Aug 12 2021	10129	16	951	0
Aug 13 2021	10095	17	885	0
Aug 14 2021	10063	8	851	0
Aug 15 2021	9898	10	909	0
Aug 16 2021	9865	16	861	0
Aug 17 2021	9831	15	967	0
Aug 18 2021	10020	14	1005	0
Aug 19 2021	9998	15	830	0
Aug 20 2021	10025	12	769	0
Aug 21 2021	10096	15	1116	0
Aug 22 2021	10075	9	1074	0
Aug 23 2021	10044	14	806	0
Aug 24 2021	10153	15	928	0
Aug 25 2021	10243	16	1100	0
Aug 26 2021	10396	15	1186	0
Aug 27 2021	10737	15	1376	0
Aug 28 2021	10850	16	1060	0
Aug 29 2021	10916	12	953	0
Aug 30 2021	11323	12	1218	0
Aug 31 2021	11457	16	890	0
Sep 01 2021	11649	13	855	0
Sep 02 2021	12039	17	1271	0
Sep 03 2021	12066	16	941	0
Sep 04 2021	11809	14	955	0
Sep 05 2021	11743	12	932	0
Sep 06 2021	11863	17	1127	0
Sep 07 2021	11828	18	834	0
Sep 08 2021	11877	17	1030	0
Sep 09 2021	11868	17	1119	0
Sep 10 2021	12046	12	1263	0
Sep 11 2021	11888	13	1195	0
Sep 12 2021	11717	11	892	0
Sep 13 2021	11851	11	1226	0
Sep 14 2021	11505	14	858	0
Sep 15 2021	11638	17	1064	0
Sep 16 2021	11760	16	1260	0
Sep 17 2021	11896	14	1346	0
Sep 18 2021	11717	16	838	0
Sep 19 2021	11679	10	822	0
Sep 20 2021	11929	10	1201	0
Sep 21 2021	11894	18	1060	0
Sep 22 2021	12083	17	1140	0
Sep 23 2021	12202	17	1171	0
Sep 24 2021	12260	16	1216	0
Sep 25 2021	12168	16	1191	0
Sep 26 2021	12285	17	1260	0
Sep 27 2021	12638	15	1458	0
Sep 28 2021	12812	16	1392	0
Sep 29 2021	13251	11	1522	0
Sep 30 2021	13358	15	1296	0
Oct 01 2021	13577	14	1400	0
Oct 02 2021	13919	12	1638	0
Oct 03 2021	14002	15	1326	0
Oct 04 2021	14266	16	1527	0
Oct 05 2021	14433	13	1452	0
Oct 06 2021	14697	19	1522	0
Oct 07 2021	15041	18	1519	0
Oct 08 2021	15417	16	1504	0
Oct 09 2021	15654	14	1410	0
Oct 10 2021	15637	11	1110	0
Oct 11 2021	15579	17	1292	0
Oct 12 2021	15359	18	1284	0
Oct 13 2021	15276	15	1441	0
Oct 14 2021	15208	14	1350	0
Oct 15 2021	15266	12	1302	0
Oct 16 2021	15205	14	1368	0
Oct 17 2021	15180	12	1349	0
Oct 18 2021	15161	15	1299	0
Oct 19 2021	14878	14	1162	0
Oct 20 2021	14837	15	1254	0
Oct 21 2021	14508	12	893	0
Oct 22 2021	14418	15	1241	0
Oct 23 2021	14146	10	1056	0
Oct 24 2021	13697	10	844	0
Oct 25 2021	13324	12	748	0
Oct 26 2021	13266	14	1148	0
Oct 27 2021	12856	12	911	0
Oct 28 2021	12617	12	1069	0
Oct 29 2021	12583	14	1058	0
Oct 30 2021	12017	10	794	0
Oct 31 2021	11603	7	912	0
Nov 01 2021	11124	11	715	0
Nov 02 2021	10772	13	861	0
Nov 03 2021	10543	10	968	0
Nov 04 2021	10472	11	953	0
Nov 05 2021	10167	10	926	0
Nov 06 2021	10045	9	898	0
Nov 07 2021	9535	10	663	0
Nov 08 2021	9476	11	1085	0
Nov 09 2021	9355	9	980	0
Nov 10 2021	9332	11	990	0
Nov 11 2021	9161	9	930	0
Nov 12 2021	9092	5	878	0
Nov 13 2021	9010	9	902	0
Nov 14 2021	8879	7	845	0
Nov 15 2021	8800	8	755	0
Nov 16 2021	8762	6	811	0
Nov 17 2021	8725	9	918	0
Nov 18 2021	8653	8	686	0
Nov 19 2021	8577	9	718	0
Nov 20 2021	8416	7	808	0
Nov 21 2021	8280	6	772	0
Nov 22 2021	8486	9	801	0
Nov 23 2021	8322	9	785	0
Nov 24 2021	8067	7	619	0
Nov 25 2021	8054	11	1035	0
Nov 26 2021	8003	9	907	0
Nov 27 2021	7778	7	686	0
Nov 28 2021	7727	7	650	0
Nov 29 2021	7680	6	600	0
Nov 30 2021	7659	11	649	0
Dec 01 2021	7629	6	569	0
Dec 02 2021	7602	9	694	0
Dec 03 2021	7496	7	452	0
Dec 04 2021	7452	9	473	0
Dec 05 2021	7436	7	785	0
Dec 06 2021	7410	9	543	0
Dec 07 2021	7324	6	364	0
Dec 08 2021	7276	8	353	0
Dec 09 2021	7196	7	424	0
Dec 10 2021	7101	6	511	0
Dec 11 2021	7080	5	774	0
Dec 12 2021	6968	5	796	0
Dec 13 2021	6736	6	406	0
Dec 14 2021	6722	5	355	0
Dec 15 2021	6544	8	491	0
Dec 16 2021	6488	7	463	0
Dec 17 2021	6462	7	386	0
Dec 18 2021	6427	6	444	0
Dec 19 2021	6328	7	334	0
Dec 20 2021	6295	6	375	0
Dec 21 2021	6188	8	241	0
Dec 22 2021	6162	7	253	0
Dec 23 2021	6156	4	326	0
Dec 24 2021	6146	2	242	0
Dec 25 2021	6113	1	168	0
Dec 26 2021	6070	1	165	0
Dec 27 2021	5999	2	280	0
Dec 28 2021	5901	3	371	0
Dec 29 2021	5657	2	203	0
Dec 30 2021	5466	3	225	0
Dec 31 2021	5229	4	224	0
Jan 01 2022	4981	3	193	0
Jan 02 2022	4742	2	144	0
Jan 03 2022	4650	2	110	0
Jan 04 2022	4751	2	287	0
Jan 05 2022	4832	4	311	0
Jan 06 2022	4887	4	346	0
Jan 07 2022	4968	3	401	0
Jan 08 2022	4981	4	414	0
Jan 09 2022	5167	5	447	0
Jan 10 2022	5420	4	577	0
Jan 11 2022	5762	5	598	0
Jan 12 2022	6736	4	1267	0
Jan 13 2022	7628	3	1162	0
Jan 14 2022	8935	3	1538	0
Jan 15 2022	10255	2	1544	0
Jan 16 2022	11102	2	1049	0
Jan 17 2022	12536	3	1618	0
Jan 18 2022	13703	4	2090	0
Jan 19 2022	14511	5	2328	0
Jan 20 2022	15533	3	2086	0
Jan 21 2022	16134	4	2318	0
Jan 22 2022	16616	3	2401	0
Jan 23 2022	16990	3	1702	0
Jan 24 2022	17010	5	1823	0
Jan 25 2022	17041	4	1736	0
Jan 26 2022	17103	5	2010	0
Jan 27 2022	17179	6	1887	0
Jan 28 2022	17195	5	1989	0
Jan 29 2022	16472	6	2364	0
Jan 30 2022	16609	4	2646	0
Jan 31 2022	16879	7	1953	0
Feb 01 2022	17382	7	1801	0
Feb 02 2022	17225	8	1530	0
Feb 03 2022	17013	7	1711	0
Feb 04 2022	16843	5	1662	0
Feb 05 2022	17134	7	2157	0
Feb 06 2022	16709	6	1448	0
Feb 07 2022	16197	8	1694	0
Feb 08 2022	16268	9	1560	0
Feb 09 2022	15313	7	1008	0
Feb 10 2022	14500	10	1041	0
Feb 11 2022	14497	8	1576	0
Feb 12 2022	14338	9	1557	0
Feb 13 2022	13898	11	1228	0
Feb 14 2022	13358	7	1030	0
Feb 15 2022	13040	8	1065	0
Feb 16 2022	12755	8	926	0
Feb 17 2022	12053	10	632	0
Feb 18 2022	11454	9	347	0
Feb 19 2022	11012	11	606	0
Feb 20 2022	10535	7	520	0
Feb 21 2022	10417	7	699	0
Feb 22 2022	9270	5	397	0
Feb 23 2022	8579	3	391	0
Feb 24 2022	7791	1	387	0
Feb 25 2022	7269	3	480	0
Feb 26 2022	7378	3	888	0
Feb 27 2022	6744	2	480	0
Feb 28 2022	6355	3	329	0
Mar 01 2022	6242	3	458	0
Mar 02 2022	6004	2	180	0
Mar 03 2022	5674	2	181	0
Mar 04 2022	5285	2	293	0
Mar 05 2022	5124	2	342	0
Mar 06 2022	4806	2	239	0
Mar 07 2022	4022	1	149	0
Mar 08 2022	3678	2	198	0
Mar 09 2022	3647	1	352	0
Mar 10 2022	3374	2	204	0
Mar 11 2022	3458	1	279	0
Mar 12 2022	3540	1	304	0
Mar 13 2022	3374	1	107	0
Mar 14 2022	3051	1	50	0
Mar 15 2022	3084	2	290	0
Mar 16 2022	3218	2	309	0
Mar 17 2022	3196	1	186	0
Mar 18 2022	2964	2	175	0
Mar 19 2022	2917	1	138	0
Mar 20 2022	2729	1	112	0
Mar 21 2022	2458	2	54	0
Mar 22 2022	2385	1	73	0
Mar 23 2022	2396	2	75	0
Mar 24 2022	2179	1	71	0
Mar 25 2022	1990	2	95	0
Mar 26 2022	1863	1	39	0
Mar 27 2022	1700	2	36	0
Mar 28 2022	1566	1	56	0
Mar 29 2022	1550	1	135	0
Mar 30 2022	1505	1	69	0
Mar 31 2022	1575	1	124	0
Apr 01 2022	1609	1	130	0
Apr 02 2022	1591	1	81	0
Apr 03 2022	1641	1	135	0
Apr 04 2022	1597	1	62	0
Apr 05 2022	1671	1	125	0
Apr 06 2022	1708	1	75	0
Apr 07 2022	1733	2	81	0
Apr 08 2022	1743	1	139	0
Apr 09 2022	1716	1	48	0
Apr 10 2022	1694	2	98	0
Apr 11 2022	1644	1	75	0
Apr 12 2022	1633	1	72	0
Apr 13 2022	1603	1	96	0
Apr 14 2022	1704	1	166	0
Apr 15 2022	1638	1	66	0
Apr 16 2022	1648	1	88	0
Apr 17 2022	1569	0	8	0
Apr 18 2022	1436	1	7	0
Apr 19 2022	1390	1	6	0
Apr 20 2022	1292	1	1	0
Apr 21 2022	1230	1	14	0
Apr 22 2022	1171	0	18	0
Apr 23 2022	1111	0	33	0
Apr 24 2022	1007	1	55	0
Apr 25 2022	991	0	58	0
Apr 26 2022	916	0	9	0
Apr 27 2022	918	0	20	0
Apr 28 2022	911	1	8	0
Apr 29 2022	931	1	34	0
Apr 30 2022	941	1	20	0
May 01 2022	1022	0	109	0
May 02 2022	1077	0	80	0
May 03 2022	1072	0	36	0
May 04 2022	1036	0	14	0
May 05 2022	1007	0	23	0
May 06 2022	1036	0	38	0
May 07 2022	1064	0	47	0
May 08 2022	1133	0	77	0
May 09 2022	1116	0	15	0
May 10 2022	1131	0	36	0
May 11 2022	1065	1	40	0
May 12 2022	1082	0	50	0
May 13 2022	1040	1	31	0
May 14 2022	1040	0	0	0
May 15 2022	1083	1	99	0
May 16 2022	1100	0	39	0
May 17 2022	1122	1	60	0
May 18 2022	1107	1	30	0
May 19 2022	1050	1	25	0
May 20 2022	1090	1	64	0
May 21 2022	1082	0	28	0
May 22 2022	1121	0	77	0
May 23 2022	1105	0	34	0
May 24 2022	1106	1	34	0
May 25 2022	1082	1	33	0
May 26 2022	1081	1	47	0
May 27 2022	1091	1	49	0
May 28 2022	1086	0	53	0
May 29 2022	1078	1	25	0
May 30 2022	1030	0	7	0
May 31 2022	997	0	29	0
Jun 01 2022	1021	1	56	0
Jun 02 2022	1007	0	59	0
Jun 03 2022	1000	0	28	0
Jun 04 2022	998	0	36	0
Jun 05 2022	1031	0	68	0
Jun 06 2022	1022	0	36	0
Jun 07 2022	1001	0	32	0
Jun 08 2022	1013	0	64	0
Jun 09 2022	1033	0	52	0
Jun 10 2022	1090	1	67	0
Jun 11 2022	1125	0	64	0
Jun 12 2022	1146	1	75	0
Jun 13 2022	1118	0	30	0
Jun 14 2022	1138	0	49	0
Jun 15 2022	1220	0	118	0
Jun 16 2022	1256	0	100	0
Jun 17 2022	1350	0	130	0
Jun 18 2022	1423	0	105	0
Jun 19 2022	1445	0	88	0
Jun 20 2022	1459	0	67	0
Jun 21 2022	1520	1	127	0
Jun 22 2022	1529	0	71	0
Jun 23 2022	1617	0	164	0
Jun 24 2022	1784	1	199	0
Jun 25 2022	1911	2	177	0
Jun 26 2022	1862	1	66	0
Jun 27 2022	1810	1	45	0
Jun 28 2022	1912	0	102	0
Jun 29 2022	1777	2	93	0
Jun 30 2022	1880	1	192	0
Jul 01 2022	2057	1	240	0
Jul 02 2022	2173	1	234	0
Jul 03 2022	2403	0	304	0
Jul 04 2022	2286	0	82	0
Jul 05 2022	2298	2	167	0
Jul 06 2022	2233	1	106	0
Jul 07 2022	2407	1	246	0
Jul 08 2022	2553	0	196	0
Jul 09 2022	2620	1	175	0
Jul 10 2022	2855	1	328	0
Jul 11 2022	2801	0	137	0
Jul 12 2022	2701	0	137	0
Jul 13 2022	2690	1	219	0
Jul 14 2022	2588	1	209	0
Jul 15 2022	2890	2	390	0
Jul 16 2022	3056	2	346	0
Jul 17 2022	3611	1	672	0
Jul 18 2022	3593	0	247	0
Jul 19 2022	3697	2	326	0
Jul 20 2022	3615	3	119	0
Jul 21 2022	3850	0	563	0
Jul 22 2022	4017	2	306	0
Jul 23 2022	4392	1	513	0
Jul 24 2022	4598	1	426	0
Jul 25 2022	4682	0	293	0
Jul 26 2022	4476	0	184	0
Jul 27 2022	4765	0	635	0
Jul 28 2022	4528	2	437	0
Jul 29 2022	4734	2	455	0
Jul 30 2022	4778	1	371	0
Jul 31 2022	5217	1	559	0
Aug 01 2022	4904	0	250	0
Aug 02 2022	5098	0	500	0
Aug 03 2022	5175	1	591	0
Aug 04 2022	5057	2	310	0
Aug 05 2022	5076	1	313	0
Aug 06 2022	5246	1	355	0
Aug 07 2022	4891	0	280	0
Aug 08 2022	4650	0	196	0
Aug 09 2022	4441	0	246	0
Aug 10 2022	4396	2	328	0
Aug 11 2022	4596	1	201	0
Aug 12 2022	4108	2	323	0
Aug 13 2022	3979	2	373	0
Aug 14 2022	3505	3	120	0
Aug 15 2022	3395	0	200	0
Aug 16 2022	3340	1	259	0
Aug 17 2022	3098	2	115	0
Aug 18 2022	2996	3	181	0
Aug 19 2022	3008	2	210	0
Aug 20 2022	2897	0	135	0
Aug 21 2022	2650	2	83	0
Aug 22 2022	2642	2	195	0
Aug 23 2022	2427	0	108	0
Aug 24 2022	2151	2	99	0
Aug 25 2022	2130	0	99	0
Aug 26 2022	2061	2	133	0
Aug 27 2022	1962	0	160	0
Aug 28 2022	1898	2	53	0
Aug 29 2022	1746	0	29	0
Aug 30 2022	1780	0	116	0
Aug 31 2022	1763	0	111	0
Sep 01 2022	1861	1	99	0
Sep 02 2022	1822	0	97	0
Sep 03 2022	1868	1	170	0
Sep 04 2022	1826	3	78	0
Sep 05 2022	1712	1	73	0
Sep 06 2022	1690	1	98	0
Sep 07 2022	1641	1	81	0
Sep 08 2022	1641	0	0	0
Sep 09 2022	1686	1	179	0
Sep 10 2022	1847	2	376	0
Sep 11 2022	1868	2	52	0
Sep 12 2022	1773	0	21	0
Sep 13 2022	1703	0	41	0
Sep 14 2022	1661	0	57	0
Sep 15 2022	1691	0	127	0
Sep 16 2022	1554	0	33	0
Sep 17 2022	1519	2	45	0
Sep 18 2022	1494	0	75	0
Sep 19 2022	1395	1	38	0
Sep 20 2022	1304	2	22	0
Sep 21 2022	1165	0	40	0
Sep 22 2022	999	0	45	0
Sep 23 2022	884	0	50	0
Sep 24 2022	877	0	45	0
Sep 25 2022	919	0	75	0
Sep 26 2022	868	0	6	0
Sep 27 2022	900	0	89	0
Sep 28 2022	840	0	67	0
Sep 29 2022	863	0	73	0
Sep 30 2022	861	0	43	0
Oct 01 2022	841	2	57	0
Oct 02 2022	802	0	14	0
Oct 03 2022	780	0	10	0
Oct 04 2022	790	2	12	0
Oct 05 2022	700	0	11	0
Oct 06 2022	664	0	14	0
Oct 07 2022	612	0	11	0
Oct 08 2022	555	0	18	0
Oct 09 2022	563	0	14	0
Oct 10 2022	476	0	2	0
Oct 11 2022	456	0	47	0
Oct 12 2022	529	0	146	0
Oct 13 2022	502	0	16	0
Oct 14 2022	462	1	18	0
Oct 15 2022	485	1	38	0
Oct 16 2022	567	0	92	0
Oct 17 2022	609	0	54	0
Oct 18 2022	618	0	20	0
Oct 19 2022	676	0	72	0
Oct 20 2022	713	0	37	0
Oct 21 2022	701	0	17	0
Oct 22 2022	757	0	70	0
Oct 23 2022	760	0	15	0
Oct 24 2022	721	0	8	0
Oct 25 2022	624	0	49	0
Oct 26 2022	661	0	53	0
Oct 27 2022	702	0	59	0
Oct 28 2022	690	0	26	0
Oct 29 2022	634	0	36	0
Oct 30 2022	619	0	39	0
Oct 31 2022	620	0	21	0
Nov 01 2022	575	0	27	0
Nov 02 2022	563	0	25	0
Nov 03 2022	558	0	12	0
Nov 04 2022	571	1	84	0
Nov 05 2022	606	1	51	0
Nov 06 2022	609	1	12	0
Nov 07 2022	572	0	12	0
Nov 08 2022	534	0	15	0
Nov 09 2022	540	0	65	0
Nov 10 2022	541	0	27	0
Nov 11 2022	537	1	33	0
Nov 12 2022	620	0	122	0
Nov 13 2022	650	0	51	0
Nov 14 2022	649	0	26	0
Nov 15 2022	651	1	28	0
Nov 16 2022	684	0	45	0
Nov 17 2022	703	0	103	0
Nov 18 2022	748	0	96	0
Nov 19 2022	801	2	67	0
Nov 20 2022	826	0	39	0
Nov 21 2022	862	0	51	0
Nov 22 2022	844	0	47	0
Nov 23 2022	929	0	112	0
Nov 24 2022	959	0	63	0
Nov 25 2022	1000	0	92	0
Nov 26 2022	1070	1	97	0
Nov 27 2022	1092	0	50	0
Nov 28 2022	1092	0	45	0
Nov 29 2022	1161	0	69	0
Nov 30 2022	1064	0	102	0
Dec 01 2022	1061	0	64	0
Dec 02 2022	1087	1	66	0
Dec 03 2022	1111	0	75	0
Dec 04 2022	1133	0	69	0
Dec 05 2022	1071	0	50	0
Dec 06 2022	1079	0	71	0
Dec 07 2022	1086	0	99	0
Dec 08 2022	1078	0	89	0
Dec 09 2022	1111	0	83	0
Dec 10 2022	1180	1	115	0
Dec 11 2022	1170	0	59	0
Dec 12 2022	1116	0	48	0
Dec 13 2022	1167	0	115	0
Dec 14 2022	1300	0	133	0
Dec 15 2022	1256	0	97	0
Dec 16 2022	1352	0	165	0
Dec 17 2022	1422	0	120	0
Dec 18 2022	1473	0	122	0
Dec 19 2022	1440	0	66	0
Dec 20 2022	1456	0	105	0
Dec 21 2022	1543	0	170	0
Dec 22 2022	1559	0	131	0
Dec 23 2022	1665	0	165	0
Dec 24 2022	1842	0	225	0
Dec 25 2022	1784	0	57	0
Dec 26 2022	1671	0	20	0
Dec 27 2022	1647	0	73	0
Dec 28 2022	1647	0	0	0
Dec 29 2022	1530	1	169	0
Dec 30 2022	1541	1	134	0
Dec 31 2022	1623	0	82	0
Jan 01 2023	1461	0	9	0
Jan 02 2023	1291	0	11	0
Jan 03 2023	1177	0	17	0
Jan 04 2023	1171	0	16	0
Jan 05 2023	963	0	17	0
Jan 06 2023	948	0	42	0
Jan 07 2023	950	2	24	0
Jan 08 2023	884	0	7	0
Jan 09 2023	791	0	7	0
Jan 10 2023	747	0	25	0
Jan 11 2023	636	0	23	0
Jan 12 2023	572	0	18	0
Jan 13 2023	624	0	61	0
Jan 14 2023	726	3	116	0
Jan 15 2023	742	0	27	0
Jan 16 2023	749	0	7	0
Jan 17 2023	747	0	31	0
Jan 18 2023	742	2	39	0
Jan 19 2023	807	1	90	0
Jan 20 2023	813	0	13	0
Jan 21 2023	877	0	79	0
Jan 22 2023	864	0	12	0
Jan 23 2023	843	0	2	0
Jan 24 2023	879	0	54	0
Jan 25 2023	853	3	38	0
Jan 26 2023	745	2	10	0
Jan 27 2023	745	0	0	0
Jan 28 2023	724	0	13	0
Jan 29 2023	724	0	0	0
Jan 30 2023	784	0	130	0
Jan 31 2023	739	0	45	0
Feb 01 2023	740	0	14	0
Feb 02 2023	740	0	0	0
Feb 03 2023	650	2	18	0
Feb 04 2023	665	2	24	0
Feb 05 2023	636	0	2	0
Feb 06 2023	599	0	2	0
Feb 07 2023	518	1	10	0
Feb 08 2023	513	1	9	0
Feb 09 2023	441	0	7	0
Feb 10 2023	441	0	0	0
Feb 11 2023	364	0	47	0
Feb 12 2023	428	0	81	0
Feb 13 2023	414	0	3	0
Feb 14 2023	468	0	70	0
Feb 15 2023	470	0	12	0
Feb 16 2023	465	1	18	0
Feb 17 2023	465	0	0	0
Feb 18 2023	455	0	7	0
Feb 19 2023	455	0	0	0
Feb 20 2023	438	0	17	0
Feb 21 2023	433	0	12	0
Feb 22 2023	411	0	10	0
Feb 23 2023	334	0	4	0
Feb 24 2023	334	0	3	0
Feb 25 2023	280	1	17	0
Feb 26 2023	280	0	0	0
Feb 27 2023	257	0	7	0
Feb 28 2023	257	0	0	0
Mar 01 2023	254	1	5	0
Mar 02 2023	269	0	28	0
Mar 03 2023	285	0	20	0
Mar 04 2023	290	0	17	0
Mar 05 2023	354	0	74	0
Mar 06 2023	379	0	29	0
Mar 07 2023	379	0	3	0
Mar 08 2023	367	0	5	0
Mar 09 2023	368	0	6	0
Mar 10 2023	386	0	20	0
Mar 11 2023	406	0	22	0
Mar 12 2023	409	0	6	0
Mar 13 2023	390	0	9	0
Mar 14 2023	390	0	0	0
Mar 15 2023	361	0	8	0
Mar 16 2023	298	0	11	0
Mar 17 2023	275	0	6	0
Mar 18 2023	282	0	10	0
Mar 19 2023	284	0	7	0
Mar 20 2023	284	0	6	0
Mar 21 2023	275	0	11	0
Mar 22 2023	266	0	13	0
Mar 23 2023	270	0	10	0
Mar 24 2023	276	0	15	0
Mar 25 2023	283	0	10	0
Mar 26 2023	282	0	4	0
Mar 27 2023	286	0	15	0
Mar 28 2023	286	0	0	0
Mar 29 2023	293	0	23	0
Mar 30 2023	295	0	9	0
Mar 31 2023	304	0	15	0
Apr 01 2023	308	0	15	0
Apr 02 2023	309	2	16	0
Apr 03 2023	312	0	13	0
Apr 04 2023	309	0	12	0
Apr 05 2023	309	0	0	0
Apr 06 2023	311	0	16	0
Apr 07 2023	299	0	3	0
Apr 08 2023	292	0	3	0
Apr 09 2023	283	0	4	0
Apr 10 2023	277	0	3	0
Apr 11 2023	269	0	7	0
Apr 12 2023	258	0	4	0
Apr 13 2023	247	0	5	0
Apr 14 2023	240	0	6	0
Apr 15 2023	235	0	7	0
Apr 16 2023	227	0	5	0
Apr 17 2023	231	0	7	0
Apr 18 2023	241	0	13	0
Apr 19 2023	244	0	6	0
Apr 20 2023	245	0	5	0
Apr 21 2023	249	0	7	0
Apr 22 2023	252	0	10	0
Apr 23 2023	252	0	0	0
Apr 24 2023	253	0	10	0
Apr 25 2023	253	0	0	0
Apr 26 2023	258	0	18	0
Apr 27 2023	266	0	13	0
Apr 28 2023	266	0	0	0
Apr 29 2023	267	0	21	0
Apr 30 2023	267	0	0	0
May 01 2023	278	0	17	0
May 02 2023	292	0	26	0
May 03 2023	297	0	15	0
May 04 2023	302	0	10	0
May 05 2023	302	0	0	0
May 06 2023	302	0	0	0
May 07 2023	302	0	0	0
May 08 2023	302	0	0	0
May 09 2023	302	0	0	0
May 10 2023	302	0	0	0
May 11 2023	302	0	0	0
May 12 2023	302	0	0	0
May 13 2023	302	0	0	0
May 14 2023	302	0	0	0
May 15 2023	302	0	0	0
May 16 2023	302	0	0	0
May 17 2023	302	0	0	0
May 18 2023	302	0	0	0
May 19 2023	302	0	0	0
May 20 2023	302	0	0	0
May 21 2023	302	0	0	0
May 22 2023	302	0	0	0
May 23 2023	302	0	0	0
May 24 2023	302	0	0	0
May 25 2023	302	0	0	0
May 26 2023	302	0	0	0
May 27 2023	302	0	0	0
May 28 2023	302	0	0	0
May 29 2023	302	0	0	0
May 30 2023	302	0	0	0
May 31 2023	302	0	0	0
Jun 01 2023	302	0	0	0
Jun 02 2023	302	0	0	0
Jun 03 2023	302	0	0	0
Jun 04 2023	302	0	0	0
Jun 05 2023	302	0	0	0
Jun 06 2023	302	0	0	0
Jun 07 2023	302	0	0	0
Jun 08 2023	302	0	0	0
Jun 09 2023	302	0	0	0
Jun 10 2023	302	0	0	0
Jun 11 2023	302	0	0	0
Jun 12 2023	302	0	0	0
Jun 13 2023	302	0	0	0
Jun 14 2023	302	0	0	0
Jun 15 2023	302	0	0	0
Jun 16 2023	302	0	0	0
Jun 17 2023	302	0	0	0
Jun 18 2023	302	0	0	0
Jun 19 2023	302	0	0	0
Jun 20 2023	302	0	0	0
Jun 21 2023	302	0	0	0
Jun 22 2023	302	0	0	0
Jun 23 2023	302	0	0	0
Jun 24 2023	302	0	0	0
Jun 25 2023	302	0	0	0
Jun 26 2023	302	0	0	0
Jun 27 2023	302	0	0	0
Jun 28 2023	302	0	0	0
Jun 29 2023	302	0	0	0
Jun 30 2023	302	0	0	0
Jul 01 2023	302	0	0	0
Jul 02 2023	302	0	0	0
Jul 03 2023	302	0	0	0
Jul 04 2023	302	0	0	0
Jul 05 2023	302	0	0	0
Jul 06 2023	302	0	0	0
Jul 07 2023	302	0	0	0
Jul 08 2023	302	0	0	0
Jul 09 2023	302	0	0	0
Jul 10 2023	302	0	0	0
Jul 11 2023	302	0	0	0
Jul 12 2023	302	0	0	0
Jul 13 2023	302	0	0	0
Jul 14 2023	302	0	0	0
Jul 15 2023	302	0	0	0
Jul 16 2023	302	0	0	0
Jul 17 2023	302	0	0	0
Jul 18 2023	302	0	0	0
Jul 19 2023	302	0	0	0
Jul 20 2023	302	0	0	0
Jul 21 2023	302	0	0	0
Jul 22 2023	302	0	0	0
Jul 23 2023	302	0	0	0
Jul 24 2023	302	0	0	0
Jul 25 2023	302	0	0	0
Jul 26 2023	302	0	0	0
Jul 27 2023	302	0	0	0
Jul 28 2023	302	0	0	0
Jul 29 2023	302	0	0	0
Jul 30 2023	302	0	0	0
Jul 31 2023	302	0	0	0
Aug 01 2023	302	0	0	0
Aug 02 2023	302	0	0	0
Aug 03 2023	302	0	0	0
Aug 04 2023	302	0	0	0
Aug 05 2023	302	0	0	0
Aug 06 2023	302	0	0	0
Aug 07 2023	302	0	0	0
Aug 08 2023	302	0	0	0
Aug 09 2023	302	0	0	0
Aug 10 2023	302	0	0	0
Aug 11 2023	302	0	0	0
Aug 12 2023	302	0	0	0
Aug 13 2023	302	0	0	0
Aug 14 2023	302	0	0	0
Aug 15 2023	302	0	0	0
Aug 16 2023	302	0	0	0
Aug 17 2023	302	0	0	0
Aug 18 2023	302	0	0	0
Aug 19 2023	302	0	0	0
Aug 20 2023	302	0	0	0
Aug 21 2023	302	0	0	0
Aug 22 2023	302	0	0	0
Aug 23 2023	302	0	0	0
Aug 24 2023	302	0	0	0
Aug 25 2023	302	0	0	0
Aug 26 2023	302	0	0	0
Aug 27 2023	302	0	0	0
Aug 28 2023	302	0	0	0
Aug 29 2023	302	0	0	0
Aug 30 2023	302	0	0	0
Aug 31 2023	302	0	0	0
Sep 01 2023	302	0	0	0
Sep 02 2023	302	0	0	0
Sep 03 2023	302	0	0	0
Sep 04 2023	302	0	0	0
Sep 05 2023	302	0	0	0
Sep 06 2023	302	0	0	0
Sep 07 2023	302	0	0	0
Sep 08 2023	302	0	0	0
Sep 09 2023	302	0	0	0
Sep 10 2023	302	0	0	0
Sep 11 2023	302	0	0	0
Sep 12 2023	302	0	0	0
Sep 13 2023	302	0	0	0
Sep 14 2023	302	0	0	0
Sep 15 2023	302	0	0	0
Sep 16 2023	302	0	0	0
Sep 17 2023	302	0	0	0
Sep 18 2023	302	0	0	0
Sep 19 2023	302	0	0	0
Sep 20 2023	302	0	0	0
Sep 21 2023	302	0	0	0
Sep 22 2023	302	0	0	0
Sep 23 2023	302	0	0	0
Sep 24 2023	302	0	0	0
Sep 25 2023	302	0	0	0
Sep 26 2023	302	0	0	0
Sep 27 2023	302	0	0	0
Sep 28 2023	302	0	0	0
Sep 29 2023	302	0	0	0
Sep 30 2023	302	0	0	0
Oct 01 2023	302	0	0	0
Oct 02 2023	302	0	0	0
Oct 03 2023	302	0	0	0
Oct 04 2023	302	0	0	0
Oct 05 2023	302	0	0	0
Oct 06 2023	302	0	0	0
Oct 07 2023	302	0	0	0
Oct 08 2023	302	0	0	0
Oct 09 2023	302	0	0	0
Oct 10 2023	302	0	0	0
Oct 11 2023	302	0	0	0
Oct 12 2023	302	0	0	0
Oct 13 2023	302	0	0	0
Oct 14 2023	302	0	0	0
Oct 15 2023	302	0	0	0
Oct 16 2023	302	0	0	0
Oct 17 2023	302	0	0	0
Oct 18 2023	302	0	0	0
Oct 19 2023	302	0	0	0
Oct 20 2023	302	0	0	0
Oct 21 2023	302	0	0	0
Oct 22 2023	302	0	0	0
Oct 23 2023	302	0	0	0
Oct 24 2023	302	0	0	0
Oct 25 2023	302	0	0	0
Oct 26 2023	302	0	0	0
Oct 27 2023	302	0	0	0
Oct 28 2023	302	0	0	0
Oct 29 2023	302	0	0	0
Oct 30 2023	302	0	0	0
Oct 31 2023	302	0	0	0
Nov 01 2023	302	0	0	0
Nov 02 2023	302	0	0	0
Nov 03 2023	302	0	0	0
Nov 04 2023	302	0	0	0
Nov 05 2023	302	0	0	0
Nov 06 2023	302	0	0	0
Nov 07 2023	302	0	0	0
Nov 08 2023	302	0	0	0
Nov 09 2023	302	0	0	0
Nov 10 2023	302	0	0	0
Nov 11 2023	302	0	0	0
Nov 12 2023	302	0	0	0
Nov 13 2023	302	0	0	0
Nov 14 2023	302	0	0	0
Nov 15 2023	302	0	0	0
Nov 16 2023	302	0	0	0
Nov 17 2023	302	0	0	0
Nov 18 2023	302	0	0	0
Nov 19 2023	302	0	0	0
Nov 20 2023	302	0	0	0
Nov 21 2023	302	0	0	0
Nov 22 2023	302	0	0	0
Nov 23 2023	302	0	0	0
Nov 24 2023	302	0	0	0
Nov 25 2023	302	0	0	0
Nov 26 2023	302	0	0	0
Nov 27 2023	302	0	0	0
Nov 28 2023	302	0	0	0
Nov 29 2023	302	0	0	0
Nov 30 2023	302	0	0	0
Dec 01 2023	302	0	0	0
Dec 02 2023	302	0	0	0
Dec 03 2023	302	0	0	0
Dec 04 2023	302	0	0	0
Dec 05 2023	302	0	0	0
Dec 06 2023	302	0	0	0
Dec 07 2023	302	0	0	0
Dec 08 2023	302	0	0	0
Dec 09 2023	302	0	0	0
Dec 10 2023	302	0	0	0
Dec 11 2023	302	0	0	0
Dec 12 2023	302	0	0	0
Dec 13 2023	302	0	0	0
Dec 14 2023	302	0	0	0
Dec 15 2023	302	0	0	0
Dec 16 2023	302	0	0	0
Dec 17 2023	302	0	0	0
Dec 18 2023	302	0	0	0
Dec 19 2023	302	0	0	0
Dec 20 2023	302	0	0	0
Dec 21 2023	302	0	0	0
Dec 22 2023	302	0	0	0
Dec 23 2023	302	0	0	0
Dec 24 2023	302	0	0	0
Dec 25 2023	302	0	0	0
Dec 26 2023	302	0	0	0
Dec 27 2023	302	0	0	0
Dec 28 2023	302	0	0	0
Dec 29 2023	302	0	0	0
Dec 30 2023	302	0	0	0
Dec 31 2023	302	0	0	0
Jan 01 2024	302	0	0	0
Jan 02 2024	302	0	0	0
Jan 03 2024	302	0	0	0
Jan 04 2024	302	0	0	0
Jan 05 2024	302	0	0	0
Jan 06 2024	302	0	0	0
Jan 07 2024	302	0	0	0
Jan 08 2024	302	0	0	0
Jan 09 2024	302	0	0	0
Jan 10 2024	302	0	0	0
Jan 11 2024	302	0	0	0
Jan 12 2024	302	0	0	0
Jan 13 2024	302	0	0	0
Jan 14 2024	302	0	0	0
Jan 15 2024	302	0	0	0
Jan 16 2024	302	0	0	0
Jan 17 2024	302	0	0	0
Jan 18 2024	302	0	0	0
Jan 19 2024	302	0	0	0
Jan 20 2024	302	0	0	0
Jan 21 2024	302	0	0	0
Jan 22 2024	302	0	0	0
Jan 23 2024	302	0	0	0
Jan 24 2024	302	0	0	0
Jan 25 2024	302	0	0	0
Jan 26 2024	302	0	0	0
Jan 27 2024	302	0	0	0
Jan 28 2024	302	0	0	0
Jan 29 2024	302	0	0	0
Jan 30 2024	302	0	0	0
Jan 31 2024	302	0	0	0
Feb 01 2024	302	0	0	0
Feb 02 2024	302	0	0	0
Feb 03 2024	302	0	0	0
Feb 04 2024	302	0	0	0
Feb 05 2024	302	0	0	0
Feb 06 2024	302	0	0	0
Feb 07 2024	302	0	0	0
Feb 08 2024	302	0	0	0
Feb 09 2024	302	0	0	0
Feb 10 2024	302	0	0	0
Feb 11 2024	302	0	0	0
Feb 12 2024	302	0	0	0
Feb 13 2024	302	0	0	0
Feb 14 2024	302	0	0	0
Feb 15 2024	302	0	0	0
Feb 16 2024	302	0	0	0
Feb 17 2024	302	0	0	0
Feb 18 2024	302	0	0	0
Feb 19 2024	302	0	0	0
Feb 20 2024	302	0	0	0
Feb 21 2024	302	0	0	0
Feb 22 2024	302	0	0	0
Feb 23 2024	302	0	0	0
Feb 24 2024	302	0	0	0
Feb 25 2024	302	0	0	0
Feb 26 2024	302	0	0	0
Feb 27 2024	302	0	0	0
Feb 28 2024	302	0	0	0
Feb 29 2024	302	0	0	0
Mar 01 2024	302	0	0	0
Mar 02 2024	302	0	0	0
Mar 03 2024	302	0	0	0
Mar 04 2024	302	0	0	0
Mar 05 2024	302	0	0	0
Mar 06 2024	302	0	0	0
Mar 07 2024	302	0	0	0
Mar 08 2024	302	0	0	0
Mar 09 2024	302	0	0	0
Mar 10 2024	302	0	0	0
Mar 11 2024	302	0	0	0
Mar 12 2024	302	0	0	0
Mar 13 2024	302	0	0	0
Mar 14 2024	302	0	0	0
Mar 15 2024	302	0	0	0
Mar 16 2024	302	0	0	0
Mar 17 2024	302	0	0	0
Mar 18 2024	302	0	0	0
Mar 19 2024	302	0	0	0
Mar 20 2024	302	0	0	0
Mar 21 2024	302	0	0	0
Mar 22 2024	302	0	0	0
Mar 23 2024	302	0	0	0
Mar 24 2024	302	0	0	0
Mar 25 2024	302	0	0	0
Mar 26 2024	302	0	0	0
Mar 27 2024	302	0	0	0
