Date	Active Cases	Daily Death	New cases	Recoverd Cases
Feb 15 2020	5	0	0	0
Feb 16 2020	5	0	0	0
Feb 17 2020	5	0	0	0
Feb 18 2020	5	0	0	0
Feb 19 2020	5	0	0	0
Feb 20 2020	6	0	2	1
Feb 21 2020	8	0	2	0
Feb 22 2020	10	0	2	0
Feb 23 2020	11	0	1	0
Feb 24 2020	11	0	0	0
Feb 25 2020	7	0	0	4
Feb 26 2020	8	0	1	0
Feb 27 2020	8	0	0	0
Feb 28 2020	10	0	2	0
Feb 29 2020	10	0	0	0
Mar 01 2020	13	1	4	0
Mar 02 2020	17	0	4	0
Mar 03 2020	17	0	6	6
Mar 04 2020	30	1	14	0
Mar 05 2020	36	0	7	1
Mar 06 2020	39	0	3	0
Mar 07 2020	49	1	11	0
Mar 08 2020	58	0	9	0
Mar 09 2020	68	0	10	0
Mar 10 2020	91	0	23	0
Mar 11 2020	101	0	12	2
Mar 12 2020	127	0	28	2
Mar 13 2020	169	0	42	0
Mar 14 2020	215	0	47	1
Mar 15 2020	263	2	50	0
Mar 16 2020	362	0	99	0
Mar 17 2020	414	0	52	0
Mar 18 2020	534	1	137	16
Mar 19 2020	686	1	156	3
Mar 20 2020	854	0	168	0
Mar 21 2020	994	0	140	0
Mar 22 2020	1475	0	522	41
Mar 23 2020	1715	0	270	30
Mar 24 2020	2132	1	418	0
Mar 25 2020	2478	3	349	0
Mar 26 2020	2790	2	364	50
Mar 27 2020	3109	0	319	0
Mar 28 2020	3358	1	250	0
Mar 29 2020	3796	3	513	72
Mar 30 2020	4083	2	289	0
Mar 31 2020	4278	1	295	99
Apr 01 2020	4552	3	277	0
Apr 02 2020	4574	2	258	234
Apr 03 2020	4707	3	136	0
Apr 04 2020	4799	2	94	0
Apr 05 2020	4503	7	194	483
Apr 06 2020	3317	8	141	1319
Apr 07 2020	3292	4	91	112
Apr 08 2020	3068	1	62	285
Apr 09 2020	2973	1	98	192
Apr 10 2020	2928	3	84	126
Apr 11 2020	2888	2	63	101
Apr 12 2020	2837	3	10	58
Apr 13 2020	2719	2	45	161
Apr 14 2020	2664	0	40	95
Apr 15 2020	2608	2	45	99
Apr 16 2020	2580	0	21	49
Apr 17 2020	2556	2	63	85
Apr 18 2020	2255	5	51	347
Apr 19 2020	2235	1	26	45
Apr 20 2020	2203	0	13	45
Apr 21 2020	1812	0	20	411
Apr 22 2020	1583	3	4	230
Apr 23 2020	1481	1	18	119
Apr 24 2020	1406	4	8	79
Apr 25 2020	1189	1	20	236
Apr 26 2020	1042	3	21	165
Apr 27 2020	1005	0	4	41
Apr 28 2020	970	5	18	48
Apr 29 2020	944	1	8	33
Apr 30 2020	904	3	8	45
May 01 2020	885	1	13	31
May 02 2020	854	0	14	45
May 03 2020	849	2	20	23
May 04 2020	828	0	24	45
May 05 2020	823	1	24	28
May 06 2020	755	1	26	93
May 07 2020	726	0	21	50
May 08 2020	702	0	18	42
May 09 2020	662	0	15	55
May 10 2020	645	0	12	29
May 11 2020	636	0	7	16
May 12 2020	608	0	16	44
May 13 2020	578	1	16	45
May 14 2020	567	0	9	20
May 15 2020	560	0	30	37
May 16 2020	548	0	17	29
May 17 2020	553	0	9	4
May 18 2020	535	1	15	32
May 19 2020	523	1	8	19
May 20 2020	500	0	11	34
May 21 2020	477	0	2	25
May 22 2020	481	1	14	9
May 23 2020	477	1	16	19
May 24 2020	470	0	3	10
May 25 2020	451	0	4	23
May 26 2020	445	0	15	21
May 27 2020	436	0	6	15
May 28 2020	439	0	11	8
May 29 2020	453	0	23	9
May 30 2020	439	0	12	26
May 31 2020	444	0	10	5
Jun 01 2020	448	0	9	5
Jun 02 2020	460	0	17	5
Jun 03 2020	452	0	8	16
Jun 04 2020	436	0	11	27
Jun 05 2020	431	0	11	16
Jun 06 2020	425	0	4	10
Jun 07 2020	418	0	5	12
Jun 08 2020	421	0	5	2
Jun 09 2020	410	0	2	13
Jun 10 2020	395	0	9	24
Jun 11 2020	288	0	9	116
Jun 12 2020	125	0	5	168
Jun 13 2020	118	0	12	19
Jun 14 2020	109	0	18	27
Jun 15 2020	112	0	15	12
Jun 16 2020	117	0	12	7
Jun 17 2020	135	0	23	5
Jun 18 2020	149	0	21	7
Jun 19 2020	162	0	18	5
Jun 20 2020	181	0	27	8
Jun 21 2020	197	0	25	9
Jun 22 2020	203	0	13	7
Jun 23 2020	207	0	18	14
Jun 24 2020	227	1	29	8
Jun 25 2020	158	1	37	105
Jun 26 2020	179	0	37	16
Jun 27 2020	200	0	45	24
Jun 28 2020	227	0	44	17
Jun 29 2020	284	0	79	22
Jun 30 2020	315	0	67	36
Jul 01 2020	362	0	82	35
Jul 02 2020	405	0	79	36
Jul 03 2020	430	0	247	222
Jul 04 2020	494	0	105	41
Jul 05 2020	534	0	85	45
Jul 06 2020	636	2	134	30
Jul 07 2020	760	0	165	41
Jul 08 2020	849	0	128	39
Jul 09 2020	920	0	168	97
Jul 10 2020	1160	0	292	52
Jul 11 2020	1237	1	188	110
Jul 12 2020	1468	1	236	4
Jul 13 2020	1601	0	179	46
Jul 14 2020	1798	0	262	65
Jul 15 2020	1939	3	230	86
Jul 16 2020	2134	2	315	118
Jul 17 2020	2462	3	413	82
Jul 18 2020	2612	2	200	48
Jul 19 2020	2844	4	351	115
Jul 20 2020	2926	1	259	176
Jul 21 2020	3159	3	349	113
Jul 22 2020	3428	2	456	185
Jul 23 2020	3655	5	400	168
Jul 24 2020	3762	6	281	168
Jul 25 2020	4017	6	345	84
Jul 26 2020	4258	11	441	189
Jul 27 2020	4563	6	517	206
Jul 28 2020	4803	6	359	113
Jul 29 2020	4883	10	270	180
Jul 30 2020	5432	14	701	138
Jul 31 2020	5794	8	586	216
Aug 01 2020	5979	4	367	178
Aug 02 2020	6383	7	624	213
Aug 03 2020	6553	14	385	201
Aug 04 2020	6770	12	402	173
Aug 05 2020	7280	16	695	169
Aug 06 2020	7503	8	406	175
Aug 07 2020	7689	12	400	202
Aug 08 2020	7849	13	414	241
Aug 09 2020	7892	18	376	315
Aug 10 2020	7907	19	305	271
Aug 11 2020	7927	19	308	269
Aug 12 2020	7926	22	404	383
Aug 13 2020	7908	10	225	233
Aug 14 2020	7916	15	375	352
Aug 15 2020	7910	4	284	286
Aug 16 2020	7701	18	246	437
Aug 17 2020	7499	26	263	439
Aug 18 2020	7289	18	208	400
Aug 19 2020	7168	13	214	322
Aug 20 2020	4918	14	236	2472
Aug 21 2020	4475	10	167	600
Aug 22 2020	4353	14	189	297
Aug 23 2020	4065	18	204	474
Aug 24 2020	3780	16	102	371
Aug 25 2020	3688	8	134	218
Aug 26 2020	3515	25	147	295
Aug 27 2020	3327	24	115	279
Aug 28 2020	3160	12	123	278
Aug 29 2020	3018	18	97	221
Aug 30 2020	2868	12	120	258
Aug 31 2020	2651	44	74	247
Sep 01 2020	2554	5	71	163
Sep 02 2020	2449	6	102	201
Sep 03 2020	2327	16	123	229
Sep 04 2020	2083	63	85	266
Sep 05 2020	1979	12	69	161
Sep 06 2020	1895	5	70	149
Sep 07 2020	1791	10	42	136
Sep 08 2020	1701	8	50	132
Sep 09 2020	1633	12	89	145
Sep 10 2020	1498	7	46	174
Sep 11 2020	1354	10	50	184
Sep 12 2020	1273	6	41	116
Sep 13 2020	1184	7	43	125
Sep 14 2020	1104	6	40	114
Sep 15 2020	1068	0	45	81
Sep 16 2020	1019	8	39	80
Sep 17 2020	976	8	34	69
Sep 18 2020	943	5	46	74
Sep 19 2020	850	7	24	110
Sep 20 2020	756	5	13	102
Sep 21 2020	668	2	14	100
Sep 22 2020	625	3	30	70
Sep 23 2020	541	5	32	111
Sep 24 2020	513	2	9	35
Sep 25 2020	456	8	17	66
Sep 26 2020	416	1	16	55
Sep 27 2020	370	2	24	68
Sep 28 2020	322	3	4	49
Sep 29 2020	178	7	19	156
Sep 30 2020	180	4	15	9
Oct 01 2020	184	2	18	12
Oct 02 2020	171	2	17	28
Oct 03 2020	147	3	8	29
Oct 04 2020	153	1	15	8
Oct 05 2020	149	0	13	17
Oct 06 2020	158	1	25	15
Oct 07 2020	142	2	8	22
Oct 08 2020	162	0	24	4
Oct 09 2020	166	0	23	19
Oct 10 2020	166	0	15	15
Oct 11 2020	169	1	21	17
Oct 12 2020	173	0	21	17
Oct 13 2020	196	1	31	7
Oct 14 2020	205	5	24	10
Oct 15 2020	213	0	21	13
Oct 16 2020	197	0	9	25
Oct 17 2020	201	0	12	8
Oct 18 2020	185	0	8	24
Oct 19 2020	170	1	8	22
Oct 20 2020	185	0	30	15
Oct 21 2020	179	0	15	21
Oct 22 2020	180	0	22	21
Oct 23 2020	167	0	18	31
Oct 24 2020	158	0	15	24
Oct 25 2020	158	0	21	21
Oct 26 2020	156	0	7	9
Oct 27 2020	158	0	14	12
Oct 28 2020	163	2	13	6
Oct 29 2020	170	0	15	8
Oct 30 2020	153	0	13	30
Oct 31 2020	146	0	8	15
Nov 01 2020	129	0	5	22
Nov 02 2020	118	0	7	18
Nov 03 2020	111	0	8	15
Nov 04 2020	102	0	12	21
Nov 05 2020	107	0	12	7
Nov 06 2020	104	0	11	14
Nov 07 2020	98	0	7	13
Nov 08 2020	89	0	6	15
Nov 09 2020	86	0	10	13
Nov 10 2020	88	0	10	8
Nov 11 2020	91	0	8	5
Nov 12 2020	97	0	13	7
Nov 13 2020	93	0	4	8
Nov 14 2020	89	0	8	12
Nov 15 2020	94	0	17	12
Nov 16 2020	105	0	22	11
Nov 17 2020	108	0	10	7
Nov 18 2020	119	0	17	6
Nov 19 2020	116	0	7	10
Nov 20 2020	114	0	8	10
Nov 21 2020	120	0	14	8
Nov 22 2020	122	0	15	13
Nov 23 2020	132	0	14	4
Nov 24 2020	138	0	14	8
Nov 25 2020	128	0	7	17
Nov 26 2020	117	0	11	22
Nov 27 2020	114	0	7	10
Nov 28 2020	108	0	11	17
Nov 29 2020	109	0	8	7
Nov 30 2020	112	1	11	7
Dec 01 2020	106	0	8	14
Dec 02 2020	102	0	11	15
Dec 03 2020	104	0	16	14
Dec 04 2020	100	0	10	14
Dec 05 2020	100	0	7	7
Dec 06 2020	98	0	9	11
Dec 07 2020	98	0	7	7
Dec 08 2020	102	0	15	11
Dec 09 2020	100	0	6	8
Dec 10 2020	96	0	7	11
Dec 11 2020	100	0	12	8
Dec 12 2020	102	0	13	11
Dec 13 2020	92	0	6	16
Dec 14 2020	90	0	8	10
Dec 15 2020	92	0	9	7
Dec 16 2020	94	0	11	9
Dec 17 2020	99	0	12	7
Dec 18 2020	107	0	23	15
Dec 19 2020	135	0	34	6
Dec 20 2020	171	0	43	7
Dec 21 2020	185	0	26	12
Dec 22 2020	193	0	21	13
Dec 23 2020	206	0	19	6
Dec 24 2020	222	0	24	8
Dec 25 2020	227	0	14	9
Dec 26 2020	237	0	21	11
Dec 27 2020	240	0	15	12
Dec 28 2020	242	1	25	22
Dec 29 2020	221	0	13	34
Dec 30 2020	209	0	31	43
Dec 31 2020	207	0	24	26
Jan 01 2021	208	0	22	21
Jan 02 2021	231	0	42	19
Jan 03 2021	220	0	13	24
Jan 04 2021	227	0	21	14
Jan 05 2021	225	0	19	21
Jan 06 2021	223	0	13	15
Jan 07 2021	208	0	10	25
Jan 08 2021	220	0	25	13
Jan 09 2021	201	0	12	31
Jan 10 2021	189	0	12	24
Jan 11 2021	186	0	19	22
Jan 12 2021	163	0	19	42
Jan 13 2021	167	0	17	13
Jan 14 2021	154	0	8	21
Jan 15 2021	142	0	7	19
Jan 16 2021	153	0	24	13
Jan 17 2021	162	0	19	10
Jan 18 2021	150	0	13	25
Jan 19 2021	147	0	9	12
Jan 20 2021	145	0	10	12
Jan 21 2021	136	0	10	19
Jan 22 2021	122	0	5	19
Jan 23 2021	111	0	6	17
Jan 24 2021	108	0	5	8
Jan 25 2021	112	0	11	7
Jan 26 2021	91	0	3	24
Jan 27 2021	77	0	5	19
Jan 28 2021	72	0	8	13
Jan 29 2021	70	0	7	9
Jan 30 2021	66	0	6	10
Jan 31 2021	61	0	5	10
Feb 01 2021	63	0	7	5
Feb 02 2021	63	0	6	6
Feb 03 2021	63	0	5	5
Feb 04 2021	61	0	9	11
Feb 05 2021	62	0	4	3
Feb 06 2021	63	0	6	5
Feb 07 2021	57	0	2	8
Feb 08 2021	57	0	7	7
Feb 09 2021	54	0	3	6
Feb 10 2021	60	0	11	5
Feb 11 2021	59	0	6	7
Feb 12 2021	63	0	10	6
Feb 13 2021	63	0	5	5
Feb 14 2021	60	0	6	9
Feb 15 2021	58	0	2	4
Feb 16 2021	57	0	5	6
Feb 17 2021	61	0	6	2
Feb 18 2021	55	0	1	7
Feb 19 2021	58	0	6	3
Feb 20 2021	49	0	2	11
Feb 21 2021	49	0	6	6
Feb 22 2021	43	0	4	10
Feb 23 2021	45	0	7	5
Feb 24 2021	41	0	2	6
Feb 25 2021	47	0	8	2
Feb 26 2021	53	0	11	5
Feb 27 2021	54	0	7	6
Feb 28 2021	58	0	5	1
Mar 01 2021	57	0	5	6
Mar 02 2021	66	0	11	2
Mar 03 2021	70	0	10	6
Mar 04 2021	77	0	11	4
Mar 05 2021	84	0	14	7
Mar 06 2021	91	0	9	2
Mar 07 2021	90	0	7	8
Mar 08 2021	88	0	9	11
Mar 09 2021	96	0	15	7
Mar 10 2021	104	0	13	5
Mar 11 2021	115	0	16	5
Mar 12 2021	116	0	12	11
Mar 13 2021	116	0	10	10
Mar 14 2021	110	0	5	11
Mar 15 2021	109	0	13	14
Mar 16 2021	107	0	7	9
Mar 17 2021	117	0	17	7
Mar 18 2021	120	0	12	9
Mar 19 2021	120	0	15	15
Mar 20 2021	117	0	10	13
Mar 21 2021	106	0	5	16
Mar 22 2021	103	0	9	12
Mar 23 2021	99	0	6	10
Mar 24 2021	101	0	7	5
Mar 25 2021	98	0	10	13
Mar 26 2021	101	0	10	7
Mar 27 2021	95	0	11	17
Mar 28 2021	89	0	6	12
Mar 29 2021	92	0	18	15
Mar 30 2021	102	0	20	10
Mar 31 2021	108	0	11	5
Apr 01 2021	114	0	15	9
Apr 02 2021	122	0	14	6
Apr 03 2021	123	0	8	7
Apr 04 2021	116	0	3	10
Apr 05 2021	119	0	13	10
Apr 06 2021	115	0	7	11
Apr 07 2021	122	0	13	6
Apr 08 2021	109	0	5	18
Apr 09 2021	95	0	6	20
Apr 10 2021	92	0	8	11
Apr 11 2021	83	0	6	15
Apr 12 2021	86	0	17	14
Apr 13 2021	96	1	18	7
Apr 14 2021	107	0	14	3
Apr 15 2021	112	0	18	13
Apr 16 2021	120	0	15	7
Apr 17 2021	128	0	21	13
Apr 18 2021	137	0	14	5
Apr 19 2021	155	0	24	6
Apr 20 2021	163	0	16	8
Apr 21 2021	176	0	19	6
Apr 22 2021	183	0	24	17
Apr 23 2021	202	0	37	18
Apr 24 2021	207	0	19	14
Apr 25 2021	197	0	8	18
Apr 26 2021	211	0	29	15
Apr 27 2021	220	0	30	21
Apr 28 2021	230	0	24	14
Apr 29 2021	236	0	30	24
Apr 30 2021	242	0	22	16
May 01 2021	234	0	11	19
May 02 2021	224	0	14	24
May 03 2021	202	0	15	37
May 04 2021	194	0	11	19
May 05 2021	199	0	13	8
May 06 2021	191	0	21	29
May 07 2021	172	0	11	30
May 08 2021	157	0	9	24
May 09 2021	137	0	10	30
May 10 2021	130	0	15	22
May 11 2021	126	0	7	11
May 12 2021	121	0	9	14
May 13 2021	114	0	8	15
May 14 2021	105	0	2	11
May 15 2021	102	0	10	13
May 16 2021	89	0	8	21
May 17 2021	81	0	3	11
May 18 2021	82	0	10	9
May 19 2021	75	0	3	10
May 20 2021	66	0	6	15
May 21 2021	62	0	3	7
May 22 2021	57	0	4	9
May 23 2021	56	0	7	8
May 24 2021	62	0	8	2
May 25 2021	63	0	11	10
May 26 2021	73	0	18	8
May 27 2021	85	0	15	3
May 28 2021	85	0	10	10
May 29 2021	92	0	10	3
May 30 2021	101	0	15	6
May 31 2021	106	0	8	3
Jun 01 2021	114	0	12	4
Jun 02 2021	119	0	12	7
Jun 03 2021	118	0	7	8
Jun 04 2021	120	0	13	11
Jun 05 2021	110	0	8	18
Jun 06 2021	112	0	17	15
Jun 07 2021	121	0	19	10
Jun 08 2021	121	0	10	10
Jun 09 2021	112	0	6	15
Jun 10 2021	119	0	15	8
Jun 11 2021	111	0	4	12
Jun 12 2021	107	0	8	12
Jun 13 2021	111	0	11	7
Jun 14 2021	112	0	14	13
Jun 15 2021	114	0	10	8
Jun 16 2021	116	0	19	17
Jun 17 2021	108	0	11	19
Jun 18 2021	109	0	11	10
Jun 19 2021	112	0	9	6
Jun 20 2021	106	0	9	15
Jun 21 2021	127	0	25	4
Jun 22 2021	129	0	10	8
Jun 23 2021	130	0	12	11
Jun 24 2021	146	0	30	14
Jun 25 2021	150	0	14	10
Jun 26 2021	165	0	34	19
Jun 27 2021	196	0	42	11
Jun 28 2021	215	0	30	11
Jun 29 2021	239	0	33	9
Jun 30 2021	277	0	47	9
Jul 01 2021	285	0	33	25
Jul 02 2021	315	0	40	10
Jul 03 2021	350	0	47	12
Jul 04 2021	343	0	23	30
Jul 05 2021	374	0	45	14
Jul 06 2021	369	0	29	34
Jul 07 2021	356	0	29	42
Jul 08 2021	369	0	43	30
Jul 09 2021	381	0	45	33
Jul 10 2021	396	0	62	47
Jul 11 2021	449	1	86	32
Jul 12 2021	527	0	118	40
Jul 13 2021	577	1	97	46
Jul 14 2021	660	0	106	23
Jul 15 2021	698	0	83	45
Jul 16 2021	782	0	113	29
Jul 17 2021	888	1	135	28
Jul 18 2021	971	1	126	42
Jul 19 2021	1041	1	115	44
Jul 20 2021	1089	0	110	62
Jul 21 2021	1139	0	136	86
Jul 22 2021	1174	0	153	118
Jul 23 2021	1229	1	152	96
Jul 24 2021	1291	0	168	106
Jul 25 2021	1366	2	158	81
Jul 26 2021	1414	0	161	113
Jul 27 2021	1460	2	181	133
Jul 28 2021	1534	1	200	125
Jul 29 2021	1670	2	251	113
Jul 30 2021	1732	0	172	110
Jul 31 2021	1811	1	215	135
Aug 01 2021	1905	0	247	153
Aug 02 2021	1976	1	223	151
Aug 03 2021	2022	0	214	168
Aug 04 2021	2110	2	246	156
Aug 05 2021	2239	5	290	156
Aug 06 2021	2354	1	296	180
Aug 07 2021	2501	6	347	194
Aug 08 2021	2532	1	282	250
Aug 09 2021	2647	0	287	172
Aug 10 2021	2805	3	373	212
Aug 11 2021	2913	2	355	245
Aug 12 2021	3056	2	366	221
Aug 13 2021	3246	2	404	212
Aug 14 2021	3478	4	478	242
Aug 15 2021	3621	4	433	286
Aug 16 2021	3823	10	498	286
Aug 17 2021	3946	1	470	346
Aug 18 2021	4323	4	659	278
Aug 19 2021	4763	1	727	286
Aug 20 2021	5079	3	689	370
Aug 21 2021	5589	3	865	352
Aug 22 2021	6107	3	884	363
Aug 23 2021	6570	3	867	401
Aug 24 2021	6900	0	808	478
Aug 25 2021	7418	2	951	431
Aug 26 2021	8002	3	1082	495
Aug 27 2021	8481	2	949	468
Aug 28 2021	8914	2	1092	657
Aug 29 2021	9470	6	1283	721
Aug 30 2021	10100	3	1319	686
Aug 31 2021	10441	4	1206	861
Sep 01 2021	10766	6	1209	878
Sep 02 2021	11332	7	1433	860
Sep 03 2021	12124	14	1600	794
Sep 04 2021	12867	4	1694	947
Sep 05 2021	13398	3	1613	1079
Sep 06 2021	13953	5	1504	944
Sep 07 2021	14296	10	1435	1082
Sep 08 2021	14658	7	1645	1276
Sep 09 2021	15015	6	1676	1313
Sep 10 2021	15630	11	1821	1195
Sep 11 2021	16409	8	1988	1201
Sep 12 2021	16586	7	1610	1426
Sep 13 2021	16654	7	1668	1593
Sep 14 2021	16488	4	1528	1690
Sep 15 2021	16480	15	1605	1598
Sep 16 2021	16784	13	1808	1491
Sep 17 2021	17099	14	1750	1421
Sep 18 2021	17261	7	1807	1638
Sep 19 2021	17115	15	1530	1661
Sep 20 2021	16727	5	1433	1816
Sep 21 2021	16305	12	1566	1976
Sep 22 2021	16312	8	1617	1602
Sep 23 2021	16403	11	1759	1657
Sep 24 2021	16592	13	1717	1515
Sep 25 2021	16801	13	1814	1592
Sep 26 2021	16679	12	1686	1796
Sep 27 2021	16381	15	1452	1735
Sep 28 2021	16411	12	1837	1795
Sep 29 2021	16637	24	1756	1506
Sep 30 2021	17539	13	2335	1420
Oct 01 2021	17966	19	1993	1547
Oct 02 2021	18436	13	2087	1604
Oct 03 2021	18699	14	2022	1745
Oct 04 2021	18946	13	1964	1704
Oct 05 2021	19456	12	2324	1802
Oct 06 2021	19741	23	1971	1663
Oct 07 2021	20447	11	2158	1441
Oct 08 2021	21052	17	2442	1820
Oct 09 2021	21757	17	2461	1739
Oct 10 2021	21732	12	2310	2323
Oct 11 2021	21795	17	2056	1976
Oct 12 2021	21472	14	1764	2073
Oct 13 2021	21461	18	2011	2004
Oct 14 2021	22113	19	2616	1945
Oct 15 2021	22307	12	2518	2312
Oct 16 2021	22586	10	2250	1961
Oct 17 2021	22473	17	2045	2141
Oct 18 2021	22102	12	2071	2430
Oct 19 2021	21598	16	1957	2445
Oct 20 2021	21354	20	2066	2290
Oct 21 2021	21775	14	2477	2042
Oct 22 2021	22318	22	2307	1742
Oct 23 2021	22310	12	2003	1999
Oct 24 2021	21811	16	2117	2600
Oct 25 2021	20931	12	1638	2506
Oct 26 2021	20419	5	1738	2245
Oct 27 2021	20080	17	1706	2028
Oct 28 2021	20087	30	2078	2041
Oct 29 2021	19966	13	1836	1944
Oct 30 2021	19422	15	1522	2051
Oct 31 2021	18018	13	1073	2464
Nov 01 2021	17240	10	1529	2297
Nov 02 2021	16342	14	1105	1989
Nov 03 2021	15306	13	1081	2104
Nov 04 2021	15164	14	1496	1624
Nov 05 2021	14963	15	1537	1723
Nov 06 2021	14751	11	1494	1695
Nov 07 2021	14015	11	1342	2067
Nov 08 2021	13415	13	1236	1823
Nov 09 2021	13150	15	1257	1507
Nov 10 2021	13247	18	1170	1055
Nov 11 2021	13230	4	1512	1525
Nov 12 2021	13489	12	1364	1093
Nov 13 2021	13835	4	1427	1077
Nov 14 2021	13404	5	1065	1491
Nov 15 2021	12856	6	989	1531
Nov 16 2021	12345	11	983	1483
Nov 17 2021	12196	10	1193	1332
Nov 18 2021	12204	16	1244	1220
Nov 19 2021	12406	12	1459	1245
Nov 20 2021	12559	5	1323	1165
Nov 21 2021	12474	6	1427	1506
Nov 22 2021	12285	4	1175	1360
Nov 23 2021	11834	21	976	1406
Nov 24 2021	12183	5	1414	1060
Nov 25 2021	12696	5	1502	984
Nov 26 2021	13291	7	1578	976
Nov 27 2021	13536	5	1438	1188
Nov 28 2021	13493	4	1201	1240
Nov 29 2021	13163	3	1129	1456
Nov 30 2021	12908	10	1068	1313
Dec 01 2021	12858	5	1377	1422
Dec 02 2021	13344	11	1661	1164
Dec 03 2021	13853	12	1485	964
Dec 04 2021	14085	11	1646	1403
Dec 05 2021	13814	8	1231	1494
Dec 06 2021	13477	6	1241	1572
Dec 07 2021	13441	10	1402	1428
Dec 08 2021	13897	7	1657	1194
Dec 09 2021	14374	11	1606	1118
Dec 10 2021	14987	2	1681	1066
Dec 11 2021	15311	17	1701	1360
Dec 12 2021	15151	4	1501	1657
Dec 13 2021	15440	2	1774	1483
Dec 14 2021	15751	7	1957	1639
Dec 15 2021	17242	4	2722	1227
Dec 16 2021	19316	10	3315	1231
Dec 17 2021	21610	8	3696	1394
Dec 18 2021	23875	8	3922	1649
Dec 19 2021	26095	4	3826	1602
Dec 20 2021	28265	0	3851	1681
Dec 21 2021	30964	8	4400	1693
Dec 22 2021	35019	8	5556	1493
Dec 23 2021	41638	12	8393	1762
Dec 24 2021	48485	10	8804	1947
Dec 25 2021	55443	6	9680	2716
Dec 26 2021	61299	2	9171	3313
Dec 27 2021	67384	7	9781	3689
Dec 28 2021	74426	5	10964	3917
Dec 29 2021	88271	8	17671	3818
Dec 30 2021	105089	17	20669	3834
Dec 31 2021	132634	14	31945	4386
Jan 01 2022	161340	15	34262	5541
Jan 02 2022	184298	6	31351	8387
Jan 03 2022	211530	7	36036	8797
Jan 04 2022	248264	5	46414	9675
Jan 05 2022	301814	19	62721	9152
Jan 06 2022	362216	13	70183	9768
Jan 07 2022	426863	19	75611	10945
Jan 08 2022	517649	26	108457	17645
Jan 09 2022	573640	24	76660	20645
Jan 10 2022	604545	23	62850	31922
Jan 11 2022	658690	30	88407	34232
Jan 12 2022	728243	53	100904	31298
Jan 13 2022	838860	61	146653	35975
Jan 14 2022	918996	60	126550	46354
Jan 15 2022	954788	59	98513	62662
Jan 16 2022	968444	38	83839	70145
Jan 17 2022	964668	34	71835	75577
Jan 18 2022	927114	82	70903	108375
Jan 19 2022	927872	70	77418	76590
Jan 20 2022	938657	59	73635	62791
Jan 21 2022	913039	100	62789	88307
Jan 22 2022	865778	79	53643	100825
Jan 23 2022	766790	43	47665	146610
Jan 24 2022	679830	55	39590	126495
Jan 25 2022	626903	76	45586	98437
Jan 26 2022	594225	113	51161	83726
Jan 27 2022	566756	77	44366	71758
Jan 28 2022	535757	145	39904	70758
Jan 29 2022	498001	103	39662	77315
Jan 30 2022	460236	91	35870	73544
Jan 31 2022	428918	45	31471	62744
Feb 01 2022	407719	82	32444	53561
Feb 02 2022	399862	74	39808	47591
Feb 03 2022	396607	92	36335	39498
Feb 04 2022	381832	91	30811	45495
Feb 05 2022	359371	90	28700	51071
Feb 06 2022	337893	49	22888	44317
Feb 07 2022	320315	50	22326	39854
Feb 08 2022	307773	60	27120	39602
Feb 09 2022	301834	68	29931	35802
Feb 10 2022	298741	70	28378	31401
Feb 11 2022	295158	52	28861	32392
Feb 12 2022	274476	72	19126	39736
Feb 13 2022	260981	51	22840	36284
Feb 14 2022	249127	26	18957	30785
Feb 15 2022	244448	55	24021	28645
Feb 16 2022	249651	68	28091	22820
Feb 17 2022	254269	71	26944	22255
Feb 18 2022	252089	40	24940	27080
Feb 19 2022	243521	49	21363	29882
Feb 20 2022	232088	36	16945	28342
Feb 21 2022	220103	17	16876	28844
Feb 22 2022	225012	39	24035	19087
Feb 23 2022	228460	65	26288	22775
Feb 24 2022	234542	45	25039	18912
Feb 25 2022	234392	32	23871	23989
Feb 26 2022	227832	38	21531	28053
Feb 27 2022	218845	30	17957	26914
Feb 28 2022	212506	13	18601	24927
Mar 01 2022	215488	44	24345	21319
Mar 02 2022	223120	64	24577	16881
Mar 03 2022	241135	49	34891	16827
Mar 04 2022	240953	41	23853	23994
Mar 05 2022	236951	52	22286	26236
Mar 06 2022	230947	14	19035	25025
Mar 07 2022	228294	35	21218	23836
Mar 08 2022	248799	17	42036	21514
Mar 09 2022	263424	37	32582	17920
Mar 10 2022	281874	23	37051	18578
Mar 11 2022	291478	32	33949	24313
Mar 12 2022	297650	23	30749	24554
Mar 13 2022	291220	16	28461	34875
Mar 14 2022	293075	5	25708	23848
Mar 15 2022	303921	26	33132	22260
Mar 16 2022	341993	24	57107	19011
Mar 17 2022	371710	27	50935	21191
Mar 18 2022	377043	32	47369	42004
Mar 19 2022	389691	30	45230	32552
Mar 20 2022	391567	10	38927	37041
Mar 21 2022	396672	6	39054	33943
Mar 22 2022	418217	30	52294	30719
Mar 23 2022	450066	27	60310	28434
Mar 24 2022	485845	38	61487	25670
Mar 25 2022	509836	31	57123	33101
Mar 26 2022	503350	33	50621	57074
Mar 27 2022	497642	10	45227	50925
Mar 28 2022	495969	6	45696	47363
Mar 29 2022	509368	34	58629	45196
Mar 30 2022	536010	37	65569	38890
Mar 31 2022	555622	35	58666	39019
Apr 01 2022	566002	17	62674	52277
Apr 02 2022	558891	26	53199	60284
Apr 03 2022	543665	17	46261	61470
Apr 04 2022	531973	14	45431	57109
Apr 05 2022	537967	38	56615	50583
Apr 06 2022	553119	27	60379	45200
Apr 07 2022	569704	34	62281	45662
Apr 08 2022	568519	32	57444	58597
Apr 09 2022	550770	24	47820	65545
Apr 10 2022	535887	14	43783	58652
Apr 11 2022	514791	5	41578	62669
Apr 12 2022	506364	41	44772	53158
Apr 13 2022	511958	40	51855	46221
Apr 14 2022	520423	46	53896	45385
Apr 15 2022	510499	35	46691	56580
Apr 16 2022	490650	36	40530	60343
Apr 17 2022	460670	15	32301	62266
Apr 18 2022	436576	9	33350	57435
Apr 19 2022	426327	21	37571	47799
Apr 20 2022	432490	36	49946	43747
Apr 21 2022	444004	52	53092	41526
Apr 22 2022	446900	47	47668	44725
Apr 23 2022	435677	32	40632	51823
Apr 24 2022	415616	19	33835	53877
Apr 25 2022	398849	13	29924	46678
Apr 26 2022	393693	68	35374	40462
Apr 27 2022	404927	45	43535	32256
Apr 28 2022	416476	51	44899	33299
Apr 29 2022	419480	26	40575	37545
Apr 30 2022	407737	35	38203	49911
May 01 2022	386309	8	31664	53084
May 02 2022	369104	40	30463	47628
May 03 2022	365189	42	36717	40590
May 04 2022	376119	57	44765	33778
May 05 2022	399588	58	53393	29866
May 06 2022	401301	31	37087	35343
May 07 2022	401511	42	43745	43493
May 08 2022	390954	18	34342	44881
May 09 2022	387140	3	36761	40572
May 10 2022	395595	50	46658	38153
May 11 2022	419486	49	55555	31615
May 12 2022	445121	58	56098	30405
May 13 2022	459088	52	50684	36665
May 14 2022	462965	53	48642	44712
May 15 2022	450610	21	41038	53372
May 16 2022	454249	13	40726	37074
May 17 2022	476337	67	65833	43678
May 18 2022	496742	54	54747	34288
May 19 2022	512873	51	52892	36710
May 20 2022	514795	52	48580	46606
May 21 2022	504613	51	45373	55504
May 22 2022	485995	20	37480	56078
May 23 2022	468432	13	33121	50671
May 24 2022	461400	69	41610	48573
May 25 2022	464948	88	44586	40950
May 26 2022	469007	72	44785	40654
May 27 2022	441081	40	37907	65793
May 28 2022	418262	57	31928	54690
May 29 2022	390931	31	25561	52861
May 30 2022	368831	9	26480	48571
May 31 2022	355866	53	32408	45320
Jun 01 2022	352225	36	33839	37444
Jun 02 2022	353150	57	34046	33064
Jun 03 2022	342319	51	30779	41559
Jun 04 2022	324235	61	26502	44525
Jun 05 2022	300769	31	21319	44754
Jun 06 2022	280148	3	17286	37904
Jun 07 2022	278584	48	30364	31880
Jun 08 2022	285339	60	32316	25501
Jun 09 2022	290751	59	31892	26421
Jun 10 2022	287542	39	29199	32369
Jun 11 2022	276000	68	22297	33771
Jun 12 2022	262259	23	20305	34023
Jun 13 2022	250513	11	19033	30768
Jun 14 2022	248913	32	24902	26470
Jun 15 2022	257755	58	30161	21261
Jun 16 2022	271946	72	31477	17214
Jun 17 2022	270898	52	29316	30312
Jun 18 2022	264786	65	26204	32251
Jun 19 2022	254422	43	21528	31849
Jun 20 2022	244887	13	19664	29186
Jun 21 2022	253294	59	30704	22238
Jun 22 2022	264881	63	31892	20242
Jun 23 2022	277168	52	31320	18981
Jun 24 2022	282360	42	30094	24860
Jun 25 2022	279446	58	27247	30103
Jun 26 2022	270982	26	23013	31451
Jun 27 2022	264983	22	23317	29294
Jun 28 2022	265790	74	27011	26130
Jun 29 2022	281939	61	37677	21467
Jun 30 2022	295794	61	33519	19603
Jul 01 2022	299078	34	33988	30670
Jul 02 2022	298997	55	31811	31837
Jul 03 2022	297146	31	29469	31289
Jul 04 2022	295916	25	28864	30069
Jul 05 2022	304247	48	35578	27199
Jul 06 2022	323523	46	42289	22967
Jul 07 2022	342177	60	41971	23257
Jul 08 2022	355733	36	40567	26975
Jul 09 2022	354215	77	36159	37600
Jul 10 2022	351258	13	30562	33506
Jul 11 2022	348536	12	31266	33976
Jul 12 2022	356875	60	40150	31751
Jul 13 2022	370460	53	43054	29416
Jul 14 2022	387533	82	45937	28782
Jul 15 2022	394063	65	42108	35513
Jul 16 2022	390105	78	38331	42211
Jul 17 2022	385014	31	36880	41940
Jul 18 2022	382502	31	38055	40536
Jul 19 2022	395483	76	49140	36083
Jul 20 2022	412576	87	47655	30475
Jul 21 2022	434822	91	53512	31175
Jul 22 2022	446489	65	51817	40085
Jul 23 2022	447119	104	43684	42950
Jul 24 2022	437861	39	36679	45898
Jul 25 2022	431279	29	35526	42079
Jul 26 2022	438324	106	45376	38225
Jul 27 2022	449691	85	48247	36795
Jul 28 2022	456717	127	45081	37928
Jul 29 2022	451606	160	44029	48980
Jul 30 2022	452686	139	48735	47516
Jul 31 2022	428663	42	29489	53470
Aug 01 2022	409000	18	32154	51799
Aug 02 2022	399831	99	34515	43585
Aug 03 2022	403018	66	39866	36613
Aug 04 2022	403782	95	36290	35431
Aug 05 2022	390111	82	31705	45294
Aug 06 2022	369578	91	27714	48156
Aug 07 2022	344396	33	19899	45048
Aug 08 2022	321972	14	21605	44015
Aug 09 2022	299054	104	25817	48631
Aug 10 2022	296160	133	26595	29356
Aug 11 2022	288566	87	24560	32067
Aug 12 2022	276387	88	22336	34427
Aug 13 2022	256106	91	19585	39775
Aug 14 2022	235062	32	15246	36258
Aug 15 2022	217462	27	14105	31678
Aug 16 2022	209069	74	19321	27640
Aug 17 2022	209318	63	20148	19836
Aug 18 2022	206901	137	19188	21468
Aug 19 2022	197577	74	16493	25743
Aug 20 2022	185675	93	14693	26502
Aug 21 2022	170938	37	9823	24523
Aug 22 2022	159832	6	11230	22330
Aug 23 2022	149476	100	9229	19485
Aug 24 2022	149169	47	14939	15199
Aug 25 2022	148665	90	13601	14015
Aug 26 2022	142357	55	13013	19266
Aug 27 2022	133231	88	11022	20060
Aug 28 2022	123049	15	9006	19173
Aug 29 2022	115010	10	8454	16483
Aug 30 2022	112054	76	11737	14617
Aug 31 2022	115108	70	12877	9753
Sep 01 2022	115274	55	11396	11175
Sep 02 2022	115179	58	9134	9171
Sep 03 2022	108671	40	8431	14899
Sep 04 2022	100732	14	5662	13587
Sep 05 2022	96497	10	8778	13003
Sep 06 2022	94518	76	9043	10946
Sep 07 2022	95151	63	9639	8943
Sep 08 2022	95096	75	8399	8379
Sep 09 2022	91291	135	7932	11602
Sep 10 2022	80085	5	1671	12872
Sep 11 2022	70016	0	1327	11396
Sep 12 2022	65157	6	4275	9128
Sep 13 2022	58479	25	1753	8406
Sep 14 2022	54638	1	1821	5661
Sep 15 2022	50930	31	5070	8747
Sep 16 2022	68940	262	27053	8781
Sep 17 2022	60693	4	1392	9635
Sep 18 2022	53393	10	1099	8389
Sep 19 2022	46598	5	1137	7927
Sep 20 2022	46511	19	1584	1652
Sep 21 2022	46709	4	1525	1323
Sep 22 2022	43886	34	1452	4241
Sep 23 2022	77522	107	35389	1646
Sep 24 2022	81110	41	5409	1780
Sep 25 2022	81449	42	5409	5028
Sep 26 2022	59805	40	5409	27013
Sep 27 2022	63822	42	5409	1350
Sep 28 2022	68132	40	5409	1059
Sep 29 2022	72404	44	5409	1093
Sep 30 2022	76230	40	5410	1544
Oct 01 2022	77801	14	3096	1511
Oct 02 2022	80755	19	4406	1433
Oct 03 2022	49772	19	4406	35370
Oct 04 2022	48769	19	4406	5390
Oct 05 2022	47766	19	4406	5390
Oct 06 2022	46763	19	4406	5390
Oct 07 2022	50194	43	8840	5366
Oct 08 2022	50320	25	5535	5384
Oct 09 2022	49276	14	4365	5395
Oct 10 2022	48231	14	4365	5396
Oct 11 2022	49500	14	4365	3082
Oct 12 2022	49459	14	4365	4392
Oct 13 2022	49418	15	4365	4391
Oct 14 2022	49376	13	4364	4393
Oct 15 2022	50570	12	5600	4394
Oct 16 2022	50873	12	4709	4394
Oct 17 2022	46398	12	4365	8828
Oct 18 2022	45400	12	4537	5523
Oct 19 2022	45572	14	4537	4351
Oct 20 2022	45744	13	4537	4352
Oct 21 2022	45916	11	4537	4354
Oct 22 2022	46145	18	4594	4347
Oct 23 2022	46374	14	4594	4351
Oct 24 2022	46604	18	4594	4346
Oct 25 2022	45598	16	4594	5584
Oct 26 2022	45483	13	4594	4696
Oct 27 2022	45712	10	4594	4355
Oct 28 2022	46038	15	4863	4522
Oct 29 2022	45660	10	4159	4527
Oct 30 2022	45282	10	4159	4527
Oct 31 2022	44904	10	4159	4527
Nov 01 2022	44469	10	4159	4584
Nov 02 2022	44034	10	4159	4584
Nov 03 2022	43599	10	4159	4584
Nov 04 2022	54204	60	15199	4534
Nov 05 2022	57773	12	8163	4582
Nov 06 2022	61342	12	8163	4582
Nov 07 2022	64642	12	8163	4851
Nov 08 2022	68646	12	8163	4147
Nov 09 2022	72650	12	8163	4147
Nov 10 2022	76654	12	8163	4147
Nov 11 2022	82725	11	10230	4148
Nov 12 2022	89194	16	10628	4143
Nov 13 2022	95663	15	10628	4144
Nov 14 2022	91092	16	10628	15183
Nov 15 2022	93557	16	10628	8147
Nov 16 2022	96022	16	10628	8147
Nov 17 2022	98487	15	10628	8148
Nov 18 2022	100955	14	10631	8149
Nov 19 2022	104486	18	11694	8145
Nov 20 2022	108017	17	11694	8146
Nov 21 2022	109481	18	11694	10212
Nov 22 2022	110546	17	11693	10611
Nov 23 2022	111612	18	11694	10610
Nov 24 2022	112678	17	11694	10611
Nov 25 2022	113744	18	11694	10610
Nov 26 2022	117460	16	14344	10612
Nov 27 2022	121177	16	14345	10612
Nov 28 2022	124890	16	14344	10615
Nov 29 2022	127541	17	14345	11677
Nov 30 2022	130191	16	14344	11678
Dec 01 2022	132842	16	14345	11678
Dec 02 2022	139341	38	18192	11655
Dec 03 2022	142459	32	14812	11662
Dec 04 2022	145577	31	14812	11663
Dec 05 2022	148695	32	14812	11662
Dec 06 2022	149164	31	14813	14313
Dec 07 2022	149631	32	14812	14313
Dec 08 2022	150099	31	14812	14313
Dec 09 2022	153880	35	18126	14310
Dec 10 2022	151743	30	12207	14314
Dec 11 2022	152918	33	15520	14312
Dec 12 2022	150247	33	15521	18159
Dec 13 2022	150956	34	15521	14778
Dec 14 2022	151665	33	15521	14779
Dec 15 2022	152373	33	15520	14779
Dec 16 2022	157055	43	19495	14770
Dec 17 2022	156401	35	14158	14777
Dec 18 2022	155747	36	14158	14776
Dec 19 2022	151779	35	14158	18091
Dec 20 2022	153731	35	14159	12172
Dec 21 2022	152369	35	14158	15485
Dec 22 2022	151006	36	14158	15485
Dec 23 2022	153605	37	18120	15484
Dec 24 2022	142499	15	4415	15506
Dec 25 2022	135355	16	8376	15504
Dec 26 2022	124237	17	8377	19478
Dec 27 2022	118456	16	8377	14142
Dec 28 2022	112675	17	8377	14141
Dec 29 2022	106893	16	8376	14142
Dec 30 2022	101111	17	8377	14142
Dec 31 2022	97687	40	10734	14118
Jan 01 2023	94262	41	10733	14117
Jan 02 2023	86876	40	10734	18080
Jan 03 2023	93195	40	10734	4375
Jan 04 2023	95553	40	10734	8336
Jan 05 2023	97909	41	10733	8336
Jan 06 2023	100266	40	10734	8337
Jan 07 2023	97713	59	5824	8318
Jan 08 2023	95160	59	5823	8317
Jan 09 2023	92607	59	5824	8318
Jan 10 2023	87696	60	5823	10674
Jan 11 2023	82787	59	5824	10674
Jan 12 2023	77876	59	5823	10675
Jan 13 2023	72966	60	5824	10674
Jan 14 2023	64705	45	2473	10689
Jan 15 2023	56445	45	2473	10688
Jan 16 2023	48184	46	2473	10688
Jan 17 2023	44832	45	2472	5779
Jan 18 2023	41482	46	2473	5777
Jan 19 2023	38131	45	2473	5779
Jan 20 2023	43607	116	11299	5707
Jan 21 2023	40350	13	2567	5811
Jan 22 2023	37094	84	2567	5739
Jan 23 2023	33837	84	2567	5740
Jan 24 2023	33932	82	2568	2391
Jan 25 2023	34026	84	2567	2389
Jan 26 2023	34120	84	2567	2389
Jan 27 2023	36858	103	5210	2369
Jan 28 2023	34546	14	161	2459
Jan 29 2023	34878	34	2805	2439
Jan 30 2023	26384	34	2805	11265
Jan 31 2023	26623	35	2806	2532
Feb 01 2023	26861	34	2805	2533
Feb 02 2023	27099	34	2805	2533
Feb 03 2023	27336	34	2805	2534
Feb 04 2023	27193	36	2424	2531
Feb 05 2023	27050	35	2424	2532
Feb 06 2023	24264	36	2424	5174
Feb 07 2023	26527	35	2424	126
Feb 08 2023	26145	36	2423	2769
Feb 09 2023	25763	35	2423	2770
Feb 10 2023	25377	36	2420	2770
Feb 11 2023	24691	27	2119	2778
Feb 12 2023	24004	27	2118	2778
Feb 13 2023	23318	27	2119	2778
Feb 14 2023	23013	26	2119	2398
Feb 15 2023	24681	47	4092	2377
Feb 16 2023	24574	20	2317	2404
Feb 17 2023	24129	22	1979	2402
Feb 18 2023	22555	9	849	2414
Feb 19 2023	23015	17	2883	2406
Feb 20 2023	23478	16	2883	2404
Feb 21 2023	24241	17	2882	2102
Feb 22 2023	25006	16	2883	2102
Feb 23 2023	25770	17	2883	2102
Feb 24 2023	26534	16	2883	2103
Feb 25 2023	25106	12	2664	4080
Feb 26 2023	25453	13	2664	2304
Feb 27 2023	26138	12	2664	1967
Feb 28 2023	27953	12	2664	837
Mar 01 2023	27734	12	2664	2871
Mar 02 2023	27515	13	2664	2870
Mar 03 2023	27297	12	2664	2870
Mar 04 2023	27215	19	2801	2864
Mar 05 2023	27132	19	2800	2864
Mar 06 2023	27049	19	2800	2864
Mar 07 2023	27185	19	2800	2645
Mar 08 2023	27321	19	2800	2645
Mar 09 2023	27457	19	2800	2645
Mar 10 2023	27593	18	2800	2646
Mar 11 2023	28077	15	3148	2649
Mar 12 2023	28561	14	3148	2650
Mar 13 2023	29045	14	3148	2650
Mar 14 2023	29392	14	3148	2787
Mar 15 2023	29740	14	3148	2786
Mar 16 2023	30088	14	3148	2786
Mar 17 2023	30435	14	3147	2786
Mar 18 2023	30960	10	3325	2790
Mar 19 2023	31486	10	3326	2790
Mar 20 2023	32011	10	3325	2790
Mar 21 2023	32188	10	3325	3138
Mar 22 2023	32365	10	3325	3138
Mar 23 2023	32543	10	3326	3138
Mar 24 2023	32720	10	3325	3138
Mar 25 2023	33313	14	3741	3134
Mar 26 2023	33907	13	3742	3135
Mar 27 2023	34501	14	3741	3133
Mar 28 2023	34918	14	3742	3311
Mar 29 2023	35333	14	3741	3312
Mar 30 2023	35750	13	3742	3312
Mar 31 2023	36166	14	3741	3311
Apr 01 2023	36385	11	3544	3314
Apr 02 2023	36603	11	3544	3315
Apr 03 2023	36822	11	3544	3314
Apr 04 2023	36624	11	3543	3730
Apr 05 2023	36426	11	3544	3731
Apr 06 2023	36229	11	3544	3730
Apr 07 2023	36031	11	3544	3731
Apr 08 2023	36356	17	4066	3724
Apr 09 2023	36681	16	4067	3726
Apr 10 2023	37006	17	4066	3724
Apr 11 2023	37528	16	4066	3528
Apr 12 2023	38050	17	4066	3527
Apr 13 2023	38573	16	4067	3528
Apr 14 2023	39096	17	4066	3526
Apr 15 2023	39705	15	4153	3529
Apr 16 2023	40313	15	4152	3529
Apr 17 2023	40922	15	4153	3529
Apr 18 2023	41008	15	4152	4051
Apr 19 2023	41094	15	4153	4052
Apr 20 2023	41180	15	4152	4051
Apr 21 2023	41267	15	4153	4051
Apr 22 2023	41515	17	4314	4049
Apr 23 2023	41763	17	4315	4050
Apr 24 2023	42011	17	4314	4049
Apr 25 2023	42172	16	4314	4137
Apr 26 2023	42334	17	4314	4135
Apr 27 2023	42496	17	4315	4136
Apr 28 2023	42658	17	4314	4135
Apr 29 2023	42778	20	4273	4133
Apr 30 2023	42898	19	4272	4133
May 01 2023	43018	20	4273	4133
May 02 2023	42976	20	4272	4294
May 03 2023	42934	20	4273	4295
May 04 2023	42892	19	4272	4295
May 05 2023	42851	20	4273	4294
May 06 2023	43186	21	4649	4293
May 07 2023	43521	21	4650	4294
May 08 2023	43856	21	4649	4293
May 09 2023	44232	21	4649	4252
May 10 2023	44609	21	4649	4251
May 11 2023	44986	21	4650	4252
May 12 2023	45363	21	4649	4251
May 13 2023	46537	15	5447	4258
May 14 2023	47711	14	5446	4258
May 15 2023	48885	15	5447	4258
May 16 2023	49682	15	5446	4634
May 17 2023	50479	15	5447	4635
May 18 2023	51276	14	5446	4635
May 19 2023	52074	15	5447	4634
May 20 2023	53257	32	5832	4617
May 21 2023	54439	33	5832	4617
May 22 2023	55622	32	5832	4617
May 23 2023	56008	32	5833	5415
May 24 2023	56394	32	5832	5414
May 25 2023	56779	33	5832	5414
May 26 2023	57165	32	5832	5414
May 27 2023	56938	26	5220	5421
May 28 2023	56712	26	5220	5420
May 29 2023	56485	26	5220	5421
May 30 2023	55874	27	5221	5805
May 31 2023	55262	26	5220	5806
Jun 01 2023	54650	26	5220	5806
Jun 02 2023	54037	26	5220	5807
Jun 03 2023	52536	29	4331	5803
Jun 04 2023	51036	29	4332	5803
Jun 05 2023	49535	29	4331	5803
Jun 06 2023	48646	29	4331	5191
Jun 07 2023	47757	29	4331	5191
Jun 08 2023	46869	29	4332	5191
Jun 09 2023	45979	29	4331	5192
Jun 10 2023	43531	30	2772	5190
Jun 11 2023	41083	31	2772	5189
Jun 12 2023	38635	30	2772	5190
Jun 13 2023	37075	30	2771	4301
Jun 14 2023	35515	30	2772	4302
Jun 15 2023	33956	31	2772	4300
Jun 16 2023	32397	30	2772	4301
Jun 17 2023	30503	21	2437	4310
Jun 18 2023	28608	22	2437	4310
Jun 19 2023	26714	21	2437	4310
Jun 20 2023	26379	21	2437	2751
Jun 21 2023	26044	21	2437	2751
Jun 22 2023	25709	22	2437	2750
Jun 23 2023	25375	21	2437	2750
Jun 24 2023	24085	30	1482	2742
Jun 25 2023	22795	31	1482	2741
Jun 26 2023	21505	30	1482	2742
Jun 27 2023	20549	30	1481	2407
Jun 28 2023	19594	30	1482	2407
Jun 29 2023	18639	31	1482	2406
Jun 30 2023	17684	30	1482	2407
Jul 01 2023	17212	20	1965	2417
Jul 02 2023	16739	19	1964	2418
Jul 03 2023	16267	19	1965	2418
Jul 04 2023	16749	18	1964	1464
Jul 05 2023	17232	19	1965	1463
Jul 06 2023	17714	18	1964	1464
Jul 07 2023	18198	19	1965	1462
Jul 08 2023	17259	16	543	1466
Jul 09 2023	16321	16	544	1466
Jul 10 2023	15382	16	543	1466
Jul 11 2023	13960	17	543	1948
Jul 12 2023	12539	16	543	1948
Jul 13 2023	11118	16	544	1949
Jul 14 2023	9697	16	543	1948
Jul 15 2023	8704	14	972	1951
Jul 16 2023	7711	14	971	1950
Jul 17 2023	6718	14	972	1951
Jul 18 2023	7146	13	971	530
Jul 19 2023	7574	14	972	530
Jul 20 2023	8002	14	971	529
Jul 21 2023	8431	14	972	529
Jul 22 2023	8749	24	861	519
Jul 23 2023	9065	24	860	520
Jul 24 2023	9383	24	861	519
Jul 25 2023	9272	24	861	948
Jul 26 2023	9162	24	861	947
Jul 27 2023	9050	24	860	948
Jul 28 2023	8940	24	861	947
Jul 29 2023	8690	5	722	967
Jul 30 2023	8441	6	722	965
Jul 31 2023	8191	5	722	967
Aug 01 2023	8052	5	722	856
Aug 02 2023	7914	5	722	855
Aug 03 2023	7775	6	722	855
Aug 04 2023	7636	5	722	856
Aug 05 2023	6960	15	185	846
Aug 06 2023	6284	15	184	845
Aug 07 2023	5608	15	185	846
Aug 08 2023	5070	14	184	708
Aug 09 2023	4533	15	185	707
Aug 10 2023	3995	15	184	707
Aug 11 2023	3458	15	185	707
Aug 12 2023	3480	7	744	715
Aug 13 2023	3503	6	745	716
Aug 14 2023	3525	7	744	715
Aug 15 2023	4084	6	744	179
Aug 16 2023	4644	7	744	177
Aug 17 2023	5204	6	745	179
Aug 18 2023	5764	7	744	177
Aug 19 2023	6210	10	631	175
Aug 20 2023	6656	10	630	174
Aug 21 2023	7102	10	631	175
Aug 22 2023	6989	9	631	735
Aug 23 2023	6875	10	631	735
Aug 24 2023	6761	10	630	734
Aug 25 2023	6648	10	631	734
Aug 26 2023	6730	9	826	735
Aug 27 2023	6811	10	826	735
Aug 28 2023	6893	9	826	735
Aug 29 2023	7087	9	825	622
Aug 30 2023	7283	9	826	621
Aug 31 2023	7478	10	826	621
Sep 01 2023	7673	9	826	622
Sep 02 2023	7781	6	739	625
Sep 03 2023	7889	6	738	624
Sep 04 2023	7997	6	739	625
Sep 05 2023	7910	5	739	821
Sep 06 2023	7823	6	739	820
Sep 07 2023	7735	6	738	820
Sep 08 2023	7649	6	739	819
Sep 09 2023	7604	6	781	820
Sep 10 2023	7560	5	782	821
Sep 11 2023	7515	6	781	820
Sep 12 2023	7557	6	781	733
Sep 13 2023	7600	6	781	732
Sep 14 2023	7643	5	782	734
Sep 15 2023	7685	6	781	733
Sep 16 2023	7558	4	612	735
Sep 17 2023	7432	4	612	734
Sep 18 2023	7305	4	612	735
Sep 19 2023	7135	3	611	778
Sep 20 2023	6965	4	612	778
Sep 21 2023	6796	4	612	777
Sep 22 2023	6627	4	612	777
Sep 23 2023	6640	8	794	773
Sep 24 2023	6652	8	794	774
Sep 25 2023	6665	8	794	773
Sep 26 2023	6847	8	794	604
Sep 27 2023	7029	8	794	604
Sep 28 2023	7211	8	794	604
Sep 29 2023	7394	8	794	603
Sep 30 2023	7127	7	345	605
Oct 01 2023	6860	6	345	606
Oct 02 2023	6593	6	345	606
Oct 03 2023	6144	6	345	788
Oct 04 2023	5695	6	345	788
Oct 05 2023	5246	6	345	788
Oct 06 2023	4797	6	345	788
Oct 07 2023	4704	5	701	789
Oct 08 2023	4611	5	701	789
Oct 09 2023	4518	5	701	789
Oct 10 2023	4874	5	701	340
Oct 11 2023	5230	5	701	340
Oct 12 2023	5586	5	701	340
Oct 13 2023	5942	5	701	340
Oct 14 2023	6363	7	766	338
Oct 15 2023	6783	7	765	338
Oct 16 2023	7204	7	766	338
Oct 17 2023	7269	7	766	694
Oct 18 2023	7334	7	766	694
Oct 19 2023	7398	7	765	694
Oct 20 2023	7463	6	766	695
Oct 21 2023	7736	5	974	696
Oct 22 2023	8010	5	975	696
Oct 23 2023	8283	5	974	696
Oct 24 2023	8491	5	974	761
Oct 25 2023	8700	5	974	760
Oct 26 2023	8909	5	975	761
Oct 27 2023	9529	4	1386	762
Oct 28 2023	9176	6	413	760
Oct 29 2023	8823	6	412	759
Oct 30 2023	8469	6	412	760
Oct 31 2023	7907	6	412	968
Nov 01 2023	7345	6	413	969
Nov 02 2023	6783	6	412	968
Nov 03 2023	6305	5	496	969
Nov 04 2023	5827	8	496	966
Nov 05 2023	5347	8	495	967
Nov 06 2023	4456	8	495	1378
Nov 07 2023	4538	8	495	405
Nov 08 2023	4621	8	495	404
Nov 09 2023	4704	8	495	404
Nov 10 2023	4787	8	495	404
Nov 11 2023	5980	9	1606	404
Nov 12 2023	6206	9	638	403
Nov 13 2023	6528	9	818	487
Nov 14 2023	7978	9	1946	487
Nov 15 2023	9350	9	1867	486
Nov 16 2023	11355	8	2500	487
Nov 17 2023	12399	8	1539	487
Nov 18 2023	13371	8	1467	487
Nov 19 2023	13727	8	851	487
Nov 20 2023	13902	8	670	487
Nov 21 2023	13865	8	1569	1598
Nov 22 2023	14908	7	1681	631
Nov 23 2023	16228	7	2138	811
Nov 24 2023	15810	7	1528	1939
Nov 25 2023	15325	11	1382	1856
Nov 26 2023	13689	11	864	2489
Nov 27 2023	12586	11	436	1528
Nov 28 2023	12912	11	1793	1456
Nov 29 2023	13706	11	1645	840
Nov 30 2023	15107	11	2071	659
Dec 01 2023	15008	10	1470	1559
Dec 02 2023	14704	11	1377	1670
Dec 03 2023	13548	11	982	2127
Dec 04 2023	12665	11	645	1517
Dec 05 2023	12924	11	1641	1371
Dec 06 2023	13870	10	1810	854
Dec 07 2023	15623	10	2189	426
Dec 08 2023	15423	15	1593	1778
Dec 09 2023	14793	11	1015	1634
Dec 10 2023	13733	11	1011	2060
Dec 11 2023	12964	11	701	1459
Dec 12 2023	13655	11	2068	1366
Dec 13 2023	14488	11	1815	971
Dec 14 2023	15589	11	1746	634
Dec 15 2023	16101	10	2153	1631
Dec 16 2023	15757	8	1466	1802
Dec 17 2023	14425	8	857	2181
Dec 18 2023	13694	8	862	1585
Dec 19 2023	14138	8	1459	1007
Dec 20 2023	15563	8	2436	1003
Dec 21 2023	17238	8	2376	693
Dec 22 2023	17431	8	2261	2060
Dec 23 2023	17020	9	1404	1806
Dec 24 2023	16250	9	976	1737
Dec 25 2023	14814	9	717	2144
Dec 26 2023	13976	9	628	1457
Dec 27 2023	13861	9	742	848
Dec 28 2023	14100	9	1101	853
Dec 29 2023	14383	8	1742	1451
Dec 30 2023	13232	4	1285	2432
Dec 31 2023	11957	4	1101	2372
Jan 01 2024	10512	3	816	2258
Jan 02 2024	9691	3	583	1401
Jan 03 2024	12603	3	3888	973
Jan 04 2024	14636	3	2750	714
Jan 05 2024	15586	3	1578	625
Jan 06 2024	16707	6	1863	736
Jan 07 2024	16679	6	1073	1095
Jan 08 2024	15721	6	784	1736
Jan 09 2024	16632	6	2196	1279
Jan 10 2024	17509	6	1978	1095
Jan 11 2024	19257	5	2564	811
Jan 12 2024	20402	5	1728	578
Jan 13 2024	18126	11	1612	3877
Jan 14 2024	16405	10	1029	2740
Jan 15 2024	15540	10	713	1568
Jan 16 2024	15245	10	1568	1853
Jan 17 2024	14172	10	0	1063
Jan 18 2024	15349	10	1961	774
Jan 19 2024	7959	10	1373	8753
Jan 20 2024	8192	13	246	0
Jan 21 2024	8179	13	0	0
Jan 22 2024	8166	13	0	0
Jan 23 2024	12069	12	3915	0
Jan 24 2024	13532	12	1475	0
Jan 25 2024	15355	12	1835	0
Jan 26 2024	8034	12	1188	8497
Jan 27 2024	8826	6	798	0
Jan 28 2024	9347	6	527	0
Jan 29 2024	9992	5	650	0
Jan 30 2024	11636	5	1649	0
Jan 31 2024	13192	5	1561	0
Feb 01 2024	14094	5	907	0
Feb 02 2024	8001	5	38166	44254
Feb 03 2024	8713	6	718	0
Feb 04 2024	9130	6	423	0
Feb 05 2024	10278	6	1154	0
Feb 06 2024	11619	6	1347	0
Feb 07 2024	12920	5	1306	0
Feb 08 2024	14307	5	1392	0
Feb 09 2024	8014	5	1214	7502
Feb 10 2024	9001	9	996	0
Feb 11 2024	9702	9	710	0
Feb 12 2024	10238	9	545	0
Feb 13 2024	11486	9	1257	0
Feb 14 2024	12347	9	870	0
Feb 15 2024	14271	8	1932	0
Feb 16 2024	8018	8	1105	7350
Feb 17 2024	8978	6	966	0
Feb 18 2024	9506	6	534	0
Feb 19 2024	10197	6	697	0
Feb 20 2024	11335	6	1144	0
Feb 21 2024	12674	6	1345	0
Feb 22 2024	13848	6	1180	0
Feb 23 2024	8012	5	1484	7315
Feb 24 2024	8791	4	783	0
Feb 25 2024	9221	4	434	0
Feb 26 2024	10212	4	995	0
Feb 27 2024	11257	4	1049	0
Feb 28 2024	12488	4	1235	0
Feb 29 2024	13809	3	1324	0
Mar 01 2024	8017	3	1001	6790
Mar 02 2024	8819	4	806	0
Mar 03 2024	9503	4	688	0
Mar 04 2024	9940	4	441	0
Mar 05 2024	11040	4	1104	0
Mar 06 2024	12178	4	1142	0
Mar 07 2024	13363	3	1188	0
Mar 08 2024	8894	3	874	5340
Mar 09 2024	8884	2	863	871
Mar 10 2024	9419	2	537	0
Mar 11 2024	9742	2	325	0
Mar 12 2024	10317	2	577	0
Mar 13 2024	11320	1	1004	0
Mar 14 2024	12577	1	1258	0
Mar 15 2024	8890	1	849	4535
Mar 16 2024	8825	4	785	846
Mar 17 2024	9301	4	480	0
Mar 18 2024	9640	4	343	0
Mar 19 2024	10421	3	784	0
Mar 20 2024	11371	3	953	0
Mar 21 2024	12398	3	1030	0
Mar 22 2024	8787	3	765	4373
Mar 23 2024	8787	0	0	0
Mar 24 2024	9175	0	388	0
Mar 25 2024	8741	0	331	765
Mar 26 2024	9468	0	727	0
Mar 27 2024	11527	0	2059	0
