Date	Active Cases	Daily Death	New cases	Recoverd Cases
Feb 15 2020	0	0	0	0
Feb 16 2020	0	0	0	0
Feb 17 2020	0	0	0	0
Feb 18 2020	0	0	0	0
Feb 19 2020	0	0	0	0
Feb 20 2020	0	0	0	0
Feb 21 2020	0	0	0	0
Feb 22 2020	0	0	0	0
Feb 23 2020	0	0	0	0
Feb 24 2020	0	0	0	0
Feb 25 2020	0	0	0	0
Feb 26 2020	0	0	0	0
Feb 27 2020	0	0	0	0
Feb 28 2020	0	0	0	0
Feb 29 2020	0	0	0	0
Mar 01 2020	0	0	0	0
Mar 02 2020	0	0	0	0
Mar 03 2020	0	0	0	0
Mar 04 2020	0	0	0	0
Mar 05 2020	0	0	0	0
Mar 06 2020	0	0	0	0
Mar 07 2020	0	0	0	0
Mar 08 2020	0	0	0	0
Mar 09 2020	0	0	0	0
Mar 10 2020	0	0	0	0
Mar 11 2020	0	0	0	0
Mar 12 2020	0	0	0	0
Mar 13 2020	0	0	0	0
Mar 14 2020	0	0	0	0
Mar 15 2020	0	0	0	0
Mar 16 2020	0	0	0	0
Mar 17 2020	0	0	0	0
Mar 18 2020	0	0	0	0
Mar 19 2020	0	0	0	0
Mar 20 2020	0	0	0	0
Mar 21 2020	0	0	0	0
Mar 22 2020	0	0	0	0
Mar 23 2020	0	0	0	0
Mar 24 2020	1	0	0	0
Mar 25 2020	1	0	0	0
Mar 26 2020	1	0	0	0
Mar 27 2020	1	0	0	0
Mar 28 2020	3	0	2	0
Mar 29 2020	8	0	5	0
Mar 30 2020	8	0	0	0
Mar 31 2020	9	0	2	0
Apr 01 2020	10	0	0	0
Apr 02 2020	10	0	1	0
Apr 03 2020	16	0	6	0
Apr 04 2020	17	0	1	0
Apr 05 2020	17	0	0	0
Apr 06 2020	17	0	1	0
Apr 07 2020	18	0	1	0
Apr 08 2020	12	0	1	0
Apr 09 2020	15	0	3	0
Apr 10 2020	15	0	0	0
Apr 11 2020	16	0	1	0
Apr 12 2020	15	0	0	0
Apr 13 2020	16	0	1	0
Apr 14 2020	25	0	9	0
Apr 15 2020	36	0	13	0
Apr 16 2020	37	0	1	0
Apr 17 2020	37	0	0	0
Apr 18 2020	37	0	0	0
Apr 19 2020	39	0	2	0
Apr 20 2020	35	0	0	0
Apr 21 2020	43	0	8	0
Apr 22 2020	44	0	1	0
Apr 23 2020	43	1	0	0
Apr 24 2020	41	0	1	0
Apr 25 2020	41	0	0	0
Apr 26 2020	41	0	0	0
Apr 27 2020	41	0	0	0
Apr 28 2020	41	0	0	0
Apr 29 2020	41	0	0	0
Apr 30 2020	40	1	0	0
May 01 2020	42	0	2	0
May 02 2020	38	0	0	0
May 03 2020	38	0	0	0
May 04 2020	37	0	0	0
May 05 2020	37	0	0	0
May 06 2020	37	0	1	0
May 07 2020	37	0	0	0
May 08 2020	37	0	0	0
May 09 2020	37	0	0	0
May 10 2020	37	0	0	0
May 11 2020	33	0	0	0
May 12 2020	33	0	0	0
May 13 2020	33	0	0	0
May 14 2020	33	0	0	0
May 15 2020	33	0	0	0
May 16 2020	34	0	1	0
May 17 2020	27	0	0	0
May 18 2020	27	0	0	0
May 19 2020	30	0	3	0
May 20 2020	31	0	1	0
May 21 2020	33	0	2	0
May 22 2020	31	0	1	0
May 23 2020	33	0	3	0
May 24 2020	33	0	0	0
May 25 2020	32	0	0	0
May 26 2020	34	0	2	0
May 27 2020	55	1	22	0
May 28 2020	59	1	6	0
May 29 2020	72	0	13	0
May 30 2020	75	0	12	0
May 31 2020	99	0	26	0
Jun 01 2020	111	0	12	0
Jun 02 2020	125	0	14	0
Jun 03 2020	139	0	14	0
Jun 04 2020	152	0	13	0
Jun 05 2020	182	0	30	0
Jun 06 2020	199	0	17	0
Jun 07 2020	199	0	0	0
Jun 08 2020	270	0	76	0
Jun 09 2020	296	0	27	0
Jun 10 2020	314	0	19	0
Jun 11 2020	329	0	15	0
Jun 12 2020	344	1	16	0
Jun 13 2020	348	2	9	0
Jun 14 2020	381	2	36	0
Jun 15 2020	387	0	13	0
Jun 16 2020	398	0	17	0
Jun 17 2020	412	0	16	0
Jun 18 2020	419	0	10	0
Jun 19 2020	427	0	10	0
Jun 20 2020	436	0	24	0
Jun 21 2020	458	0	27	0
Jun 22 2020	469	0	24	0
Jun 23 2020	490	7	44	0
Jun 24 2020	514	1	31	0
Jun 25 2020	540	0	28	0
Jun 26 2020	553	0	15	0
Jun 27 2020	538	0	14	0
Jun 28 2020	545	3	35	0
Jun 29 2020	573	2	40	0
Jun 30 2020	591	1	22	0
Jul 01 2020	626	1	50	0
Jul 02 2020	641	1	17	0
Jul 03 2020	661	1	27	0
Jul 04 2020	704	0	71	0
Jul 05 2020	753	5	57	0
Jul 06 2020	814	2	71	0
Jul 07 2020	852	1	65	0
Jul 08 2020	926	1	86	0
Jul 09 2020	997	2	74	0
Jul 10 2020	997	0	0	0
Jul 11 2020	1011	0	47	0
Jul 12 2020	1053	1	44	0
Jul 13 2020	1105	1	79	0
Jul 14 2020	1151	2	51	0
Jul 15 2020	1173	1	26	0
Jul 16 2020	1227	3	63	0
Jul 17 2020	1277	1	52	0
Jul 18 2020	1358	1	87	0
Jul 19 2020	1400	0	75	0
Jul 20 2020	1490	1	114	0
Jul 21 2020	1559	1	108	0
Jul 22 2020	1634	3	88	0
Jul 23 2020	1757	3	138	0
Jul 24 2020	1863	1	110	0
Jul 25 2020	1979	1	123	0
Jul 26 2020	2056	2	122	0
Jul 27 2020	2186	4	158	0
Jul 28 2020	2371	3	190	0
Jul 29 2020	2555	4	205	0
Jul 30 2020	2761	2	216	0
Jul 31 2020	2929	1	183	0
Aug 01 2020	2992	6	70	0
Aug 02 2020	3131	3	146	0
Aug 03 2020	3345	10	226	0
Aug 04 2020	3495	3	161	0
Aug 05 2020	3736	3	251	0
Aug 06 2020	4120	8	404	0
Aug 07 2020	4311	1	200	0
Aug 08 2020	4428	5	153	0
Aug 09 2020	4631	6	219	0
Aug 10 2020	5080	6	478	0
Aug 11 2020	5430	7	373	0
Aug 12 2020	5701	0	309	0
Aug 13 2020	6099	3	439	0
Aug 14 2020	6340	4	277	0
Aug 15 2020	6699	6	411	0
Aug 16 2020	7086	8	434	0
Aug 17 2020	7453	4	407	0
Aug 18 2020	7901	7	489	0
Aug 19 2020	8276	5	395	0
Aug 20 2020	8487	4	244	0
Aug 21 2020	8888	7	414	0
Aug 22 2020	9164	8	316	0
Aug 23 2020	9164	0	0	0
Aug 24 2020	9714	11	572	0
Aug 25 2020	9966	4	272	0
Aug 26 2020	10472	7	553	0
Aug 27 2020	10846	9	440	0
Aug 28 2020	11093	7	355	0
Aug 29 2020	11394	5	329	0
Aug 30 2020	11781	1	465	0
Aug 31 2020	12270	5	543	0
Sep 01 2020	12706	5	658	0
Sep 02 2020	13160	8	532	0
Sep 03 2020	13663	4	617	0
Sep 04 2020	14273	8	672	0
Sep 05 2020	14797	10	649	0
Sep 06 2020	15383	13	655	0
Sep 07 2020	16412	11	1085	0
Sep 08 2020	17022	18	749	0
Sep 09 2020	17809	10	879	0
Sep 10 2020	18180	15	477	0
Sep 11 2020	19050	13	969	0
Sep 12 2020	9894	2	440	0
Sep 13 2020	10236	8	433	0
Sep 14 2020	10385	6	734	0
Sep 15 2020	10509	15	629	0
Sep 16 2020	11044	11	792	0
Sep 17 2020	11509	11	886	0
Sep 18 2020	11813	13	616	0
Sep 19 2020	12121	16	796	0
Sep 20 2020	12447	0	715	0
Sep 21 2020	12962	16	847	0
Sep 22 2020	13073	10	650	0
Sep 23 2020	13198	9	651	0
Sep 24 2020	13316	5	535	0
Sep 25 2020	13291	17	658	0
Sep 26 2020	13497	8	538	0
Sep 27 2020	13716	21	536	0
Sep 28 2020	14168	7	849	0
Sep 29 2020	14572	13	801	0
Sep 30 2020	14613	11	511	0
Oct 01 2020	14755	8	683	0
Oct 02 2020	14813	11	509	0
Oct 03 2020	14620	8	370	0
Oct 04 2020	14788	14	722	0
Oct 05 2020	14765	4	628	0
Oct 06 2020	15456	6	1031	0
Oct 07 2020	16074	6	1045	0
Oct 08 2020	16546	8	779	0
Oct 09 2020	17294	5	1076	0
Oct 10 2020	17272	2	318	0
Oct 11 2020	18043	8	1026	0
Oct 12 2020	18711	13	1109	0
Oct 13 2020	19322	12	1164	0
Oct 14 2020	19851	13	836	0
Oct 15 2020	20310	12	855	0
Oct 16 2020	21084	18	1169	0
Oct 17 2020	21084	0	0	0
Oct 18 2020	21176	26	945	0
Oct 19 2020	21955	7	1159	0
Oct 20 2020	22328	14	957	0
Oct 21 2020	22420	19	719	0
Oct 22 2020	22795	3	995	0
Oct 23 2020	22991	6	764	0
Oct 24 2020	23619	16	990	0
Oct 25 2020	24487	5	1639	0
Oct 26 2020	24907	6	1210	0
Oct 27 2020	24910	11	752	0
Oct 28 2020	25089	11	899	0
Oct 29 2020	25275	8	782	0
Oct 30 2020	25412	16	972	0
Oct 31 2020	25208	10	467	0
Nov 01 2020	25321	14	950	0
Nov 02 2020	25419	9	862	0
Nov 03 2020	25800	13	781	0
Nov 04 2020	26077	7	899	0
Nov 05 2020	26423	7	853	0
Nov 06 2020	26905	8	1004	0
Nov 07 2020	26870	5	595	0
Nov 08 2020	27069	9	1078	0
Nov 09 2020	27316	15	923	0
Nov 10 2020	27541	13	970	0
Nov 11 2020	27817	13	875	0
Nov 12 2020	28116	15	919	0
Nov 13 2020	28374	10	824	0
Nov 14 2020	28374	0	0	0
Nov 15 2020	28452	22	974	0
Nov 16 2020	28566	8	722	0
Nov 17 2020	28524	16	612	0
Nov 18 2020	28285	12	529	0
Nov 19 2020	28151	9	541	0
Nov 20 2020	28153	6	802	0
Nov 21 2020	28153	0	0	0
Nov 22 2020	27820	21	1015	0
Nov 23 2020	27779	13	650	0
Nov 24 2020	27766	8	707	0
Nov 25 2020	27758	15	617	0
Nov 26 2020	27682	15	610	0
Nov 27 2020	27821	13	866	0
Nov 28 2020	27821	0	0	0
Nov 29 2020	27998	13	1157	0
Nov 30 2020	27808	17	379	0
Dec 01 2020	28012	13	608	0
Dec 02 2020	28175	4	670	0
Dec 03 2020	28333	12	762	0
Dec 04 2020	28262	7	680	0
Dec 05 2020	28262	0	0	0
Dec 06 2020	28647	12	1051	0
Dec 07 2020	28474	12	517	0
Dec 08 2020	28894	12	889	0
Dec 09 2020	28683	6	536	0
Dec 10 2020	28688	12	661	0
Dec 11 2020	28763	5	697	0
Dec 12 2020	28763	0	0	0
Dec 13 2020	28585	21	899	0
Dec 14 2020	28590	15	578	0
Dec 15 2020	28554	5	660	0
Dec 16 2020	28533	5	560	0
Dec 17 2020	28715	13	706	0
Dec 18 2020	28540	9	489	0
Dec 19 2020	28540	0	0	0
Dec 20 2020	28397	7	788	0
Dec 21 2020	28299	16	640	0
Dec 22 2020	28245	16	506	0
Dec 23 2020	28197	8	640	0
Dec 24 2020	28132	6	846	0
Dec 25 2020	27949	16	461	0
Dec 26 2020	27949	0	0	0
Dec 27 2020	27955	21	728	0
Dec 28 2020	27710	4	532	0
Dec 29 2020	27494	4	437	0
Dec 30 2020	27203	15	585	0
Dec 31 2020	26692	19	342	0
Jan 01 2021	26005	9	467	0
Jan 02 2021	26005	0	0	0
Jan 03 2021	25523	23	670	0
Jan 04 2021	25161	16	561	0
Jan 05 2021	24676	10	481	0
Jan 06 2021	23899	10	424	0
Jan 07 2021	23689	12	635	0
Jan 08 2021	23241	10	487	0
Jan 09 2021	23241	0	0	0
Jan 10 2021	22872	13	743	0
Jan 11 2021	22552	8	633	0
Jan 12 2021	22179	33	652	0
Jan 13 2021	21730	7	640	0
Jan 14 2021	21544	16	764	0
Jan 15 2021	21298	6	583	0
Jan 16 2021	21298	0	0	0
Jan 17 2021	21298	14	1071	0
Jan 18 2021	20974	33	781	0
Jan 19 2021	20703	2	596	0
Jan 20 2021	20479	15	659	0
Jan 21 2021	20121	1	622	0
Jan 22 2021	19851	21	794	0
Jan 23 2021	19851	0	0	0
Jan 24 2021	19675	26	1148	0
Jan 25 2021	19305	19	741	0
Jan 26 2021	19223	7	870	0
Jan 27 2021	18856	13	765	0
Jan 28 2021	18654	30	715	0
Jan 29 2021	18451	10	871	0
Jan 30 2021	18451	0	0	0
Jan 31 2021	18048	35	981	0
Feb 01 2021	17933	6	771	0
Feb 02 2021	17945	13	1032	0
Feb 03 2021	17981	18	809	0
Feb 04 2021	17646	5	770	0
Feb 05 2021	17646	17	881	0
Feb 06 2021	17646	0	0	0
Feb 07 2021	17534	17	1132	0
Feb 08 2021	17486	21	856	0
Feb 09 2021	17202	8	679	0
Feb 10 2021	16653	7	467	0
Feb 11 2021	15918	20	333	0
Feb 12 2021	15605	5	520	0
Feb 13 2021	15605	0	0	0
Feb 14 2021	15193	4	473	0
Feb 15 2021	14698	24	351	0
Feb 16 2021	14121	9	331	0
Feb 17 2021	13561	5	312	0
Feb 18 2021	13115	5	392	0
Feb 19 2021	12932	27	585	0
Feb 20 2021	12932	0	0	0
Feb 21 2021	12326	26	472	0
Feb 22 2021	11976	2	415	0
Feb 23 2021	11559	9	489	0
Feb 24 2021	11120	26	561	0
Feb 25 2021	10886	5	571	0
Feb 26 2021	10792	18	625	0
Feb 27 2021	10792	0	0	0
Feb 28 2021	10919	5	880	0
Mar 01 2021	10801	31	789	0
Mar 02 2021	10672	6	840	0
Mar 03 2021	10363	3	618	0
Mar 04 2021	10577	14	1002	0
Mar 05 2021	10534	3	895	0
Mar 06 2021	10534	0	0	0
Mar 07 2021	10525	37	1158	0
Mar 08 2021	10492	15	1018	0
Mar 09 2021	10389	9	1030	0
Mar 10 2021	10340	33	910	0
Mar 11 2021	10625	10	1073	0
Mar 12 2021	10670	8	972	0
Mar 13 2021	10670	0	0	0
Mar 14 2021	10829	38	1350	0
Mar 15 2021	10981	16	1087	0
Mar 16 2021	10947	4	1041	0
Mar 17 2021	10830	16	1054	0
Mar 18 2021	10614	13	1032	0
Mar 19 2021	10781	52	1134	0
Mar 20 2021	10781	0	0	0
Mar 21 2021	10787	19	1264	0
Mar 22 2021	10636	7	905	0
Mar 23 2021	10427	51	901	0
Mar 24 2021	10325	18	909	0
Mar 25 2021	10008	9	912	0
Mar 26 2021	9817	11	884	0
Mar 27 2021	9817	0	0	0
Mar 28 2021	9267	16	733	0
Mar 29 2021	9010	35	696	0
Mar 30 2021	9113	5	706	0
Mar 31 2021	9143	9	706	0
Apr 01 2021	9436	13	1023	0
Apr 02 2021	10116	4	1108	0
Apr 03 2021	10116	0	0	0
Apr 04 2021	10319	53	1206	0
Apr 05 2021	10849	20	1148	0
Apr 06 2021	11075	8	876	0
Apr 07 2021	11326	7	969	0
Apr 08 2021	11504	27	869	0
Apr 09 2021	11753	8	732	0
Apr 10 2021	11753	0	0	0
Apr 11 2021	12081	16	937	0
Apr 12 2021	12204	5	851	0
Apr 13 2021	12454	2	828	0
Apr 14 2021	12094	4	541	0
Apr 15 2021	11973	39	513	0
Apr 16 2021	11905	9	573	0
Apr 17 2021	11905	0	0	0
Apr 18 2021	11974	14	749	0
Apr 19 2021	11898	12	584	0
Apr 20 2021	11818	11	625	0
Apr 21 2021	11868	5	594	0
Apr 22 2021	11650	12	533	0
Apr 23 2021	11692	11	536	0
Apr 24 2021	11692	0	0	0
Apr 25 2021	11647	49	534	0
Apr 26 2021	11588	9	467	0
Apr 27 2021	11568	5	501	0
Apr 28 2021	11494	9	447	0
Apr 29 2021	11377	4	371	0
Apr 30 2021	11288	6	436	0
May 01 2021	11288	0	0	0
May 02 2021	11116	10	363	0
May 03 2021	11092	8	464	0
May 04 2021	10960	2	337	0
May 05 2021	10811	9	255	0
May 06 2021	10630	1	266	0
May 07 2021	10703	4	504	0
May 08 2021	10703	0	0	0
May 09 2021	10560	7	273	0
May 10 2021	10474	2	256	0
May 11 2021	10572	5	466	0
May 12 2021	10541	5	253	0
May 13 2021	10465	3	234	0
May 14 2021	10465	0	0	0
May 15 2021	10465	0	0	0
May 16 2021	10194	3	231	0
May 17 2021	10244	4	304	0
May 18 2021	10130	5	298	0
May 19 2021	10183	0	338	0
May 20 2021	10183	5	299	0
May 21 2021	10061	3	250	0
May 22 2021	10061	0	0	0
May 23 2021	10255	6	412	0
May 24 2021	10285	1	281	0
May 25 2021	10329	2	340	0
May 26 2021	10268	1	219	0
May 27 2021	10351	0	321	0
May 28 2021	10420	1	343	0
May 29 2021	10420	0	0	0
May 30 2021	10419	9	366	0
May 31 2021	10776	1	595	0
Jun 01 2021	10828	1	296	0
Jun 02 2021	10772	4	251	0
Jun 03 2021	10798	1	244	0
Jun 04 2021	10900	5	386	0
Jun 05 2021	10900	0	0	0
Jun 06 2021	10949	6	325	0
Jun 07 2021	11145	3	407	0
Jun 08 2021	11143	3	243	0
Jun 09 2021	11128	3	229	0
Jun 10 2021	11008	3	229	0
Jun 11 2021	11170	3	376	0
Jun 12 2021	11170	0	0	0
Jun 13 2021	11232	3	297	0
Jun 14 2021	11143	4	225	0
Jun 15 2021	11163	1	274	0
Jun 16 2021	11251	0	330	0
Jun 17 2021	11289	4	258	0
Jun 18 2021	11330	3	280	0
Jun 19 2021	11330	0	0	0
Jun 20 2021	11357	1	322	0
Jun 21 2021	11410	4	290	0
Jun 22 2021	11423	3	215	0
Jun 23 2021	11424	2	223	0
Jun 24 2021	11369	2	184	0
Jun 25 2021	11586	0	469	0
Jun 26 2021	11686	0	100	0
Jun 27 2021	11683	2	241	0
Jun 28 2021	11713	4	316	0
Jun 29 2021	11856	0	452	0
Jun 30 2021	11894	2	236	0
Jul 01 2021	12086	5	431	0
Jul 02 2021	12247	7	418	0
Jul 03 2021	12247	0	0	0
Jul 04 2021	12736	6	719	0
Jul 05 2021	13213	2	782	0
Jul 06 2021	13994	2	1070	0
Jul 07 2021	14949	8	1248	0
Jul 08 2021	16095	4	1384	0
Jul 09 2021	17520	5	1710	0
Jul 10 2021	17520	0	0	0
Jul 11 2021	19990	8	2854	0
Jul 12 2021	22323	3	2679	0
Jul 13 2021	24592	2	2640	0
Jul 14 2021	26778	3	2604	0
Jul 15 2021	28960	1	2555	0
Jul 16 2021	31396	4	2866	0
Jul 17 2021	31396	0	0	0
Jul 18 2021	34778	28	4061	0
Jul 19 2021	37568	18	3425	0
Jul 20 2021	38916	10	1781	0
Jul 21 2021	38916	0	0	0
Jul 22 2021	39259	13	732	0
Jul 23 2021	40792	22	2171	0
Jul 24 2021	40792	0	0	0
Jul 25 2021	43719	31	3845	0
Jul 26 2021	46342	23	3512	0
Jul 27 2021	48927	24	3348	0
Jul 28 2021	51044	31	3161	0
Jul 29 2021	52767	16	2730	0
Jul 30 2021	54627	40	2914	0
Jul 31 2021	54627	0	0	0
Aug 01 2021	57704	39	4322	0
Aug 02 2021	59605	31	2892	0
Aug 03 2021	60641	30	2139	0
Aug 04 2021	61678	26	2485	0
Aug 05 2021	62571	28	1996	0
Aug 06 2021	63575	26	1879	0
Aug 07 2021	63575	0	0	0
Aug 08 2021	64992	30	3019	0
Aug 09 2021	65859	31	2001	0
Aug 10 2021	66995	31	2134	0
Aug 11 2021	68562	30	2472	0
Aug 12 2021	69859	24	2286	0
Aug 13 2021	71122	34	2360	0
Aug 14 2021	71122	0	0	0
Aug 15 2021	72550	35	2831	0
Aug 16 2021	73521	29	2688	0
Aug 17 2021	74387	23	2276	0
Aug 18 2021	75840	12	2325	0
Aug 19 2021	76578	33	1949	0
Aug 20 2021	77274	16	2364	0
Aug 21 2021	77274	0	0	0
Aug 22 2021	78003	34	1722	0
Aug 23 2021	78333	25	1625	0
Aug 24 2021	79474	23	1894	0
Aug 25 2021	80183	27	1682	0
Aug 26 2021	81181	26	1722	0
Aug 27 2021	82001	13	1613	0
Aug 28 2021	82001	0	0	0
Aug 29 2021	83075	19	2003	0
Aug 30 2021	83754	29	1678	0
Aug 31 2021	84257	34	1501	0
Sep 01 2021	83954	16	1665	0
Sep 02 2021	83810	23	1479	0
Sep 03 2021	83520	22	1388	0
Sep 04 2021	83520	0	0	0
Sep 05 2021	83802	15	1914	0
Sep 06 2021	83259	20	1379	0
Sep 07 2021	82711	20	1272	0
Sep 08 2021	82601	11	1499	0
Sep 09 2021	82744	23	1802	0
Sep 10 2021	82315	13	1117	0
Sep 11 2021	82315	0	0	0
Sep 12 2021	81838	17	1443	0
Sep 13 2021	81521	14	1291	0
Sep 14 2021	81228	16	1149	0
Sep 15 2021	81067	12	1433	0
Sep 16 2021	80704	11	1053	0
Sep 17 2021	80343	10	968	0
Sep 18 2021	80343	0	0	0
Sep 19 2021	79635	11	1121	0
Sep 20 2021	79390	16	1081	0
Sep 21 2021	79204	16	1038	0
Sep 22 2021	78738	27	985	0
Sep 23 2021	78023	9	1006	0
Sep 24 2021	77879	19	936	0
Sep 25 2021	77879	0	0	0
Sep 26 2021	77479	18	989	0
Sep 27 2021	77152	11	910	0
Sep 28 2021	76738	8	686	0
Sep 29 2021	76059	11	693	0
Sep 30 2021	75859	15	815	0
Oct 01 2021	75542	13	1007	0
Oct 02 2021	75542	0	0	0
Oct 03 2021	74737	22	748	0
Oct 04 2021	73996	16	719	0
Oct 05 2021	73506	8	682	0
Oct 06 2021	72864	10	692	0
Oct 07 2021	72571	19	915	0
Oct 08 2021	72066	18	604	0
Oct 09 2021	72066	0	0	0
Oct 10 2021	71261	18	725	0
Oct 11 2021	70571	17	637	0
Oct 12 2021	69639	16	551	0
Oct 13 2021	68936	24	724	0
Oct 14 2021	67758	17	559	0
Oct 15 2021	66649	11	563	0
Oct 16 2021	66649	0	0	0
Oct 17 2021	65575	23	780	0
Oct 18 2021	64773	21	638	0
Oct 19 2021	63828	20	596	0
Oct 20 2021	63137	21	532	0
Oct 21 2021	62247	17	436	0
Oct 22 2021	61459	20	689	0
Oct 23 2021	61459	0	0	0
Oct 24 2021	60450	24	745	0
Oct 25 2021	59694	22	589	0
Oct 26 2021	59049	5	651	0
Oct 27 2021	58096	15	624	0
Oct 28 2021	57246	13	596	0
Oct 29 2021	56401	17	569	0
Oct 30 2021	56401	0	0	0
Oct 31 2021	55244	21	683	0
Nov 01 2021	54168	23	626	0
Nov 02 2021	53092	17	499	0
Nov 03 2021	52027	18	556	0
Nov 04 2021	51090	14	648	0
Nov 05 2021	50277	15	599	0
Nov 06 2021	50277	0	0	0
Nov 07 2021	48987	21	648	0
Nov 08 2021	48183	11	795	0
Nov 09 2021	47112	8	609	0
Nov 10 2021	46201	15	597	0
Nov 11 2021	45135	17	568	0
Nov 12 2021	43972	17	593	0
Nov 13 2021	43972	0	0	0
Nov 14 2021	42447	21	599	0
Nov 15 2021	41114	11	562	0
Nov 16 2021	39772	12	593	0
Nov 17 2021	38295	13	408	0
Nov 18 2021	36933	14	551	0
Nov 19 2021	35402	19	429	0
Nov 20 2021	35402	0	0	0
Nov 21 2021	33565	15	593	0
Nov 22 2021	32016	10	581	0
Nov 23 2021	30692	13	595	0
Nov 24 2021	29136	11	468	0
Nov 25 2021	27740	11	732	0
Nov 26 2021	26354	5	600	0
Nov 27 2021	26354	0	0	0
Nov 28 2021	24410	8	784	0
Nov 29 2021	22674	10	638	0
Nov 30 2021	21194	8	427	0
Dec 01 2021	19514	10	574	0
Dec 02 2021	18024	10	529	0
Dec 03 2021	16384	4	541	0
Dec 04 2021	16384	0	0	0
Dec 05 2021	14375	13	709	0
Dec 06 2021	13155	6	479	0
Dec 07 2021	12061	15	401	0
Dec 08 2021	11127	4	509	0
Dec 09 2021	10436	11	495	0
Dec 10 2021	9733	11	577	0
Dec 11 2021	9733	0	0	0
Dec 12 2021	8772	13	655	0
Dec 13 2021	8194	8	711	0
Dec 14 2021	7596	8	512	0
Dec 15 2021	7157	7	488	0
Dec 16 2021	6945	7	648	0
Dec 17 2021	6580	6	559	0
Dec 18 2021	6580	0	0	0
Dec 19 2021	6377	9	726	0
Dec 20 2021	6167	9	592	0
Dec 21 2021	6084	8	543	0
Dec 22 2021	6025	11	561	0
Dec 23 2021	6034	9	560	0
Dec 24 2021	6138	6	658	0
Dec 25 2021	6138	0	0	0
Dec 26 2021	6241	10	735	0
Dec 27 2021	6433	14	881	0
Dec 28 2021	6535	11	599	0
Dec 29 2021	6727	9	665	0
Dec 30 2021	6740	11	640	0
Dec 31 2021	6746	14	551	0
Jan 01 2022	6746	0	0	0
Jan 02 2022	6960	12	916	0
Jan 03 2022	7027	5	634	0
Jan 04 2022	7149	13	651	0
Jan 05 2022	7302	12	698	0
Jan 06 2022	7398	15	643	0
Jan 07 2022	7354	11	592	0
Jan 08 2022	7354	0	0	0
Jan 09 2022	7243	10	597	0
Jan 10 2022	6916	8	518	0
Jan 11 2022	6825	9	487	0
Jan 12 2022	6784	8	599	0
Jan 13 2022	6785	9	618	0
Jan 14 2022	7021	6	765	0
Jan 15 2022	7021	0	0	0
Jan 16 2022	7005	13	867	0
Jan 17 2022	7127	12	736	0
Jan 18 2022	7384	10	885	0
Jan 19 2022	7883	11	1173	0
Jan 20 2022	8588	15	1331	0
Jan 21 2022	9708	18	1700	0
Jan 22 2022	9708	0	0	0
Jan 23 2022	11408	14	2281	0
Jan 24 2022	13234	15	2333	0
Jan 25 2022	15820	14	3063	0
Jan 26 2022	17479	17	2245	0
Jan 27 2022	20037	12	3157	0
Jan 28 2022	22616	14	3320	0
Jan 29 2022	22616	0	0	0
Jan 30 2022	27472	14	5694	0
Jan 31 2022	31192	10	4429	0
Feb 01 2022	34606	11	4266	0
Feb 02 2022	37856	7	4371	0
Feb 03 2022	40239	9	3656	0
Feb 04 2022	42533	8	3917	0
Feb 05 2022	42533	0	0	0
Feb 06 2022	44593	15	4242	0
Feb 07 2022	45196	13	2832	0
Feb 08 2022	45605	7	3326	0
Feb 09 2022	46735	9	3272	0
Feb 10 2022	47498	11	3773	0
Feb 11 2022	47683	6	3345	0
Feb 12 2022	47683	0	0	0
Feb 13 2022	45910	12	3648	0
Feb 14 2022	44492	10	2800	0
Feb 15 2022	40921	8	2490	0
Feb 16 2022	41640	13	2884	0
Feb 17 2022	40611	13	2457	0
Feb 18 2022	38089	9	1208	0
Feb 19 2022	38089	0	0	0
Feb 20 2022	36338	13	2292	0
Feb 21 2022	35945	10	2307	0
Feb 22 2022	34591	9	1815	0
Feb 23 2022	32844	12	1373	0
Feb 24 2022	30526	10	1276	0
Feb 25 2022	28277	9	938	0
Feb 26 2022	28277	0	0	0
Feb 27 2022	26196	9	1394	0
Feb 28 2022	24423	11	898	0
Mar 01 2022	22718	8	669	0
Mar 02 2022	20828	7	857	0
Mar 03 2022	19292	8	806	0
Mar 04 2022	18641	4	501	0
Mar 05 2022	18641	0	0	0
Mar 06 2022	17132	11	679	0
Mar 07 2022	15426	9	495	0
Mar 08 2022	14082	6	386	0
Mar 09 2022	13064	7	293	0
Mar 10 2022	12180	5	333	0
Mar 11 2022	11653	10	302	0
Mar 12 2022	11653	0	0	0
Mar 13 2022	10554	8	233	0
Mar 14 2022	9999	6	304	0
Mar 15 2022	9552	4	193	0
Mar 16 2022	8860	7	129	0
Mar 17 2022	8224	4	134	0
Mar 18 2022	7849	3	104	0
Mar 19 2022	7849	0	0	0
Mar 20 2022	7349	6	151	0
Mar 21 2022	6996	3	120	0
Mar 22 2022	6700	5	76	0
Mar 23 2022	6500	7	85	0
Mar 24 2022	6264	3	83	0
Mar 25 2022	6013	5	41	0
Mar 26 2022	6013	0	0	0
Mar 27 2022	5860	7	75	0
Mar 28 2022	5631	4	64	0
Mar 29 2022	5496	3	51	0
Mar 30 2022	5418	2	47	0
Mar 31 2022	5337	2	48	0
Apr 01 2022	5267	4	33	0
Apr 02 2022	5267	0	0	0
Apr 03 2022	5267	0	0	0
Apr 04 2022	5267	0	0	0
Apr 05 2022	5267	0	0	0
Apr 06 2022	5267	0	0	0
Apr 07 2022	5330	6	69	0
Apr 08 2022	4646	3	16	0
Apr 09 2022	4568	1	11	0
Apr 10 2022	4568	0	0	0
Apr 11 2022	4568	0	0	0
Apr 12 2022	4568	0	0	0
Apr 13 2022	4568	0	0	0
Apr 14 2022	4568	0	0	0
Apr 15 2022	4568	0	0	0
Apr 16 2022	4533	0	28	0
Apr 17 2022	4533	0	0	0
Apr 18 2022	4533	0	0	0
Apr 19 2022	4533	0	0	0
Apr 20 2022	4533	0	0	0
Apr 21 2022	4533	0	0	0
Apr 22 2022	4533	0	0	0
Apr 23 2022	4501	1	42	0
Apr 24 2022	4501	0	0	0
Apr 25 2022	4501	0	0	0
Apr 26 2022	4501	0	0	0
Apr 27 2022	4501	0	0	0
Apr 28 2022	4501	0	0	0
Apr 29 2022	4501	0	0	0
Apr 30 2022	4501	0	0	0
May 01 2022	4501	0	0	0
May 02 2022	4501	0	0	0
May 03 2022	4501	0	0	0
May 04 2022	4501	0	0	0
May 05 2022	4501	0	0	0
May 06 2022	4501	0	0	0
May 07 2022	4501	0	0	0
May 08 2022	4501	0	0	0
May 09 2022	4501	0	0	0
May 10 2022	4501	0	0	0
May 11 2022	4501	0	0	0
May 12 2022	4501	0	0	0
May 13 2022	4501	0	0	0
May 14 2022	4501	0	0	0
May 15 2022	4501	0	0	0
May 16 2022	4501	0	0	0
May 17 2022	4501	0	0	0
May 18 2022	4501	0	0	0
May 19 2022	4501	0	0	0
May 20 2022	4501	0	0	0
May 21 2022	4501	0	0	0
May 22 2022	4501	0	0	0
May 23 2022	4501	0	0	0
May 24 2022	4501	0	0	0
May 25 2022	4501	0	0	0
May 26 2022	4501	0	0	0
May 27 2022	4501	0	0	0
May 28 2022	4501	0	0	0
May 29 2022	4501	0	0	0
May 30 2022	4613	0	112	0
May 31 2022	4613	0	0	0
Jun 01 2022	4613	0	0	0
Jun 02 2022	4613	0	0	0
Jun 03 2022	4613	0	0	0
Jun 04 2022	4613	0	0	0
Jun 05 2022	4637	0	24	0
Jun 06 2022	4637	0	0	0
Jun 07 2022	4637	0	0	0
Jun 08 2022	4637	0	0	0
Jun 09 2022	4637	0	0	0
Jun 10 2022	4637	0	0	0
Jun 11 2022	4637	0	0	0
Jun 12 2022	4637	0	0	0
Jun 13 2022	4637	0	0	0
Jun 14 2022	4637	0	0	0
Jun 15 2022	4673	0	36	0
Jun 16 2022	4673	0	0	0
Jun 17 2022	4673	0	0	0
Jun 18 2022	4673	0	0	0
Jun 19 2022	4673	0	0	0
Jun 20 2022	4707	0	34	0
Jun 21 2022	4707	0	0	0
Jun 22 2022	4707	0	0	0
Jun 23 2022	4707	0	0	0
Jun 24 2022	4707	0	0	0
Jun 25 2022	4707	0	0	0
Jun 26 2022	4707	0	0	0
Jun 27 2022	4707	0	0	0
Jun 28 2022	4735	0	28	0
Jun 29 2022	4735	0	0	0
Jun 30 2022	4735	0	0	0
Jul 01 2022	4735	0	0	0
Jul 02 2022	4735	0	0	0
Jul 03 2022	4735	0	0	0
Jul 04 2022	4735	0	0	0
Jul 05 2022	4786	0	51	0
Jul 06 2022	4786	0	0	0
Jul 07 2022	4786	0	0	0
Jul 08 2022	4786	0	0	0
Jul 09 2022	4786	0	0	0
Jul 10 2022	4786	0	0	0
Jul 11 2022	4786	0	0	0
Jul 12 2022	4886	0	100	0
Jul 13 2022	4886	0	0	0
Jul 14 2022	4886	0	0	0
Jul 15 2022	4886	0	0	0
Jul 16 2022	4886	0	0	0
Jul 17 2022	4886	0	0	0
Jul 18 2022	5238	1	353	0
Jul 19 2022	5238	0	0	0
Jul 20 2022	5238	0	0	0
Jul 21 2022	5238	0	0	0
Jul 22 2022	5238	0	0	0
Jul 23 2022	5238	0	0	0
Jul 24 2022	5238	0	0	0
Jul 25 2022	6207	0	969	0
Jul 26 2022	6207	0	0	0
Jul 27 2022	6207	0	0	0
Jul 28 2022	6207	0	0	0
Jul 29 2022	6207	0	0	0
Jul 30 2022	6207	0	0	0
Jul 31 2022	6207	0	0	0
Aug 01 2022	6207	0	0	0
Aug 02 2022	7593	0	1386	0
Aug 03 2022	7815	1	223	0
Aug 04 2022	7944	1	130	0
Aug 05 2022	7944	0	0	0
Aug 06 2022	7944	0	0	0
Aug 07 2022	7944	0	0	0
Aug 08 2022	8299	0	355	0
Aug 09 2022	8399	0	100	0
Aug 10 2022	8453	0	54	0
Aug 11 2022	8549	1	97	0
Aug 12 2022	1281	0	146	0
Aug 13 2022	1184	0	76	0
Aug 14 2022	1037	1	77	0
Aug 15 2022	966	0	59	0
Aug 16 2022	832	0	45	0
Aug 17 2022	831	1	82	0
Aug 18 2022	771	0	34	0
Aug 19 2022	711	0	40	0
Aug 20 2022	711	0	0	0
Aug 21 2022	634	0	23	0
Aug 22 2022	644	0	64	0
Aug 23 2022	599	0	52	0
Aug 24 2022	488	0	35	0
Aug 25 2022	428	0	16	0
Aug 26 2022	392	0	41	0
Aug 27 2022	392	0	0	0
Aug 28 2022	338	0	5	0
Aug 29 2022	309	1	17	0
Aug 30 2022	234	0	7	0
Aug 31 2022	215	0	15	0
Sep 01 2022	207	0	32	0
Sep 02 2022	191	0	16	0
Sep 03 2022	191	0	0	0
Sep 04 2022	138	0	11	0
Sep 05 2022	97	0	11	0
Sep 06 2022	66	0	4	0
Sep 07 2022	64	0	14	0
Sep 08 2022	26	0	3	0
Sep 09 2022	29	0	8	0
Sep 10 2022	29	0	0	0
Sep 11 2022	12	0	0	0
Sep 12 2022	14	0	9	0
Sep 13 2022	10	0	11	0
Sep 14 2022	10	0	0	0
Sep 15 2022	16	0	9	0
Sep 16 2022	17	0	4	0
Sep 17 2022	17	0	0	0
Sep 18 2022	19	0	4	0
Sep 19 2022	21	0	6	0
Sep 20 2022	28	0	9	0
Sep 21 2022	30	0	6	0
Sep 22 2022	27	0	2	0
Sep 23 2022	30	0	5	0
Sep 24 2022	30	0	0	0
Sep 25 2022	28	0	1	0
Sep 26 2022	50	0	31	0
Sep 27 2022	48	0	2	0
Sep 28 2022	49	0	3	0
Sep 29 2022	47	0	0	0
Sep 30 2022	47	0	3	0
Oct 01 2022	47	0	0	0
Oct 02 2022	55	0	10	0
Oct 03 2022	51	0	1	0
Oct 04 2022	52	0	3	0
Oct 05 2022	52	0	1	0
Oct 06 2022	51	0	1	0
Oct 07 2022	48	0	0	0
Oct 08 2022	48	0	0	0
Oct 09 2022	45	0	0	0
Oct 10 2022	45	0	0	0
Oct 11 2022	45	0	0	0
Oct 12 2022	47	0	2	0
Oct 13 2022	47	0	0	0
Oct 14 2022	47	0	0	0
Oct 15 2022	47	0	0	0
Oct 16 2022	47	0	0	0
Oct 17 2022	40	0	12	0
Oct 18 2022	40	0	0	0
Oct 19 2022	40	0	0	0
Oct 20 2022	40	0	0	0
Oct 21 2022	40	0	0	0
Oct 22 2022	40	0	0	0
Oct 23 2022	40	0	0	0
Oct 24 2022	42	0	10	0
Oct 25 2022	42	0	0	0
Oct 26 2022	42	0	0	0
Oct 27 2022	42	0	0	0
Oct 28 2022	42	0	0	0
Oct 29 2022	42	0	0	0
Oct 30 2022	42	0	0	0
Oct 31 2022	43	0	17	0
Nov 01 2022	43	0	0	0
Nov 02 2022	43	0	0	0
Nov 03 2022	43	0	0	0
Nov 04 2022	43	0	0	0
Nov 05 2022	43	0	0	0
Nov 06 2022	43	0	0	0
Nov 07 2022	43	0	9	0
Nov 08 2022	43	0	0	0
Nov 09 2022	43	0	0	0
Nov 10 2022	43	0	0	0
Nov 11 2022	43	0	0	0
Nov 12 2022	43	0	0	0
Nov 13 2022	43	0	0	0
Nov 14 2022	43	0	0	0
Nov 15 2022	39	0	10	0
Nov 16 2022	39	0	0	0
Nov 17 2022	39	0	0	0
Nov 18 2022	39	0	0	0
Nov 19 2022	39	0	0	0
Nov 20 2022	39	0	0	0
Nov 21 2022	43	0	8	0
Nov 22 2022	43	0	0	0
Nov 23 2022	43	0	0	0
Nov 24 2022	43	0	0	0
Nov 25 2022	43	0	0	0
Nov 26 2022	43	0	0	0
Nov 27 2022	43	0	0	0
Nov 28 2022	43	0	6	0
Nov 29 2022	43	0	0	0
Nov 30 2022	43	0	0	0
Dec 01 2022	43	0	0	0
Dec 02 2022	43	0	0	0
Dec 03 2022	43	0	0	0
Dec 04 2022	43	0	0	0
Dec 05 2022	53	0	16	0
Dec 06 2022	53	0	0	0
Dec 07 2022	53	0	0	0
Dec 08 2022	53	0	0	0
Dec 09 2022	53	0	0	0
Dec 10 2022	53	0	0	0
Dec 11 2022	53	0	0	0
Dec 12 2022	53	0	0	0
Dec 13 2022	35	0	12	0
Dec 14 2022	35	0	0	0
Dec 15 2022	35	0	0	0
Dec 16 2022	35	0	0	0
Dec 17 2022	35	0	0	0
Dec 18 2022	35	0	0	0
Dec 19 2022	29	0	9	0
Dec 20 2022	29	0	0	0
Dec 21 2022	29	0	0	0
Dec 22 2022	29	0	0	0
Dec 23 2022	29	0	0	0
Dec 24 2022	29	0	0	0
Dec 25 2022	29	0	0	0
Dec 26 2022	44	0	21	0
Dec 27 2022	44	0	0	0
Dec 28 2022	44	0	0	0
Dec 29 2022	44	0	0	0
Dec 30 2022	44	0	0	0
Dec 31 2022	44	0	0	0
Jan 01 2023	44	0	0	0
Jan 02 2023	41	0	11	0
Jan 03 2023	41	0	0	0
Jan 04 2023	41	0	0	0
Jan 05 2023	41	0	0	0
Jan 06 2023	41	0	0	0
Jan 07 2023	41	0	0	0
Jan 08 2023	41	0	0	0
Jan 09 2023	41	0	0	0
Jan 10 2023	41	0	0	0
Jan 11 2023	20	0	1	0
Jan 12 2023	20	0	0	0
Jan 13 2023	20	0	0	0
Jan 14 2023	20	0	0	0
Jan 15 2023	20	0	0	0
Jan 16 2023	4	0	4	0
Jan 17 2023	4	0	0	0
Jan 18 2023	4	0	0	0
Jan 19 2023	4	0	0	0
Jan 20 2023	4	0	0	0
Jan 21 2023	4	0	0	0
Jan 22 2023	4	0	0	0
Jan 23 2023	4	0	0	0
Jan 24 2023	5	0	1	0
Jan 25 2023	5	0	0	0
Jan 26 2023	5	0	0	0
Jan 27 2023	5	0	0	0
Jan 28 2023	5	0	0	0
Jan 29 2023	5	0	0	0
Jan 30 2023	4	0	3	0
Jan 31 2023	4	0	0	0
Feb 01 2023	4	0	0	0
Feb 02 2023	4	0	0	0
Feb 03 2023	4	0	0	0
Feb 04 2023	4	0	0	0
Feb 05 2023	4	0	0	0
Feb 06 2023	4	0	4	0
Feb 07 2023	4	0	0	0
Feb 08 2023	4	0	0	0
Feb 09 2023	4	0	0	0
Feb 10 2023	4	0	0	0
Feb 11 2023	4	0	0	0
Feb 12 2023	4	0	0	0
Feb 13 2023	4	0	4	0
Feb 14 2023	4	0	0	0
Feb 15 2023	4	0	0	0
Feb 16 2023	4	0	0	0
Feb 17 2023	4	0	0	0
Feb 18 2023	4	0	0	0
Feb 19 2023	4	0	0	0
Feb 20 2023	1	0	1	0
Feb 21 2023	1	0	0	0
Feb 22 2023	1	0	0	0
Feb 23 2023	1	0	0	0
Feb 24 2023	1	0	0	0
Feb 25 2023	1	0	0	0
Feb 26 2023	1	0	0	0
Feb 27 2023	3	0	3	0
Feb 28 2023	3	0	0	0
Mar 01 2023	3	0	0	0
Mar 02 2023	3	0	0	0
Mar 03 2023	3	0	0	0
Mar 04 2023	3	0	0	0
Mar 05 2023	3	0	0	0
Mar 06 2023	13	0	13	0
Mar 07 2023	13	0	0	0
Mar 08 2023	13	0	0	0
Mar 09 2023	13	0	0	0
Mar 10 2023	13	0	0	0
Mar 11 2023	13	0	0	0
Mar 12 2023	13	0	0	0
Mar 13 2023	14	0	14	0
Mar 14 2023	14	0	0	0
Mar 15 2023	14	0	0	0
Mar 16 2023	14	0	0	0
Mar 17 2023	14	0	0	0
Mar 18 2023	14	0	0	0
Mar 19 2023	14	0	0	0
Mar 20 2023	5	0	5	0
Mar 21 2023	5	0	0	0
Mar 22 2023	5	0	0	0
Mar 23 2023	5	0	0	0
Mar 24 2023	5	0	0	0
Mar 25 2023	5	0	0	0
Mar 26 2023	5	0	0	0
Mar 27 2023	5	0	0	0
Mar 28 2023	5	0	0	0
Mar 29 2023	5	0	0	0
Mar 30 2023	5	0	0	0
Mar 31 2023	5	0	0	0
Apr 01 2023	5	0	0	0
Apr 02 2023	5	0	0	0
Apr 03 2023	5	0	0	0
Apr 04 2023	5	0	0	0
Apr 05 2023	23	0	23	0
Apr 06 2023	23	0	0	0
Apr 07 2023	23	0	0	0
Apr 08 2023	23	0	0	0
Apr 09 2023	23	0	0	0
Apr 10 2023	23	0	0	0
Apr 11 2023	23	0	0	0
Apr 12 2023	15	0	15	0
Apr 13 2023	15	0	0	0
Apr 14 2023	15	0	0	0
Apr 15 2023	15	0	0	0
Apr 16 2023	15	0	0	0
Apr 17 2023	15	0	0	0
Apr 18 2023	6	0	6	0
Apr 19 2023	6	0	0	0
Apr 20 2023	6	0	0	0
Apr 21 2023	6	0	0	0
Apr 22 2023	6	0	0	0
Apr 23 2023	6	0	0	0
Apr 24 2023	6	0	0	0
Apr 25 2023	6	0	0	0
Apr 26 2023	6	0	0	0
Apr 27 2023	6	0	0	0
Apr 28 2023	6	0	0	0
Apr 29 2023	6	0	0	0
Apr 30 2023	6	0	0	0
May 01 2023	6	0	0	0
May 02 2023	2	0	2	0
May 03 2023	2	0	0	0
May 04 2023	2	0	0	0
May 05 2023	2	0	0	0
May 06 2023	2	0	0	0
May 07 2023	2	0	0	0
May 08 2023	2	0	0	0
May 09 2023	2	0	0	0
May 10 2023	1	0	1	0
May 11 2023	1	0	0	0
May 12 2023	1	0	0	0
May 13 2023	1	0	0	0
May 14 2023	1	0	0	0
May 15 2023	2	0	2	0
May 16 2023	2	0	0	0
May 17 2023	2	0	0	0
May 18 2023	2	0	0	0
May 19 2023	2	0	0	0
May 20 2023	2	0	0	0
May 21 2023	2	0	0	0
May 22 2023	7	0	7	0
May 23 2023	7	0	0	0
May 24 2023	7	0	0	0
May 25 2023	7	0	0	0
May 26 2023	7	0	0	0
May 27 2023	7	0	0	0
May 28 2023	7	0	0	0
May 29 2023	7	0	0	0
May 30 2023	1	0	1	0
May 31 2023	1	0	0	0
Jun 01 2023	1	0	0	0
Jun 02 2023	1	0	0	0
Jun 03 2023	1	0	0	0
Jun 04 2023	1	0	0	0
Jun 05 2023	1	0	1	0
Jun 06 2023	1	0	0	0
Jun 07 2023	1	0	0	0
Jun 08 2023	1	0	0	0
Jun 09 2023	1	0	0	0
Jun 10 2023	1	0	0	0
Jun 11 2023	1	0	0	0
Jun 12 2023	1	0	0	0
Jun 13 2023	1	0	0	0
Jun 14 2023	1	0	0	0
Jun 15 2023	1	0	0	0
Jun 16 2023	1	0	0	0
Jun 17 2023	1	0	0	0
Jun 18 2023	1	0	0	0
Jun 19 2023	2	0	2	0
Jun 20 2023	2	0	0	0
Jun 21 2023	2	0	0	0
Jun 22 2023	2	0	0	0
Jun 23 2023	2	0	0	0
Jun 24 2023	2	0	0	0
Jun 25 2023	2	0	0	0
Jun 26 2023	2	0	0	0
Jun 27 2023	2	0	0	0
Jun 28 2023	2	0	0	0
Jun 29 2023	2	0	0	0
Jun 30 2023	2	0	0	0
Jul 01 2023	2	0	0	0
Jul 02 2023	2	0	0	0
Jul 03 2023	2	0	0	0
Jul 04 2023	0	0	0	0
Jul 05 2023	0	0	0	0
Jul 06 2023	0	0	0	0
Jul 07 2023	0	0	0	0
Jul 08 2023	0	0	0	0
Jul 09 2023	0	0	0	0
Jul 10 2023	0	0	0	0
Jul 11 2023	0	0	0	0
Jul 12 2023	0	0	0	0
Jul 13 2023	0	0	0	0
Jul 14 2023	0	0	0	0
Jul 15 2023	0	0	0	0
Jul 16 2023	0	0	0	0
Jul 17 2023	0	0	0	0
Jul 18 2023	0	0	0	0
Jul 19 2023	0	0	0	0
Jul 20 2023	0	0	0	0
Jul 21 2023	0	0	0	0
Jul 22 2023	0	0	0	0
Jul 23 2023	0	0	0	0
Jul 24 2023	0	0	0	0
Jul 25 2023	0	0	0	0
Jul 26 2023	0	0	0	0
Jul 27 2023	0	0	0	0
Jul 28 2023	0	0	0	0
Jul 29 2023	0	0	0	0
Jul 30 2023	0	0	0	0
Jul 31 2023	0	0	0	0
Aug 01 2023	0	0	0	0
Aug 02 2023	0	0	0	0
Aug 03 2023	0	0	0	0
Aug 04 2023	0	0	0	0
Aug 05 2023	0	0	0	0
Aug 06 2023	0	0	0	0
Aug 07 2023	0	0	0	0
Aug 08 2023	0	0	0	0
Aug 09 2023	0	0	0	0
Aug 10 2023	0	0	0	0
Aug 11 2023	0	0	0	0
Aug 12 2023	0	0	0	0
Aug 13 2023	0	0	0	0
Aug 14 2023	0	0	0	0
Aug 15 2023	0	0	0	0
Aug 16 2023	0	0	0	0
Aug 17 2023	0	0	0	0
Aug 18 2023	0	0	0	0
Aug 19 2023	0	0	0	0
Aug 20 2023	0	0	0	0
Aug 21 2023	0	0	0	0
Aug 22 2023	0	0	0	0
Aug 23 2023	0	0	0	0
Aug 24 2023	0	0	0	0
Aug 25 2023	2	0	2	0
Aug 26 2023	2	0	0	0
Aug 27 2023	2	0	0	0
Aug 28 2023	2	0	0	0
Aug 29 2023	2	0	0	0
Aug 30 2023	1	0	1	0
Aug 31 2023	1	0	0	0
Sep 01 2023	1	0	0	0
Sep 02 2023	1	0	0	0
Sep 03 2023	1	0	0	0
Sep 04 2023	1	0	0	0
Sep 05 2023	1	0	0	0
Sep 06 2023	1	0	0	0
Sep 07 2023	1	0	0	0
Sep 08 2023	1	0	0	0
Sep 09 2023	1	0	0	0
Sep 10 2023	1	0	0	0
Sep 11 2023	1	0	0	0
Sep 12 2023	1	0	0	0
Sep 13 2023	1	0	0	0
Sep 14 2023	1	0	0	0
Sep 15 2023	1	0	0	0
Sep 16 2023	0	0	1	0
Sep 17 2023	0	0	0	0
Sep 18 2023	0	0	0	0
Sep 19 2023	0	0	0	0
Sep 20 2023	0	0	0	0
Sep 21 2023	0	0	0	0
Sep 22 2023	0	0	0	0
Sep 23 2023	0	0	0	0
Sep 24 2023	0	0	0	0
Sep 25 2023	0	0	0	0
Sep 26 2023	0	0	0	0
Sep 27 2023	0	0	0	0
Sep 28 2023	0	0	0	0
Sep 29 2023	0	0	0	0
Sep 30 2023	0	0	0	0
Oct 01 2023	0	0	0	0
Oct 02 2023	0	0	0	0
Oct 03 2023	0	0	0	0
Oct 04 2023	0	0	0	0
Oct 05 2023	0	0	0	0
Oct 06 2023	0	0	0	0
Oct 07 2023	0	0	0	0
Oct 08 2023	0	0	0	0
Oct 09 2023	0	0	0	0
Oct 10 2023	2	0	4	0
Oct 11 2023	2	0	0	0
Oct 12 2023	2	0	0	0
Oct 13 2023	2	0	0	0
Oct 14 2023	2	0	0	0
Oct 15 2023	2	0	0	0
Oct 16 2023	2	0	0	0
Oct 17 2023	2	0	0	0
Oct 18 2023	2	0	0	0
Oct 19 2023	2	0	0	0
Oct 20 2023	2	0	0	0
Oct 21 2023	2	0	0	0
Oct 22 2023	2	0	0	0
Oct 23 2023	2	0	0	0
Oct 24 2023	2	0	0	0
Oct 25 2023	2	0	0	0
Oct 26 2023	2	0	0	0
Oct 27 2023	2	0	0	0
Oct 28 2023	2	0	0	0
Oct 29 2023	2	0	0	0
Oct 30 2023	2	0	0	0
Oct 31 2023	2	0	0	0
Nov 01 2023	2	0	0	0
Nov 02 2023	2	0	0	0
Nov 03 2023	2	0	0	0
Nov 04 2023	2	0	0	0
Nov 05 2023	2	0	0	0
Nov 06 2023	2	0	0	0
Nov 07 2023	2	0	0	0
Nov 08 2023	2	0	0	0
Nov 09 2023	2	0	0	0
Nov 10 2023	2	0	0	0
Nov 11 2023	2	0	0	0
Nov 12 2023	2	0	0	0
Nov 13 2023	2	0	0	0
Nov 14 2023	2	0	0	0
Nov 15 2023	2	0	0	0
Nov 16 2023	2	0	0	0
Nov 17 2023	2	0	0	0
Nov 18 2023	2	0	0	0
Nov 19 2023	2	0	0	0
Nov 20 2023	2	0	0	0
Nov 21 2023	2	0	0	0
Nov 22 2023	2	0	0	0
Nov 23 2023	2	0	0	0
Nov 24 2023	2	0	0	0
Nov 25 2023	2	0	0	0
Nov 26 2023	2	0	0	0
Nov 27 2023	2	0	0	0
Nov 28 2023	2	0	0	0
Nov 29 2023	2	0	0	0
Nov 30 2023	2	0	0	0
Dec 01 2023	2	0	0	0
Dec 02 2023	2	0	0	0
Dec 03 2023	2	0	0	0
Dec 04 2023	2	0	0	0
Dec 05 2023	2	0	0	0
Dec 06 2023	2	0	0	0
Dec 07 2023	2	0	0	0
Dec 08 2023	2	0	0	0
Dec 09 2023	2	0	0	0
Dec 10 2023	2	0	0	0
Dec 11 2023	2	0	0	0
Dec 12 2023	2	0	0	0
Dec 13 2023	2	0	0	0
Dec 14 2023	2	0	0	0
Dec 15 2023	2	0	0	0
Dec 16 2023	2	0	0	0
Dec 17 2023	2	0	0	0
Dec 18 2023	2	0	0	0
Dec 19 2023	2	0	0	0
Dec 20 2023	2	0	0	0
Dec 21 2023	2	0	0	0
Dec 22 2023	2	0	0	0
Dec 23 2023	2	0	0	0
Dec 24 2023	2	0	0	0
Dec 25 2023	2	0	0	0
Dec 26 2023	2	0	0	0
Dec 27 2023	2	0	0	0
Dec 28 2023	2	0	0	0
Dec 29 2023	2	0	0	0
Dec 30 2023	2	0	0	0
Dec 31 2023	2	0	0	0
Jan 01 2024	2	0	0	0
Jan 02 2024	2	0	0	0
Jan 03 2024	2	0	0	0
Jan 04 2024	2	0	0	0
Jan 05 2024	2	0	0	0
Jan 06 2024	2	0	0	0
Jan 07 2024	2	0	0	0
Jan 08 2024	2	0	0	0
Jan 09 2024	2	0	0	0
Jan 10 2024	2	0	0	0
Jan 11 2024	2	0	0	0
Jan 12 2024	2	0	0	0
Jan 13 2024	2	0	0	0
Jan 14 2024	2	0	0	0
Jan 15 2024	2	0	0	0
Jan 16 2024	2	0	0	0
Jan 17 2024	2	0	0	0
Jan 18 2024	2	0	0	0
Jan 19 2024	2	0	0	0
Jan 20 2024	2	0	0	0
Jan 21 2024	2	0	0	0
Jan 22 2024	2	0	0	0
Jan 23 2024	2	0	0	0
Jan 24 2024	2	0	0	0
Jan 25 2024	2	0	0	0
Jan 26 2024	2	0	0	0
Jan 27 2024	2	0	0	0
Jan 28 2024	2	0	0	0
Jan 29 2024	2	0	0	0
Jan 30 2024	2	0	0	0
Jan 31 2024	2	0	0	0
Feb 01 2024	2	0	0	0
Feb 02 2024	2	0	0	0
Feb 03 2024	2	0	0	0
Feb 04 2024	2	0	0	0
Feb 05 2024	2	0	0	0
Feb 06 2024	2	0	0	0
Feb 07 2024	2	0	0	0
Feb 08 2024	2	0	0	0
Feb 09 2024	2	0	0	0
Feb 10 2024	2	0	0	0
Feb 11 2024	2	0	0	0
Feb 12 2024	2	0	0	0
Feb 13 2024	2	0	0	0
Feb 14 2024	2	0	0	0
Feb 15 2024	2	0	0	0
Feb 16 2024	2	0	0	0
Feb 17 2024	2	0	0	0
Feb 18 2024	2	0	0	0
Feb 19 2024	2	0	0	0
Feb 20 2024	2	0	0	0
Feb 21 2024	2	0	0	0
Feb 22 2024	2	0	0	0
Feb 23 2024	2	0	0	0
Feb 24 2024	2	0	0	0
Feb 25 2024	2	0	0	0
Feb 26 2024	2	0	0	0
Feb 27 2024	2	0	0	0
Feb 28 2024	2	0	0	0
Feb 29 2024	2	0	0	0
Mar 01 2024	2	0	0	0
Mar 02 2024	2	0	0	0
Mar 03 2024	2	0	0	0
Mar 04 2024	2	0	0	0
Mar 05 2024	2	0	0	0
Mar 06 2024	2	0	0	0
Mar 07 2024	2	0	0	0
Mar 08 2024	2	0	0	0
Mar 09 2024	2	0	0	0
Mar 10 2024	2	0	0	0
Mar 11 2024	2	0	0	0
Mar 12 2024	2	0	0	0
Mar 13 2024	2	0	0	0
Mar 14 2024	2	0	0	0
Mar 15 2024	2	0	0	0
Mar 16 2024	2	0	0	0
Mar 17 2024	2	0	0	0
Mar 18 2024	2	0	0	0
Mar 19 2024	2	0	0	0
Mar 20 2024	2	0	0	0
Mar 21 2024	2	0	0	0
Mar 22 2024	2	0	0	0
Mar 23 2024	2	0	0	0
Mar 24 2024	2	0	0	0
Mar 25 2024	2	0	0	0
Mar 26 2024	2	0	0	0
Mar 27 2024	2	0	0	0
