Date	Active Cases	Daily Death	New cases	Recoverd Cases
Feb 15 2020	0	0	0	0
Feb 16 2020	0	0	0	0
Feb 17 2020	0	0	0	0
Feb 18 2020	0	0	0	0
Feb 19 2020	0	0	0	0
Feb 20 2020	0	0	0	0
Feb 21 2020	0	0	0	0
Feb 22 2020	0	0	0	0
Feb 23 2020	0	0	0	0
Feb 24 2020	0	0	0	0
Feb 25 2020	0	0	0	0
Feb 26 2020	0	0	0	0
Feb 27 2020	0	0	0	0
Feb 28 2020	0	0	0	0
Feb 29 2020	0	0	0	0
Mar 01 2020	0	0	0	0
Mar 02 2020	0	0	0	0
Mar 03 2020	0	0	0	0
Mar 04 2020	1	0	0	0
Mar 05 2020	1	0	0	0
Mar 06 2020	5	0	4	0
Mar 07 2020	6	0	1	0
Mar 08 2020	11	0	5	0
Mar 09 2020	17	0	6	0
Mar 10 2020	22	0	5	0
Mar 11 2020	31	0	9	0
Mar 12 2020	50	0	20	0
Mar 13 2020	66	1	17	0
Mar 14 2020	100	1	36	1
Mar 15 2020	121	0	21	0
Mar 16 2020	172	1	52	0
Mar 17 2020	232	1	61	0
Mar 18 2020	281	0	49	0
Mar 19 2020	349	0	68	0
Mar 20 2020	419	0	70	0
Mar 21 2020	530	0	111	0
Mar 22 2020	626	2	98	0
Mar 23 2020	740	1	115	0
Mar 24 2020	890	2	152	0
Mar 25 2020	1030	4	150	6
Mar 26 2020	1198	2	170	0
Mar 27 2020	1366	0	168	0
Mar 28 2020	1613	2	249	0
Mar 29 2020	1833	4	224	0
Mar 30 2020	2017	9	193	0
Mar 31 2020	2271	2	256	0
Apr 01 2020	2455	10	243	49
Apr 02 2020	2833	14	392	0
Apr 03 2020	3256	14	437	0
Apr 04 2020	3432	8	244	60
Apr 05 2020	3874	15	475	18
Apr 06 2020	4144	13	311	28
Apr 07 2020	4528	22	435	29
Apr 08 2020	4824	30	357	31
Apr 09 2020	5117	15	370	62
Apr 10 2020	5456	7	380	34
Apr 11 2020	5773	27	401	57
Apr 12 2020	6003	24	318	64
Apr 13 2020	6202	13	260	48
Apr 14 2020	6321	18	268	131
Apr 15 2020	6628	23	380	50
Apr 16 2020	6830	28	336	106
Apr 17 2020	7181	18	461	92
Apr 18 2020	7414	15	363	115
Apr 19 2020	7887	13	545	59
Apr 20 2020	8080	20	306	93
Apr 21 2020	8158	21	263	164
Apr 22 2020	8230	25	313	216
Apr 23 2020	8317	28	342	227
Apr 24 2020	8454	40	381	204
Apr 25 2020	8623	30	381	182
Apr 26 2020	8817	11	344	139
Apr 27 2020	8874	27	285	201
Apr 28 2020	8967	34	316	189
Apr 29 2020	8991	28	422	370
Apr 30 2020	8997	20	237	211
May 01 2020	8963	7	228	255
May 02 2020	8949	13	270	271
May 03 2020	9070	14	318	183
May 04 2020	9213	20	313	150
May 05 2020	9435	18	425	185
May 06 2020	9352	17	309	375
May 07 2020	9430	22	307	207
May 08 2020	9406	21	319	322
May 09 2020	9429	9	285	253
May 10 2020	9498	15	345	261
May 11 2020	9699	11	330	118
May 12 2020	9951	28	595	315
May 13 2020	9933	22	283	279
May 14 2020	10036	22	411	286
May 15 2020	10191	24	401	222
May 16 2020	10167	8	241	257
May 17 2020	10153	10	272	276
May 18 2020	10321	11	356	177
May 19 2020	10417	12	383	275
May 20 2020	10594	14	471	280
May 21 2020	10719	10	404	269
May 22 2020	10906	10	476	279
May 23 2020	10961	11	312	246
May 24 2020	11136	3	395	217
May 25 2020	11348	11	305	82
May 26 2020	11030	17	443	744
May 27 2020	11115	4	399	310
May 28 2020	11227	10	352	230
May 29 2020	11412	13	330	132
May 30 2020	11494	10	416	324
May 31 2020	11451	3	215	255
Jun 01 2020	11642	10	379	178
Jun 02 2020	11577	18	230	277
Jun 03 2020	11558	23	292	288
Jun 04 2020	11704	2	361	213
Jun 05 2020	11863	20	362	183
Jun 06 2020	12192	16	576	231
Jun 07 2020	12549	4	575	214
Jun 08 2020	12996	9	599	143
Jun 09 2020	13181	17	400	198
Jun 10 2020	13225	23	282	215
Jun 11 2020	13290	9	359	285
Jun 12 2020	13550	7	376	109
Jun 13 2020	13676	15	440	299
Jun 14 2020	13919	10	375	122
Jun 15 2020	14149	9	396	157
Jun 16 2020	14269	16	407	271
Jun 17 2020	14494	14	506	267
Jun 18 2020	14382	30	314	396
Jun 19 2020	14284	18	301	381
Jun 20 2020	14093	12	304	483
Jun 21 2020	13892	10	311	502
Jun 22 2020	13792	3	296	393
Jun 23 2020	13579	16	300	497
Jun 24 2020	13291	21	294	561
Jun 25 2020	13053	16	298	520
Jun 26 2020	12748	17	276	564
Jun 27 2020	12307	6	319	754
Jun 28 2020	11921	3	193	576
Jun 29 2020	11813	6	247	349
Jun 30 2020	11649	19	239	384
Jul 01 2020	11507	14	382	510
Jul 02 2020	11445	15	371	418
Jul 03 2020	11247	15	259	442
Jul 04 2020	11080	5	314	476
Jul 05 2020	10687	5	231	619
Jul 06 2020	10668	4	205	220
Jul 07 2020	10646	7	257	272
Jul 08 2020	10269	14	277	640
Jul 09 2020	9923	9	262	599
Jul 10 2020	9606	11	265	571
Jul 11 2020	9318	6	305	587
Jul 12 2020	9172	3	370	513
Jul 13 2020	9099	5	299	367
Jul 14 2020	9113	12	267	241
Jul 15 2020	8635	6	264	736
Jul 16 2020	8521	11	333	436
Jul 17 2020	8290	7	353	577
Jul 18 2020	8204	6	339	419
Jul 19 2020	8188	6	358	368
Jul 20 2020	8217	3	279	247
Jul 21 2020	8375	9	399	232
Jul 22 2020	8381	6	380	368
Jul 23 2020	8388	9	418	402
Jul 24 2020	8386	4	458	456
Jul 25 2020	8539	9	584	422
Jul 26 2020	8641	7	443	334
Jul 27 2020	8870	5	337	103
Jul 28 2020	9179	6	502	187
Jul 29 2020	9532	12	512	147
Jul 30 2020	9679	15	615	453
Jul 31 2020	9985	7	657	344
Aug 01 2020	10251	5	658	387
Aug 02 2020	10454	10	548	335
Aug 03 2020	10856	1	575	172
Aug 04 2020	11355	6	680	175
Aug 05 2020	11712	18	640	265
Aug 06 2020	12099	18	726	321
Aug 07 2020	12496	13	809	399
Aug 08 2020	12964	13	843	362
Aug 09 2020	13293	7	624	288
Aug 10 2020	13724	2	619	186
Aug 11 2020	13990	12	551	273
Aug 12 2020	14235	9	715	461
Aug 13 2020	14682	14	811	350
Aug 14 2020	15099	14	832	401
Aug 15 2020	15368	11	771	491
Aug 16 2020	15677	8	594	277
Aug 17 2020	16035	8	595	229
Aug 18 2020	16337	11	597	284
Aug 19 2020	16599	17	735	456
Aug 20 2020	16972	12	767	382
Aug 21 2020	17314	13	903	548
Aug 22 2020	17569	13	900	632
Aug 23 2020	17624	4	581	522
Aug 24 2020	17902	5	548	265
Aug 25 2020	18312	17	763	336
Aug 26 2020	18409	17	729	615
Aug 27 2020	18582	16	887	698
Aug 28 2020	18677	8	791	688
Aug 29 2020	18671	14	759	751
Aug 30 2020	18645	1	631	656
Aug 31 2020	18695	6	502	446
Sep 01 2020	18834	19	550	392
Sep 02 2020	18574	20	595	835
Sep 03 2020	18444	14	612	728
Sep 04 2020	17900	8	691	1227
Sep 05 2020	15928	13	567	2526
Sep 06 2020	14448	7	437	1910
Sep 07 2020	13889	4	302	857
Sep 08 2020	13480	12	400	797
Sep 09 2020	12665	11	421	1225
Sep 10 2020	12225	12	506	934
Sep 11 2020	12030	10	594	779
Sep 12 2020	11743	13	603	877
Sep 13 2020	11305	6	502	934
Sep 14 2020	11229	15	377	438
Sep 15 2020	11359	24	605	451
Sep 16 2020	11387	10	600	562
Sep 17 2020	11593	16	837	615
Sep 18 2020	11746	17	757	587
Sep 19 2020	12187	12	1002	549
Sep 20 2020	12645	11	910	441
Sep 21 2020	13086	5	748	302
Sep 22 2020	13411	18	711	368
Sep 23 2020	13768	28	974	589
Sep 24 2020	14282	25	1136	597
Sep 25 2020	15264	23	1587	582
Sep 26 2020	16230	32	1584	586
Sep 27 2020	16994	8	1350	578
Sep 28 2020	17769	15	1306	516
Sep 29 2020	18524	36	1326	535
Sep 30 2020	19306	30	1552	740
Oct 01 2020	20537	30	1967	706
Oct 02 2020	21850	27	2292	952
Oct 03 2020	23327	34	2367	856
Oct 04 2020	24441	26	1934	794
Oct 05 2020	25869	29	2006	549
Oct 06 2020	27441	58	2236	606
Oct 07 2020	29182	74	3003	1188
Oct 08 2020	32242	76	4280	1144
Oct 09 2020	35544	52	4739	1385
Oct 10 2020	39684	53	5300	1107
Oct 11 2020	42510	32	4178	1320
Oct 12 2020	45971	34	4394	899
Oct 13 2020	50173	63	5068	803
Oct 14 2020	54740	116	6526	1843
Oct 15 2020	61007	91	8099	1741
Oct 16 2020	66395	132	7705	2185
Oct 17 2020	73544	84	9622	2389
Oct 18 2020	79542	49	8536	2489
Oct 19 2020	85620	41	7482	1363
Oct 20 2020	92862	107	9291	1942
Oct 21 2020	99844	130	10040	2928
Oct 22 2020	108463	168	12107	3320
Oct 23 2020	119054	153	13632	2888
Oct 24 2020	128252	178	13628	4252
Oct 25 2020	136632	87	11742	3275
Oct 26 2020	144145	45	10241	2683
Oct 27 2020	156380	130	16300	3935
Oct 28 2020	170697	236	18820	4267
Oct 29 2020	184789	301	20156	5763
Oct 30 2020	200759	202	21629	5457
Oct 31 2020	216820	280	21897	5556
Nov 01 2020	227524	152	17171	6315
Nov 02 2020	235192	92	15578	7818
Nov 03 2020	248756	227	19364	5573
Nov 04 2020	264102	372	24692	8974
Nov 05 2020	282157	367	27143	8721
Nov 06 2020	297804	445	27086	10994
Nov 07 2020	313495	349	27875	11835
Nov 08 2020	329191	236	24785	8853
Nov 09 2020	340723	173	21713	10008
Nov 10 2020	354557	330	25454	11290
Nov 11 2020	367135	429	25221	12214
Nov 12 2020	378069	275	22683	11474
Nov 13 2020	388470	419	24051	13231
Nov 14 2020	398858	548	25571	14635
Nov 15 2020	407841	303	21854	12568
Nov 16 2020	417275	143	20816	11239
Nov 17 2020	417810	357	19152	18260
Nov 18 2020	418489	603	19883	18601
Nov 19 2020	422824	637	23975	19003
Nov 20 2020	424748	626	22464	19914
Nov 21 2020	422501	574	23602	25275
Nov 22 2020	423742	330	18467	16896
Nov 23 2020	446285	156	37596	14897
Nov 24 2020	440029	540	10133	15849
Nov 25 2020	439910	674	15365	14810
Nov 26 2020	430919	580	16931	25342
Nov 27 2020	425632	579	17059	21767
Nov 28 2020	418573	599	15177	21637
Nov 29 2020	408620	283	11486	21156
Nov 30 2020	396155	121	5741	18085
Dec 01 2020	384704	449	9073	20075
Dec 02 2020	372584	609	13880	25391
Dec 03 2020	363219	620	14835	23580
Dec 04 2020	356071	531	13236	19853
Dec 05 2020	346502	502	12430	21497
Dec 06 2020	336638	228	9174	18810
Dec 07 2020	325241	92	4421	15726
Dec 08 2020	316741	411	8310	16399
Dec 09 2020	298946	568	12169	29396
Dec 10 2020	288342	470	13744	23878
Dec 11 2020	277673	544	13112	23237
Dec 12 2020	263482	502	11496	25185
Dec 13 2020	253917	188	8977	18354
Dec 14 2020	248424	96	4863	10260
Dec 15 2020	244390	349	6908	10593
Dec 16 2020	243337	605	12454	12902
Dec 17 2020	244157	431	11950	10699
Dec 18 2020	242496	426	10992	12227
Dec 19 2020	241129	483	11263	12147
Dec 20 2020	239034	143	8594	10546
Dec 21 2020	235842	77	4633	7748
Dec 22 2020	234467	309	7189	8255
Dec 23 2020	235450	472	12361	10906
Dec 24 2020	237374	497	13119	10698
Dec 25 2020	237234	240	8907	8807
Dec 26 2020	234679	69	5212	7698
Dec 27 2020	231071	57	3678	7229
Dec 28 2020	228197	29	2921	5766
Dec 29 2020	227000	307	7739	8629
Dec 30 2020	227570	568	13022	11884
Dec 31 2020	230072	534	13285	10249
Jan 01 2021	230598	400	11069	10143
Jan 02 2021	228329	102	6988	9155
Jan 03 2021	226303	61	5692	7657
Jan 04 2021	224204	42	4404	6461
Jan 05 2021	222218	341	7693	9338
Jan 06 2021	227029	553	14216	8852
Jan 07 2021	230997	187	12027	7872
Jan 08 2021	230669	331	8986	8983
Jan 09 2021	231362	439	10271	9139
Jan 10 2021	231256	177	9651	9580
Jan 11 2021	228483	78	4447	7142
Jan 12 2021	226133	326	5642	7666
Jan 13 2021	225728	482	9074	8997
Jan 14 2021	226244	383	9599	8700
Jan 15 2021	224706	386	7675	8827
Jan 16 2021	223227	369	7327	8437
Jan 17 2021	220962	142	6116	8239
Jan 18 2021	217843	52	3326	6393
Jan 19 2021	213096	291	4859	9315
Jan 20 2021	209102	444	6775	10325
Jan 21 2021	207514	420	7205	8373
Jan 22 2021	213918	345	6749	0
Jan 23 2021	212727	346	6205	7050
Jan 24 2021	209891	110	4938	7664
Jan 25 2021	204981	38	2418	7290
Jan 26 2021	203483	264	4605	5839
Jan 27 2021	207188	389	6786	2692
Jan 28 2021	209330	390	7157	4625
Jan 29 2021	208679	335	6144	6460
Jan 30 2021	207023	303	5869	7222
Jan 31 2021	205735	98	4703	5893
Feb 01 2021	202030	43	2507	6169
Feb 02 2021	201342	253	4325	4760
Feb 03 2021	205417	424	6801	2302
Feb 04 2021	207004	444	6496	4465
Feb 05 2021	206167	367	6054	6524
Feb 06 2021	204962	283	5962	6884
Feb 07 2021	204007	93	4728	5590
Feb 08 2021	200667	46	2401	5695
Feb 09 2021	199880	228	4059	4618
Feb 10 2021	204294	360	6935	2161
Feb 11 2021	206379	456	7007	4466
Feb 12 2021	206483	248	6378	6026
Feb 13 2021	206445	284	6586	6340
Feb 14 2021	206116	98	5333	5564
Feb 15 2021	202993	25	2541	5639
Feb 16 2021	203206	197	5183	4773
Feb 17 2021	209466	280	8695	2155
Feb 18 2021	214193	273	9068	4068
Feb 19 2021	216178	241	8776	6550
Feb 20 2021	217326	254	8512	7110
Feb 21 2021	218183	94	7039	6088
Feb 22 2021	216090	18	3884	5959
Feb 23 2021	217011	247	6311	5143
Feb 24 2021	226321	372	12147	2465
Feb 25 2021	232813	286	12139	5361
Feb 26 2021	235880	259	11536	8210
Feb 27 2021	238771	302	12102	8909
Feb 28 2021	240388	114	10099	8368
Mar 01 2021	237118	23	4785	8032
Mar 02 2021	237625	259	7937	7171
Mar 03 2021	249570	309	15701	3447
Mar 04 2021	257393	289	15252	7140
Mar 05 2021	262010	265	15827	10945
Mar 06 2021	264573	245	14852	12044
Mar 07 2021	267060	126	13573	10960
Mar 08 2021	261682	32	6169	11515
Mar 09 2021	262101	282	9971	9270
Mar 10 2021	274476	399	17326	4552
Mar 11 2021	286609	375	21143	8635
Mar 12 2021	291102	352	18789	13944
Mar 13 2021	296154	343	21062	15667
Mar 14 2021	299226	110	17258	14076
Mar 15 2021	295864	28	10894	14228
Mar 16 2021	297179	373	14397	12709
Mar 17 2021	315773	453	25048	6001
Mar 18 2021	332026	356	27276	10667
Mar 19 2021	341213	422	26049	16440
Mar 20 2021	347491	350	26406	19778
Mar 21 2021	352424	140	21850	16777
Mar 22 2021	347755	65	14577	19181
Mar 23 2021	347053	400	17565	17867
Mar 24 2021	362484	575	29977	13971
Mar 25 2021	381105	522	34153	15010
Mar 26 2021	391440	443	35145	24367
Mar 27 2021	394917	448	31770	27845
Mar 28 2021	400193	131	29261	23854
Mar 29 2021	391594	47	16957	25509
Mar 30 2021	388252	461	20887	23768
Mar 31 2021	406750	652	32876	13726
Apr 01 2021	421118	624	35246	20254
Apr 02 2021	422096	498	30546	29070
Apr 03 2021	414864	571	28084	34745
Apr 04 2021	405187	204	22966	32439
Apr 05 2021	384151	64	9903	30875
Apr 06 2021	365065	60	8243	27269
Apr 07 2021	361218	640	14913	18120
Apr 08 2021	366356	954	27899	21807
Apr 09 2021	362839	768	28523	31272
Apr 10 2021	351687	749	24886	35289
Apr 11 2021	344913	244	21706	28236
Apr 12 2021	330359	62	11989	26481
Apr 13 2021	321051	645	13210	21873
Apr 14 2021	331381	803	21279	10146
Apr 15 2021	342990	683	21129	8837
Apr 16 2021	343670	596	17870	16594
Apr 17 2021	328826	616	15761	29989
Apr 18 2021	314867	207	12172	25924
Apr 19 2021	298214	101	7281	23833
Apr 20 2021	287182	600	9242	19674
Apr 21 2021	288790	741	13927	11578
Apr 22 2021	286309	694	12770	14557
Apr 23 2021	275961	541	10863	20670
Apr 24 2021	263756	513	9510	21202
Apr 25 2021	254045	193	7235	16753
Apr 26 2021	241883	22	3453	15593
Apr 27 2021	235099	460	5707	12031
Apr 28 2021	236420	635	8894	6938
Apr 29 2021	234493	541	8420	9806
Apr 30 2021	227837	428	6802	13030
May 01 2021	219839	423	6473	14048
May 02 2021	214195	144	4610	10110
May 03 2021	207807	37	2525	8876
May 04 2021	202991	28	2299	7087
May 05 2021	202780	350	3892	3753
May 06 2021	202635	509	6431	6067
May 07 2021	199927	453	6053	8308
May 08 2021	196256	420	4769	8020
May 09 2021	193538	147	3851	6422
May 10 2021	189031	5	2031	6533
May 11 2021	187503	319	3002	4211
May 12 2021	188834	343	3948	2274
May 13 2021	189953	343	3694	2232
May 14 2021	188427	289	3289	4526
May 15 2021	184668	298	2897	6358
May 16 2021	181443	55	2169	5339
May 17 2021	177812	11	1109	4729
May 18 2021	175780	246	1727	3513
May 19 2021	176083	329	2348	1716
May 20 2021	174832	250	2087	3088
May 21 2021	172308	191	1678	4011
May 22 2021	169979	191	1517	3655
May 23 2021	167970	46	1075	3038
May 24 2021	165563	17	565	2955
May 25 2021	164461	151	996	1947
May 26 2021	164536	209	1239	955
May 27 2021	163726	135	1227	1902
May 28 2021	162328	117	947	2228
May 29 2021	161014	125	775	1964
May 30 2021	159990	56	579	1547
May 31 2021	158846	7	330	1467
Jun 01 2021	158335	111	583	983
Jun 02 2021	158397	128	657	467
Jun 03 2021	157890	91	572	988
Jun 04 2021	156995	26	317	1186
Jun 05 2021	156412	38	415	960
Jun 06 2021	155832	13	310	877
Jun 07 2021	155292	8	195	727
Jun 08 2021	155266	95	532	463
Jun 09 2021	155275	108	424	307
Jun 10 2021	155124	84	381	448
Jun 11 2021	154801	68	338	593
Jun 12 2021	154473	47	238	519
Jun 13 2021	154391	11	226	297
Jun 14 2021	154171	1	136	355
Jun 15 2021	154114	52	216	221
Jun 16 2021	154186	62	238	104
Jun 17 2021	154007	46	218	351
Jun 18 2021	153805	48	190	344
Jun 19 2021	153617	41	168	315
Jun 20 2021	153463	5	133	282
Jun 21 2021	153365	1	75	172
Jun 22 2021	153396	29	185	125
Jun 23 2021	153457	35	162	66
Jun 24 2021	153375	24	148	206
Jun 25 2021	153307	36	132	164
Jun 26 2021	153233	21	98	151
Jun 27 2021	153136	5	70	162
Jun 28 2021	153028	0	51	159
Jun 29 2021	153044	26	120	78
Jun 30 2021	153104	16	104	28
Jul 01 2021	153061	23	99	119
Jul 02 2021	153039	21	97	98
Jul 03 2021	153061	18	108	68
Jul 04 2021	153021	1	54	93
Jul 05 2021	152994	1	37	63
Jul 06 2021	153042	8	93	37
Jul 07 2021	153094	23	103	28
Jul 08 2021	153087	19	91	79
Jul 09 2021	153108	17	75	37
Jul 10 2021	153138	7	86	49
Jul 11 2021	153156	1	66	47
Jul 12 2021	153126	0	42	72
Jul 13 2021	153183	13	97	27
Jul 14 2021	153263	6	86	0
Jul 15 2021	153302	12	102	51
Jul 16 2021	153293	14	93	88
Jul 17 2021	153192	7	114	208
Jul 18 2021	153225	3	69	33
Jul 19 2021	153241	0	66	50
Jul 20 2021	153341	4	104	0
Jul 21 2021	153458	3	120	0
Jul 22 2021	153521	9	126	54
Jul 23 2021	153537	4	104	84
Jul 24 2021	153602	6	120	49
Jul 25 2021	153625	1	82	58
Jul 26 2021	153620	0	75	80
Jul 27 2021	153671	7	106	48
Jul 28 2021	153765	3	136	39
Jul 29 2021	153847	5	170	83
Jul 30 2021	153919	2	153	79
Jul 31 2021	153977	2	152	92
Aug 01 2021	153961	0	91	107
Aug 02 2021	153959	0	91	93
Aug 03 2021	154085	4	164	34
Aug 04 2021	154198	4	164	47
Aug 05 2021	154252	6	176	116
Aug 06 2021	154290	6	171	127
Aug 07 2021	154332	4	181	135
Aug 08 2021	154330	0	122	124
Aug 09 2021	154252	0	63	141
Aug 10 2021	154397	0	198	53
Aug 11 2021	154517	4	198	74
Aug 12 2021	154613	2	221	123
Aug 13 2021	154663	6	196	140
Aug 14 2021	154703	2	211	169
Aug 15 2021	154721	0	148	130
Aug 16 2021	154715	0	122	128
Aug 17 2021	154826	7	220	102
Aug 18 2021	154987	1	207	45
Aug 19 2021	154987	4	197	193
Aug 20 2021	155085	4	212	110
Aug 21 2021	155179	1	222	127
Aug 22 2021	155239	0	185	125
Aug 23 2021	155171	0	106	174
Aug 24 2021	155357	8	232	38
Aug 25 2021	155550	5	198	0
Aug 26 2021	155642	3	247	152
Aug 27 2021	155768	3	257	128
Aug 28 2021	155979	5	289	73
Aug 29 2021	156039	0	207	147
Aug 30 2021	155991	0	151	199
Aug 31 2021	156241	5	285	30
Sep 01 2021	156578	15	352	0
Sep 02 2021	156880	7	402	93
Sep 03 2021	157126	5	348	97
Sep 04 2021	157452	7	389	56
Sep 05 2021	157577	0	322	197
Sep 06 2021	157541	0	182	218
Sep 07 2021	157932	13	404	0
Sep 08 2021	158454	11	533	0
Sep 09 2021	158929	6	512	31
Sep 10 2021	159245	8	529	205
Sep 11 2021	159647	8	530	120
Sep 12 2021	159851	0	477	273
Sep 13 2021	159880	0	268	239
Sep 14 2021	160410	8	538	0
Sep 15 2021	161259	21	769	-101
Sep 16 2021	161846	11	722	124
Sep 17 2021	162313	8	651	176
Sep 18 2021	162888	14	797	208
Sep 19 2021	162965	1	541	463
Sep 20 2021	162897	0	361	429
Sep 21 2021	163663	15	709	-72
Sep 22 2021	164525	20	882	0
Sep 23 2021	165288	14	973	196
Sep 24 2021	165685	14	813	402
Sep 25 2021	166244	20	917	338
Sep 26 2021	166313	1	643	573
Sep 27 2021	166076	0	422	659
Sep 28 2021	166916	29	976	107
Sep 29 2021	168108	22	1231	17
Sep 30 2021	168936	27	1207	352
Oct 01 2021	169679	16	1362	603
Oct 02 2021	170380	23	1344	620
Oct 03 2021	170814	6	1089	649
Oct 04 2021	170753	0	686	747
Oct 05 2021	171897	46	1326	136
Oct 06 2021	173937	33	2085	12
Oct 07 2021	175336	29	2006	578
Oct 08 2021	176438	32	1894	760
Oct 09 2021	177579	29	2012	842
Oct 10 2021	178011	5	1527	1090
Oct 11 2021	177750	0	906	1167
Oct 12 2021	179327	49	2118	492
Oct 13 2021	181712	40	2639	214
Oct 14 2021	183846	60	2999	805
Oct 15 2021	185110	49	2770	1457
Oct 16 2021	186863	44	3234	1437
Oct 17 2021	187656	1	2522	1728
Oct 18 2021	187473	3	1536	1716
Oct 19 2021	190582	64	3932	759
Oct 20 2021	195938	75	5558	127
Oct 21 2021	200093	46	5602	1401
Oct 22 2021	203976	59	5709	1767
Oct 23 2021	208120	75	6273	2054
Oct 24 2021	210354	13	4731	2484
Oct 25 2021	210532	0	2948	2770
Oct 26 2021	215491	92	6270	1219
Oct 27 2021	223259	133	8365	464
Oct 28 2021	228761	101	8394	2791
Oct 29 2021	233883	102	9395	4171
Oct 30 2021	239072	115	9800	4496
Oct 31 2021	241290	9	7155	4928
Nov 01 2021	240140	13	4897	6034
Nov 02 2021	240600	9	4519	4050
Nov 03 2021	249501	124	10425	1400
Nov 04 2021	260235	250	15516	4532
Nov 05 2021	269489	152	15909	6503
Nov 06 2021	277702	186	15204	6805
Nov 07 2021	282146	24	12491	8023
Nov 08 2021	280450	3	7317	9010
Nov 09 2021	288736	221	13640	5133
Nov 10 2021	304286	269	18555	2736
Nov 11 2021	319929	274	19074	3157
Nov 12 2021	323041	31	12971	9828
Nov 13 2021	323243	266	14292	13824
Nov 14 2021	323028	46	14444	14613
Nov 15 2021	317959	12	9533	14590
Nov 16 2021	324448	282	16592	9821
Nov 17 2021	343378	463	24269	4876
Nov 18 2021	356538	372	24899	11367
Nov 19 2021	363679	403	23246	15702
Nov 20 2021	369682	382	23455	17070
Nov 21 2021	376760	41	18924	11805
Nov 22 2021	375132	8	12333	13953
Nov 23 2021	383201	398	19987	11520
Nov 24 2021	404877	461	28395	6258
Nov 25 2021	418118	497	28187	14449
Nov 26 2021	422986	422	26741	21451
Nov 27 2021	426158	378	26180	22630
Nov 28 2021	424497	51	20594	22204
Nov 29 2021	415159	20	13141	22459
Nov 30 2021	418039	526	19086	15680
Dec 01 2021	436453	571	29062	10077
Dec 02 2021	445613	502	27352	17690
Dec 03 2021	447064	472	26964	25041
Dec 04 2021	446527	502	25581	25616
Dec 05 2021	443481	45	22389	25390
Dec 06 2021	431219	26	13253	25489
Dec 07 2021	433167	503	19373	16922
Dec 08 2021	451064	591	28543	10055
Dec 09 2021	461130	562	27455	16827
Dec 10 2021	460089	571	24989	25459
Dec 11 2021	456819	486	23762	26546
Dec 12 2021	450650	65	19450	25554
Dec 13 2021	436874	29	11379	25126
Dec 14 2021	434725	537	17458	19070
Dec 15 2021	447412	669	24265	10909
Dec 16 2021	451611	592	22097	17306
Dec 17 2021	446374	566	20022	24693
Dec 18 2021	439136	543	19397	26092
Dec 19 2021	431373	70	15977	23670
Dec 20 2021	418067	29	9610	22887
Dec 21 2021	414798	540	13798	16527
Dec 22 2021	423083	775	18015	8955
Dec 23 2021	423389	616	17140	16218
Dec 24 2021	415939	597	15393	22246
Dec 25 2021	405447	269	10789	21012
Dec 26 2021	392075	16	6250	19606
Dec 27 2021	378211	38	5036	18862
Dec 28 2021	373884	548	9839	13618
Dec 29 2021	381875	793	15572	6788
Dec 30 2021	383896	710	14319	11588
Dec 31 2021	381043	638	13614	15829
Jan 01 2022	376998	505	12033	15573
Jan 02 2022	369393	33	7180	14752
Jan 03 2022	366181	9	6419	9622
Jan 04 2022	374251	433	11671	3168
Jan 05 2022	388692	631	17197	2125
Jan 06 2022	396409	646	16575	8212
Jan 07 2022	394239	117	11899	13952
Jan 08 2022	392306	292	10901	12542
Jan 09 2022	390882	22	11108	12510
Jan 10 2022	386881	19	7781	11763
Jan 11 2022	394335	493	11406	3459
Jan 12 2022	406034	684	16169	3786
Jan 13 2022	412558	480	16880	9876
Jan 14 2022	414025	423	16044	14154
Jan 15 2022	416086	429	16890	14400
Jan 16 2022	420355	35	14668	10364
Jan 17 2022	421118	4	10441	9674
Jan 18 2022	434306	378	19654	6088
Jan 19 2022	462566	376	30586	1950
Jan 20 2022	489456	315	32834	5629
Jan 21 2022	516184	248	36667	9691
Jan 22 2022	545498	193	40911	11404
Jan 23 2022	566566	25	34085	12992
Jan 24 2022	581612	1	29150	14103
Jan 25 2022	613345	252	36991	5006
Jan 26 2022	664747	277	53420	1741
Jan 27 2022	709878	262	57662	12269
Jan 28 2022	742012	271	57257	24852
Jan 29 2022	763269	231	51731	30243
Jan 30 2022	774544	23	48248	36950
Jan 31 2022	767531	34	33482	40461
Feb 01 2022	776803	240	39114	29602
Feb 02 2022	810409	318	56051	22127
Feb 03 2022	830725	307	54477	33854
Feb 04 2022	824300	246	47533	53712
Feb 05 2022	810353	272	45746	59421
Feb 06 2022	783744	19	34703	61293
Feb 07 2022	751248	11	24404	56889
Feb 08 2022	743351	286	35960	43571
Feb 09 2022	757032	310	46872	32881
Feb 10 2022	753535	263	41389	44623
Feb 11 2022	733403	289	36483	56326
Feb 12 2022	709371	333	31331	55030
Feb 13 2022	682409	31	22070	49001
Feb 14 2022	647751	17	13473	48114
Feb 15 2022	636006	378	21870	33237
Feb 16 2022	642223	374	28754	22163
Feb 17 2022	640226	316	28906	30587
Feb 18 2022	622913	304	23968	40977
Feb 19 2022	606152	283	20894	37372
Feb 20 2022	587411	25	13703	32419
Feb 21 2022	562783	15	9568	34181
Feb 22 2022	536727	325	18799	44530
Feb 23 2022	522266	360	20440	34541
Feb 24 2022	506728	341	18258	33455
Feb 25 2022	505918	198	16724	17336
Feb 26 2022	508778	220	13945	10865
Feb 27 2022	510065	40	8899	7572
Feb 28 2022	498564	1	6560	18060
Mar 01 2022	495136	270	12980	16138
Mar 02 2022	495769	277	14729	13819
Mar 03 2022	497188	266	14074	12389
Mar 04 2022	498951	206	12471	10502
Mar 05 2022	505589	199	12738	5901
Mar 06 2022	508559	10	7695	4715
Mar 07 2022	502113	6	5609	12049
Mar 08 2022	505083	217	13177	9990
Mar 09 2022	509425	234	14402	9826
Mar 10 2022	514215	184	13434	8460
Mar 11 2022	517129	121	11634	8599
Mar 12 2022	523197	126	11114	4920
Mar 13 2022	527009	10	7577	3755
Mar 14 2022	520437	1	5293	11864
Mar 15 2022	523889	178	12690	9060
Mar 16 2022	529424	151	14473	8787
Mar 17 2022	533534	207	12272	7955
Mar 18 2022	537640	107	11655	7442
Mar 19 2022	543329	119	10377	4569
Mar 20 2022	545033	12	5695	3979
Mar 21 2022	537637	4	4175	11567
Mar 22 2022	537737	134	10137	9903
Mar 23 2022	539472	124	10431	8572
Mar 24 2022	540243	146	8984	8067
Mar 25 2022	541044	110	8236	7325
Mar 26 2022	543928	85	6631	3662
Mar 27 2022	544427	7	3493	2987
Mar 28 2022	537265	1	2366	9527
Mar 29 2022	532989	110	6606	10772
Mar 30 2022	527450	101	5736	11174
Mar 31 2022	524677	133	4983	7623
Apr 01 2022	522482	74	4051	6172
Apr 02 2022	521544	96	2096	2938
Apr 03 2022	520742	2	557	1357
Apr 04 2022	521228	0	486	0
Apr 05 2022	523025	50	1879	32
Apr 06 2022	524515	77	1567	0
Apr 07 2022	525868	64	1481	64
Apr 08 2022	527072	58	1325	63
Apr 09 2022	528403	41	1416	44
Apr 10 2022	528843	0	440	0
Apr 11 2022	529225	0	382	0
Apr 12 2022	530705	61	1620	79
Apr 13 2022	531871	40	1261	55
Apr 14 2022	532981	39	1185	36
Apr 15 2022	534060	34	1199	86
Apr 16 2022	535044	29	1077	64
Apr 17 2022	535322	0	312	34
Apr 18 2022	535577	0	263	8
Apr 19 2022	535877	0	300	0
Apr 20 2022	537308	31	1526	64
Apr 21 2022	538399	30	1177	56
Apr 22 2022	539414	27	1096	54
Apr 23 2022	540565	22	1240	67
Apr 24 2022	540875	0	344	34
Apr 25 2022	541136	0	267	6
Apr 26 2022	542404	29	1356	59
Apr 27 2022	543361	21	1040	62
Apr 28 2022	544237	24	957	57
Apr 29 2022	545011	20	855	61
Apr 30 2022	545775	17	842	61
May 01 2022	545977	0	233	31
May 02 2022	546144	-4	188	25
May 03 2022	546992	14	890	28
May 04 2022	547163	1	172	0
May 05 2022	547994	29	909	49
May 06 2022	548540	25	607	36
May 07 2022	549178	14	704	52
May 08 2022	549352	0	199	25
May 09 2022	549529	0	184	7
May 10 2022	550206	11	727	39
May 11 2022	550729	15	567	29
May 12 2022	551173	11	500	45
May 13 2022	551607	11	469	24
May 14 2022	551990	21	434	30
May 15 2022	552117	0	139	12
May 16 2022	552197	0	93	13
May 17 2022	552679	10	510	18
May 18 2022	553034	13	388	20
May 19 2022	553354	12	359	27
May 20 2022	553641	13	314	14
May 21 2022	553930	13	336	34
May 22 2022	554013	0	95	12
May 23 2022	554075	0	64	2
May 24 2022	554455	16	419	23
May 25 2022	554688	6	284	45
May 26 2022	554898	9	249	30
May 27 2022	555125	6	260	27
May 28 2022	555361	6	266	24
May 29 2022	555439	0	82	4
May 30 2022	555519	0	83	3
May 31 2022	555845	8	346	12
Jun 01 2022	556081	7	255	12
Jun 02 2022	556273	8	220	20
Jun 03 2022	556494	4	237	12
Jun 04 2022	556706	11	254	31
Jun 05 2022	556764	0	62	4
Jun 06 2022	556809	0	52	7
Jun 07 2022	557135	6	337	5
Jun 08 2022	557318	7	204	14
Jun 09 2022	557574	6	274	12
Jun 10 2022	557811	1	247	9
Jun 11 2022	558067	2	263	5
Jun 12 2022	558117	0	56	6
Jun 13 2022	558159	0	45	3
Jun 14 2022	558467	9	319	2
Jun 15 2022	558686	7	234	8
Jun 16 2022	558895	3	228	16
Jun 17 2022	558941	0	48	2
Jun 18 2022	559186	3	255	7
Jun 19 2022	559243	0	65	8
Jun 20 2022	559288	0	47	2
Jun 21 2022	559647	7	374	8
Jun 22 2022	559961	4	323	5
Jun 23 2022	560257	1	304	7
Jun 24 2022	560588	7	348	10
Jun 25 2022	560921	5	344	6
Jun 26 2022	561015	0	97	3
Jun 27 2022	561096	0	87	6
Jun 28 2022	561784	3	696	5
Jun 29 2022	562320	4	544	4
Jun 30 2022	562905	0	588	3
Jul 01 2022	563534	5	642	8
Jul 02 2022	564134	6	616	10
Jul 03 2022	564287	0	158	5
Jul 04 2022	564404	0	119	2
Jul 05 2022	565472	2	1075	5
Jul 06 2022	566430	3	964	3
Jul 07 2022	567484	9	1068	5
Jul 08 2022	568524	0	1046	6
Jul 09 2022	569778	4	1264	6
Jul 10 2022	570059	0	284	3
Jul 11 2022	570283	0	226	2
Jul 12 2022	572305	5	2034	7
Jul 13 2022	573938	6	1647	8
Jul 14 2022	575764	4	1839	9
Jul 15 2022	577718	2	1974	18
Jul 16 2022	579845	0	2131	4
Jul 17 2022	580239	0	397	3
Jul 18 2022	580555	0	316	0
Jul 19 2022	583790	5	3249	9
Jul 20 2022	586619	11	2852	12
Jul 21 2022	589600	6	2993	6
Jul 22 2022	592612	6	3033	15
Jul 23 2022	596082	12	3492	10
Jul 24 2022	596720	0	641	3
Jul 25 2022	597302	0	584	2
Jul 26 2022	602393	14	5106	1
Jul 27 2022	606072	11	3691	1
Jul 28 2022	609569	12	3509	0
Jul 29 2022	612947	9	3388	1
Jul 30 2022	616611	14	3685	7
Jul 31 2022	617255	0	650	6
Aug 01 2022	617865	0	614	4
Aug 02 2022	623480	22	5641	4
Aug 03 2022	627937	16	4476	3
Aug 04 2022	632388	20	4476	5
Aug 05 2022	636658	17	4290	3
Aug 06 2022	641049	15	4410	4
Aug 07 2022	641740	0	698	7
Aug 08 2022	642332	0	594	2
Aug 09 2022	648267	26	5961	0
Aug 10 2022	652712	31	4476	0
Aug 11 2022	657005	20	4317	4
Aug 12 2022	661213	14	4223	1
Aug 13 2022	665825	22	4642	8
Aug 14 2022	666590	0	774	9
Aug 15 2022	667352	0	771	9
Aug 16 2022	668153	0	804	3
Aug 17 2022	675290	25	7172	10
Aug 18 2022	680515	28	5271	18
Aug 19 2022	685290	34	4816	7
Aug 20 2022	690095	21	4826	0
Aug 21 2022	690861	0	766	0
Aug 22 2022	691579	0	718	0
Aug 23 2022	697723	28	6172	0
Aug 24 2022	702089	27	4393	0
Aug 25 2022	705908	31	3850	0
Aug 26 2022	709715	40	3847	0
Aug 27 2022	713625	23	3933	0
Aug 28 2022	714233	0	608	0
Aug 29 2022	714783	0	550	0
Aug 30 2022	720046	29	5292	0
Aug 31 2022	723849	34	3837	0
Sep 01 2022	727163	26	3340	0
Sep 02 2022	730603	11	3451	0
Sep 03 2022	733855	23	3275	0
Sep 04 2022	734355	0	500	0
Sep 05 2022	734827	0	472	0
Sep 06 2022	740649	21	5843	0
Sep 07 2022	745075	20	4446	0
Sep 08 2022	749270	25	4220	0
Sep 09 2022	753809	14	4553	0
Sep 10 2022	758763	19	4973	0
Sep 11 2022	759411	0	648	0
Sep 12 2022	760064	0	653	0
Sep 13 2022	767905	28	7869	0
Sep 14 2022	774017	19	6131	0
Sep 15 2022	779857	17	5857	0
Sep 16 2022	785259	25	5427	0
Sep 17 2022	790684	10	5435	0
Sep 18 2022	791359	0	675	0
Sep 19 2022	792076	0	717	0
Sep 20 2022	799735	15	7674	0
Sep 21 2022	805340	25	5630	0
Sep 22 2022	810259	21	4940	0
Sep 23 2022	814678	19	4438	0
Sep 24 2022	819180	25	4527	0
Sep 25 2022	819921	0	741	0
Sep 26 2022	820650	0	729	0
Sep 27 2022	827103	25	6478	0
Sep 28 2022	831948	28	4873	0
Sep 29 2022	836189	30	4271	0
Sep 30 2022	840046	30	3887	0
Oct 01 2022	843585	29	3568	0
Oct 02 2022	843892	0	307	0
Oct 03 2022	844118	0	226	0
Oct 04 2022	848704	33	4619	0
Oct 05 2022	851858	29	3183	0
Oct 06 2022	854702	42	2886	0
Oct 07 2022	857279	41	2618	0
Oct 08 2022	861007	13	3741	0
Oct 09 2022	861470	0	463	0
Oct 10 2022	861849	0	379	0
Oct 11 2022	865097	45	3293	0
Oct 12 2022	867435	22	2360	0
Oct 13 2022	869318	24	1907	0
Oct 14 2022	871043	22	1747	0
Oct 15 2022	872605	31	1593	0
Oct 16 2022	872908	0	303	0
Oct 17 2022	873192	0	284	0
Oct 18 2022	875420	31	2259	0
Oct 19 2022	876990	42	1612	0
Oct 20 2022	878490	18	1518	0
Oct 21 2022	879633	24	1167	0
Oct 22 2022	880737	14	1118	0
Oct 23 2022	880918	0	181	0
Oct 24 2022	881089	0	171	0
Oct 25 2022	882543	21	1475	0
Oct 26 2022	883542	23	1022	0
Oct 27 2022	884495	22	975	0
Oct 28 2022	885274	12	791	0
Oct 29 2022	886063	17	806	0
Oct 30 2022	886221	0	158	0
Oct 31 2022	886370	0	149	0
Nov 01 2022	887225	7	862	0
Nov 02 2022	887378	0	153	0
Nov 03 2022	888321	12	955	0
Nov 04 2022	889000	14	693	0
Nov 05 2022	889565	13	578	0
Nov 06 2022	889665	0	100	0
Nov 07 2022	889795	0	130	0
Nov 08 2022	890532	8	745	0
Nov 09 2022	891052	17	537	0
Nov 10 2022	891534	10	492	0
Nov 11 2022	892005	5	476	0
Nov 12 2022	892078	0	73	0
Nov 13 2022	892162	0	84	0
Nov 14 2022	892247	0	85	0
Nov 15 2022	892917	17	687	0
Nov 16 2022	893408	15	506	0
Nov 17 2022	893829	10	431	0
Nov 18 2022	894172	15	358	0
Nov 19 2022	894557	7	392	0
Nov 20 2022	894628	0	71	0
Nov 21 2022	894714	0	86	0
Nov 22 2022	895302	8	596	0
Nov 23 2022	895741	10	449	0
Nov 24 2022	896191	4	454	0
Nov 25 2022	896578	2	389	0
Nov 26 2022	896991	8	421	0
Nov 27 2022	897068	0	77	0
Nov 28 2022	897161	0	93	0
Nov 29 2022	897918	7	764	0
Nov 30 2022	898496	6	584	0
Dec 01 2022	899040	9	553	0
Dec 02 2022	899578	4	542	0
Dec 03 2022	900017	8	447	0
Dec 04 2022	900122	0	105	0
Dec 05 2022	900231	0	109	0
Dec 06 2022	901138	6	913	0
Dec 07 2022	901791	4	657	0
Dec 08 2022	902424	15	648	0
Dec 09 2022	902667	6	249	0
Dec 10 2022	903044	11	388	0
Dec 11 2022	903167	0	123	0
Dec 12 2022	903375	0	208	0
Dec 13 2022	904456	7	1088	0
Dec 14 2022	905220	6	770	0
Dec 15 2022	905887	17	684	0
Dec 16 2022	906484	7	604	0
Dec 17 2022	907095	10	621	0
Dec 18 2022	907219	0	124	0
Dec 19 2022	907349	0	130	0
Dec 20 2022	908228	7	886	0
Dec 21 2022	908941	12	725	0
Dec 22 2022	909655	4	718	0
Dec 23 2022	910300	15	660	0
Dec 24 2022	910942	8	650	0
Dec 25 2022	911061	0	119	0
Dec 26 2022	911223	0	162	0
Dec 27 2022	911404	0	181	0
Dec 28 2022	912199	6	801	0
Dec 29 2022	912778	22	601	0
Dec 30 2022	913404	9	635	0
Dec 31 2022	914005	21	622	0
Jan 01 2023	914158	0	153	0
Jan 02 2023	914276	0	118	0
Jan 03 2023	914952	13	689	0
Jan 04 2023	915512	9	569	0
Jan 05 2023	916026	12	526	0
Jan 06 2023	916470	19	463	0
Jan 07 2023	916590	0	120	0
Jan 08 2023	916733	0	143	0
Jan 09 2023	916836	0	103	0
Jan 10 2023	917325	15	504	0
Jan 11 2023	917680	14	369	0
Jan 12 2023	918004	18	342	0
Jan 13 2023	918318	7	321	0
Jan 14 2023	918647	11	340	0
Jan 15 2023	918724	0	77	0
Jan 16 2023	918775	0	51	0
Jan 17 2023	919279	9	513	0
Jan 18 2023	919651	6	378	0
Jan 19 2023	920030	9	388	0
Jan 20 2023	920357	3	330	0
Jan 21 2023	920769	3	415	0
Jan 22 2023	920842	0	73	0
Jan 23 2023	920906	0	64	0
Jan 24 2023	921578	15	687	0
Jan 25 2023	922066	6	494	0
Jan 26 2023	922595	3	532	0
Jan 27 2023	923126	8	539	0
Jan 28 2023	923644	2	520	0
Jan 29 2023	923694	0	50	0
Jan 30 2023	923747	0	53	0
Jan 31 2023	924722	12	987	0
Feb 01 2023	925549	9	836	0
Feb 02 2023	926351	4	806	0
Feb 03 2023	927472	3	1124	0
Feb 04 2023	928287	5	820	0
Feb 05 2023	928408	0	121	0
Feb 06 2023	928535	0	127	0
Feb 07 2023	929975	6	1446	0
Feb 08 2023	931176	8	1209	0
Feb 09 2023	932340	5	1169	0
Feb 10 2023	933507	8	1175	0
Feb 11 2023	934853	4	1350	0
Feb 12 2023	935022	0	169	0
Feb 13 2023	935221	0	199	0
Feb 14 2023	937530	6	2315	0
Feb 15 2023	939389	15	1874	0
Feb 16 2023	941355	9	1975	0
Feb 17 2023	943265	8	1918	0
Feb 18 2023	945285	9	2029	0
Feb 19 2023	945565	0	280	0
Feb 20 2023	945839	0	274	0
Feb 21 2023	949256	7	3424	0
Feb 22 2023	952016	7	2767	0
Feb 23 2023	954814	10	2808	0
Feb 24 2023	957458	10	2654	0
Feb 25 2023	960045	8	2595	0
Feb 26 2023	960471	0	426	0
Feb 27 2023	960900	0	429	0
Feb 28 2023	964651	16	3767	0
Mar 01 2023	967626	14	2989	0
Mar 02 2023	970628	26	3028	0
Mar 03 2023	973895	17	3284	0
Mar 04 2023	976996	11	3112	0
Mar 05 2023	977423	0	427	0
Mar 06 2023	977873	0	450	0
Mar 07 2023	982684	18	4829	0
Mar 08 2023	986569	19	3904	0
Mar 09 2023	990006	21	3458	0
Mar 10 2023	993619	6	3619	0
Mar 11 2023	997237	14	3632	0
Mar 12 2023	997716	0	479	0
Mar 13 2023	998248	0	532	0
Mar 14 2023	1003312	16	5080	0
Mar 15 2023	1007352	26	4066	0
Mar 16 2023	1010976	29	3653	0
Mar 17 2023	1014327	8	3359	0
Mar 18 2023	1017502	27	3202	0
Mar 19 2023	1017931	0	429	0
Mar 20 2023	1018319	2	390	0
Mar 21 2023	1022489	32	4202	0
Mar 22 2023	1025508	29	3048	0
Mar 23 2023	1028212	17	2721	0
Mar 24 2023	1030542	15	2345	0
Mar 25 2023	1032888	13	2359	0
Mar 26 2023	1033189	1	302	0
Mar 27 2023	1033516	0	327	0
Mar 28 2023	1036210	20	2714	0
Mar 29 2023	1037939	31	1760	0
Mar 30 2023	1039445	34	1540	0
Mar 31 2023	1040888	16	1459	0
Apr 01 2023	1042216	15	1343	0
Apr 02 2023	1042421	0	205	0
Apr 03 2023	1042653	0	232	0
Apr 04 2023	1044413	17	1777	0
Apr 05 2023	1045637	13	1237	0
Apr 06 2023	1046791	15	1169	0
Apr 07 2023	1047721	13	943	0
Apr 08 2023	1048554	4	837	0
Apr 09 2023	1048715	0	161	0
Apr 10 2023	1048831	0	116	0
Apr 11 2023	1048974	0	143	0
Apr 12 2023	1050352	9	1387	0
Apr 13 2023	1051420	21	1089	0
Apr 14 2023	1052317	14	911	0
Apr 15 2023	1053216	13	912	0
Apr 16 2023	1053318	2	104	0
Apr 17 2023	1053423	0	105	0
Apr 18 2023	1054402	12	991	0
Apr 19 2023	1055031	2	631	0
Apr 20 2023	1055533	8	510	0
Apr 21 2023	1055979	9	455	0
Apr 22 2023	1056417	7	445	0
Apr 23 2023	1056490	0	73	0
Apr 24 2023	1056564	0	74	0
Apr 25 2023	1057100	11	547	0
Apr 26 2023	1057442	9	351	0
Apr 27 2023	1057778	6	342	0
Apr 28 2023	1058059	5	286	0
Apr 29 2023	1058309	4	254	0
Apr 30 2023	1058354	0	45	0
May 01 2023	1058407	0	53	0
May 02 2023	1058450	0	43	0
May 03 2023	1058695	2	247	0
May 04 2023	1058754	0	59	0
May 05 2023	1059003	2	251	0
May 06 2023	1059233	4	234	0
May 07 2023	1059277	0	44	0
May 08 2023	1059310	0	33	0
May 09 2023	1059487	5	182	0
May 10 2023	1059640	6	159	0
May 11 2023	1059785	1	146	0
May 12 2023	1059892	6	113	0
May 13 2023	1060032	4	144	0
May 14 2023	1060058	0	26	0
May 15 2023	1060073	0	15	0
May 16 2023	1060246	5	178	0
May 17 2023	1060355	4	113	0
May 18 2023	1060495	1	141	0
May 19 2023	1060592	0	97	0
May 20 2023	1060680	0	88	0
May 21 2023	1060698	1	19	0
May 22 2023	1060723	0	25	0
May 23 2023	1060884	4	165	0
May 24 2023	1060973	3	92	0
May 25 2023	1061042	3	72	0
May 26 2023	1061121	2	81	0
May 27 2023	1061186	1	66	0
May 28 2023	1061195	0	9	0
May 29 2023	1061219	0	24	0
May 30 2023	1061303	1	85	0
May 31 2023	1061365	0	62	0
Jun 01 2023	1061447	5	87	0
Jun 02 2023	1061511	0	64	0
Jun 03 2023	1061559	2	50	0
Jun 04 2023	1061572	0	13	0
Jun 05 2023	1061588	0	16	0
Jun 06 2023	1061642	0	54	0
Jun 07 2023	1061697	2	57	0
Jun 08 2023	1061760	2	65	0
Jun 09 2023	1061769	0	9	0
Jun 10 2023	1061817	1	49	0
Jun 11 2023	1061827	0	10	0
Jun 12 2023	1061833	0	6	0
Jun 13 2023	1061886	0	53	0
Jun 14 2023	1061932	0	46	0
Jun 15 2023	1061967	0	35	0
Jun 16 2023	1061995	0	28	0
Jun 17 2023	1062024	1	30	0
Jun 18 2023	1062027	0	3	0
Jun 19 2023	1062036	0	9	0
Jun 20 2023	1062078	1	43	0
Jun 21 2023	1062109	0	31	0
Jun 22 2023	1062138	0	29	0
Jun 23 2023	1062168	0	30	0
Jun 24 2023	1062200	0	32	0
Jun 25 2023	1062205	0	5	0
Jun 26 2023	1062206	0	1	0
Jun 27 2023	1062230	0	24	0
Jun 28 2023	1062258	0	28	0
Jun 29 2023	1062270	2	14	0
Jun 30 2023	1062286	0	16	0
Jul 01 2023	1062299	1	14	0
Jul 02 2023	1062303	0	4	0
Jul 03 2023	1062305	0	2	0
Jul 04 2023	1062325	0	20	0
Jul 05 2023	1062334	2	11	0
Jul 06 2023	1062344	1	11	0
Jul 07 2023	1062350	0	6	0
Jul 08 2023	1062366	0	16	0
Jul 09 2023	1062367	0	1	0
Jul 10 2023	1062368	0	1	0
Jul 11 2023	1062388	0	20	0
Jul 12 2023	1062397	2	11	0
Jul 13 2023	1062417	0	20	0
Jul 14 2023	1062430	0	13	0
Jul 15 2023	1062444	0	14	0
Jul 16 2023	1062446	0	2	0
Jul 17 2023	1062449	0	3	0
Jul 18 2023	1062464	0	15	0
Jul 19 2023	1062474	0	10	0
Jul 20 2023	1062486	0	12	0
Jul 21 2023	1062498	0	12	0
Jul 22 2023	1062513	0	15	0
Jul 23 2023	1062517	0	4	0
Jul 24 2023	1062521	0	4	0
Jul 25 2023	1062532	1	12	0
Jul 26 2023	1062543	0	11	0
Jul 27 2023	1062547	2	6	0
Jul 28 2023	1062554	0	7	0
Jul 29 2023	1062560	0	6	0
Jul 30 2023	1062561	0	1	0
Jul 31 2023	1062563	0	2	0
Aug 01 2023	1062591	0	28	0
Aug 02 2023	1062608	0	17	0
Aug 03 2023	1062615	0	7	0
Aug 04 2023	1062634	0	19	0
Aug 05 2023	1062652	0	18	0
Aug 06 2023	1062655	0	3	0
Aug 07 2023	1062655	0	0	0
Aug 08 2023	1062676	0	21	0
Aug 09 2023	1062698	0	22	0
Aug 10 2023	1062721	0	23	0
Aug 11 2023	1062749	0	28	0
Aug 12 2023	1062749	0	0	0
Aug 13 2023	1062780	0	31	0
Aug 14 2023	1062784	0	4	0
Aug 15 2023	1062824	1	41	0
Aug 16 2023	1062827	0	3	0
Aug 17 2023	1062876	0	49	0
Aug 18 2023	1062920	0	44	0
Aug 19 2023	1062964	1	45	0
Aug 20 2023	1062966	0	2	0
Aug 21 2023	1062969	0	3	0
Aug 22 2023	1063018	0	49	0
Aug 23 2023	1063085	1	68	0
Aug 24 2023	1063131	0	46	0
Aug 25 2023	1063169	0	38	0
Aug 26 2023	1063209	0	40	0
Aug 27 2023	1063217	0	8	0
Aug 28 2023	1063222	0	5	0
Aug 29 2023	1063306	0	84	0
Aug 30 2023	1063380	1	75	0
Aug 31 2023	1063466	1	87	0
Sep 01 2023	1063515	0	49	0
Sep 02 2023	1063576	0	61	0
Sep 03 2023	1063584	0	8	0
Sep 04 2023	1063589	0	5	0
Sep 05 2023	1063689	0	100	0
Sep 06 2023	1063786	1	98	0
Sep 07 2023	1063891	0	105	0
Sep 08 2023	1063985	1	95	0
Sep 09 2023	1064110	0	125	0
Sep 10 2023	1064121	0	11	0
Sep 11 2023	1064132	0	11	0
Sep 12 2023	1064326	0	194	0
Sep 13 2023	1064490	1	165	0
Sep 14 2023	1064686	0	196	0
Sep 15 2023	1064860	0	174	0
Sep 16 2023	1065041	1	182	0
Sep 17 2023	1065052	0	11	0
Sep 18 2023	1065067	0	15	0
Sep 19 2023	1065343	0	276	0
Sep 20 2023	1065603	0	260	0
Sep 21 2023	1065833	0	230	0
Sep 22 2023	1066045	1	213	0
Sep 23 2023	1066262	1	218	0
Sep 24 2023	1066271	0	9	0
Sep 25 2023	1066284	0	13	0
Sep 26 2023	1066637	4	357	0
Sep 27 2023	1066915	0	278	0
Sep 28 2023	1067168	0	253	0
Sep 29 2023	1067443	1	276	0
Sep 30 2023	1067685	2	244	0
Oct 01 2023	1067699	0	14	0
Oct 02 2023	1067707	0	8	0
Oct 03 2023	1068056	0	349	0
Oct 04 2023	1068347	0	291	0
Oct 05 2023	1068605	1	259	0
Oct 06 2023	1068870	0	265	0
Oct 07 2023	1069119	0	249	0
Oct 08 2023	1069128	0	9	0
Oct 09 2023	1069141	0	13	0
Oct 10 2023	1069575	0	434	0
Oct 11 2023	1069878	1	304	0
Oct 12 2023	1070159	0	281	0
Oct 13 2023	1070486	0	327	0
Oct 14 2023	1070831	1	346	0
Oct 15 2023	1070865	0	34	0
Oct 16 2023	1070881	0	16	0
Oct 17 2023	1071480	1	600	0
Oct 18 2023	1071952	4	476	0
Oct 19 2023	1072415	0	463	0
Oct 20 2023	1072862	0	447	0
Oct 21 2023	1073317	3	458	0
Oct 22 2023	1073350	0	33	0
Oct 23 2023	1073396	0	46	0
Oct 24 2023	1074292	0	896	0
Oct 25 2023	1075079	2	789	0
Oct 26 2023	1075830	2	753	0
Oct 27 2023	1076493	8	671	0
Oct 28 2023	1077219	9	735	0
Oct 29 2023	1077266	0	47	0
Oct 30 2023	1077309	0	43	0
Oct 31 2023	1078411	1	1103	0
Nov 01 2023	1079283	2	874	0
Nov 02 2023	1079335	0	52	0
Nov 03 2023	1080422	2	1089	0
Nov 04 2023	1081448	4	1030	0
Nov 05 2023	1081507	0	59	0
Nov 06 2023	1081557	0	50	0
Nov 07 2023	1083194	4	1641	0
Nov 08 2023	1084382	3	1191	0
Nov 09 2023	1085544	7	1169	0
Nov 10 2023	1086576	8	1040	0
Nov 11 2023	1087569	4	997	0
Nov 12 2023	1087682	0	113	0
Nov 13 2023	1087758	0	76	0
Nov 14 2023	1089567	4	1813	0
Nov 15 2023	1091004	5	1442	0
Nov 16 2023	1092297	4	1297	0
Nov 17 2023	1093624	3	1330	0
Nov 18 2023	1095026	8	1410	0
Nov 19 2023	1095119	0	93	0
Nov 20 2023	1095196	0	77	0
Nov 21 2023	1097547	8	2359	0
Nov 22 2023	1099479	1	1933	0
Nov 23 2023	1101029	39	1589	0
Nov 24 2023	1102989	8	1968	0
Nov 25 2023	1104643	8	1662	0
Nov 26 2023	1104745	0	102	0
Nov 27 2023	1104841	0	96	0
Nov 28 2023	1107994	6	3159	0
Nov 29 2023	1110494	5	2505	0
Nov 30 2023	1112867	5	2378	0
Dec 01 2023	1115270	9	2412	0
Dec 02 2023	1117619	5	2354	0
Dec 03 2023	1117736	0	117	0
Dec 04 2023	1117920	0	184	0
Dec 05 2023	1122089	5	4174	0
Dec 06 2023	1125489	10	3410	0
Dec 07 2023	1128605	18	3134	0
Dec 08 2023	1131551	8	2954	0
Dec 09 2023	1134538	6	2993	0
Dec 10 2023	1134709	0	171	0
Dec 11 2023	1134877	0	168	0
Dec 12 2023	1139648	8	4779	0
Dec 13 2023	1143439	34	3825	0
Dec 14 2023	1146903	25	3489	0
Dec 15 2023	1149778	40	2915	0
Dec 16 2023	1152750	25	2997	0
Dec 17 2023	1152949	0	199	0
Dec 18 2023	1153116	0	167	0
Dec 19 2023	1157239	35	4158	0
Dec 20 2023	1160477	27	3265	0
Dec 21 2023	1163293	29	2845	0
Dec 22 2023	1166015	22	2744	0
Dec 23 2023	1168290	28	2303	0
Dec 24 2023	1168429	0	139	0
Dec 25 2023	1168525	0	96	0
Dec 26 2023	1168625	0	100	0
Dec 27 2023	1168768	0	143	0
Dec 28 2023	1171455	22	2709	0
Dec 29 2023	1173450	30	2025	0
Dec 30 2023	1175640	27	2217	0
Dec 31 2023	1175793	0	153	0
Jan 01 2024	1175863	0	70	0
Jan 02 2024	1175928	0	65	0
Jan 03 2024	1177794	14	1880	0
Jan 04 2024	1180832	18	3056	0
Jan 05 2024	1183033	28	2229	0
Jan 06 2024	1184178	19	1164	0
Jan 07 2024	1184265	0	87	0
Jan 08 2024	1184355	0	90	0
Jan 09 2024	1185781	7	1433	0
Jan 10 2024	1186678	21	918	0
Jan 11 2024	1187526	8	856	0
Jan 12 2024	1188344	16	834	0
Jan 13 2024	1189128	16	800	0
Jan 14 2024	1189190	0	62	0
Jan 15 2024	1189258	0	68	0
Jan 16 2024	1190459	6	1207	0
Jan 17 2024	1191308	12	861	0
Jan 18 2024	1192059	11	762	0
Jan 19 2024	1192734	8	683	0
Jan 20 2024	1193366	10	642	0
Jan 21 2024	1193420	0	54	0
Jan 22 2024	1193474	0	54	0
Jan 23 2024	1194403	8	937	0
Jan 24 2024	1195166	5	768	0
Jan 25 2024	1195755	5	594	0
Jan 26 2024	1196269	5	519	0
Jan 27 2024	1196810	4	545	0
Jan 28 2024	1196848	0	38	0
Jan 29 2024	1196894	0	46	0
Jan 30 2024	1197511	11	628	0
Jan 31 2024	1197981	10	480	0
Feb 01 2024	1198402	8	429	0
Feb 02 2024	1198782	11	391	0
Feb 03 2024	1199197	1	416	0
Feb 04 2024	1199223	0	26	0
Feb 05 2024	1199245	0	22	0
Feb 06 2024	1199740	12	507	0
Feb 07 2024	1200152	3	415	0
Feb 08 2024	1200475	3	326	0
Feb 09 2024	1200722	1	248	0
Feb 10 2024	1200965	5	248	0
Feb 11 2024	1200984	0	19	0
Feb 12 2024	1201011	0	27	0
Feb 13 2024	1201398	3	390	0
Feb 14 2024	1201649	8	259	0
Feb 15 2024	1201887	6	244	0
Feb 16 2024	1202077	4	194	0
Feb 17 2024	1202262	2	187	0
Feb 18 2024	1202277	0	15	0
Feb 19 2024	1202287	0	10	0
Feb 20 2024	1202559	1	273	0
Feb 21 2024	1202762	6	209	0
Feb 22 2024	1202931	1	170	0
Feb 23 2024	1203114	1	184	0
Feb 24 2024	1203357	3	246	0
Feb 25 2024	1203368	0	11	0
Feb 26 2024	1203381	0	13	0
Feb 27 2024	1203576	3	198	0
Feb 28 2024	1203719	5	148	0
Feb 29 2024	1203830	3	114	0
Mar 01 2024	1203917	0	87	0
Mar 02 2024	1204022	4	109	0
Mar 03 2024	1204044	0	22	0
Mar 04 2024	1204049	0	5	0
Mar 05 2024	1204169	5	125	0
Mar 06 2024	1204259	0	90	0
Mar 07 2024	1204332	3	76	0
Mar 08 2024	1204418	0	86	0
Mar 09 2024	1204490	0	72	0
Mar 10 2024	1204497	0	7	0
Mar 11 2024	1204508	0	11	0
Mar 12 2024	1204598	2	92	0
Mar 13 2024	1204686	2	90	0
Mar 14 2024	1204767	1	82	0
Mar 15 2024	1204810	3	46	0
Mar 16 2024	1204810	0	0	0
Mar 17 2024	1204878	2	70	0
Mar 18 2024	1204877	1	0	0
Mar 19 2024	1204946	1	70	0
Mar 20 2024	1205002	1	57	0
Mar 21 2024	1205065	1	64	0
Mar 22 2024	1205094	1	30	0
Mar 23 2024	1205145	1	52	0
Mar 24 2024	1205147	0	2	0
Mar 25 2024	1205149	0	2	0
Mar 26 2024	1205218	0	69	0
Mar 27 2024	1205252	0	34	0
