Date	Active Cases	Daily Death	New cases	Recoverd Cases
Feb 15 2020	13	0	0	0
Feb 16 2020	13	0	0	0
Feb 17 2020	9	0	0	4
Feb 18 2020	7	0	0	2
Feb 19 2020	7	0	0	0
Feb 20 2020	3	0	0	4
Feb 21 2020	2	0	0	1
Feb 22 2020	2	0	0	0
Feb 23 2020	2	0	0	0
Feb 24 2020	2	0	0	0
Feb 25 2020	3	0	2	1
Feb 26 2020	11	0	8	0
Feb 27 2020	32	0	22	1
Feb 28 2020	58	0	26	0
Feb 29 2020	63	0	5	0
Mar 01 2020	114	0	51	0
Mar 02 2020	149	0	35	0
Mar 03 2020	187	0	38	0
Mar 04 2020	246	0	59	0
Mar 05 2020	528	0	283	1
Mar 06 2020	652	0	125	1
Mar 07 2020	782	0	130	0
Mar 08 2020	1022	0	240	0
Mar 09 2020	1204	2	184	0
Mar 10 2020	1545	0	341	0
Mar 11 2020	1938	1	401	7
Mar 12 2020	2714	3	779	0
Mar 13 2020	3621	2	930	21
Mar 14 2020	4544	1	924	0
Mar 15 2020	5754	4	1214	0
Mar 16 2020	7188	4	1459	21
Mar 17 2020	9274	9	2095	0
Mar 18 2020	12194	2	2960	38
Mar 19 2020	15161	16	2993	10
Mar 20 2020	19600	24	4528	65
Mar 21 2020	22071	16	2516	29
Mar 22 2020	24513	10	2509	57
Mar 23 2020	28480	29	4183	187
Mar 24 2020	29542	36	3935	2837
Mar 25 2020	33570	47	4332	257
Mar 26 2020	37998	61	6615	2126
Mar 27 2020	43862	84	6933	985
Mar 28 2020	48781	82	6824	1823
Mar 29 2020	52683	108	4740	730
Mar 30 2020	52740	104	4450	4289
Mar 31 2020	54933	130	4923	2600
Apr 01 2020	58349	157	6173	2600
Apr 02 2020	61245	177	6813	3740
Apr 03 2020	65306	169	6365	2135
Apr 04 2020	68244	170	4933	1825
Apr 05 2020	69834	141	4031	2300
Apr 06 2020	72859	227	3252	0
Apr 07 2020	69559	207	4288	7381
Apr 08 2020	64639	334	5633	10219
Apr 09 2020	63212	259	4939	6107
Apr 10 2020	65513	129	3936	1506
Apr 11 2020	65171	136	3281	3487
Apr 12 2020	64521	152	2402	2900
Apr 13 2020	62566	173	2218	4000
Apr 14 2020	60502	302	2138	3900
Apr 15 2020	58335	310	2543	4400
Apr 16 2020	56631	249	2945	4400
Apr 17 2020	53915	301	3699	6114
Apr 18 2020	53769	187	2327	2286
Apr 19 2020	53083	104	2018	2600
Apr 20 2020	50685	221	1323	3500
Apr 21 2020	48148	225	1388	3700
Apr 22 2020	45913	230	2195	4200
Apr 23 2020	44233	261	2481	3900
Apr 24 2020	42417	186	1870	3500
Apr 25 2020	40814	117	1514	3000
Apr 26 2020	39772	99	1257	2200
Apr 27 2020	38109	151	988	2500
Apr 28 2020	36174	189	1154	2900
Apr 29 2020	34647	154	1627	3000
Apr 30 2020	32860	157	1470	3100
May 01 2020	30415	113	1068	3400
May 02 2020	29129	76	890	2100
May 03 2020	28172	54	697	1600
May 04 2020	26433	127	488	2100
May 05 2020	24888	0	855	2400
May 06 2020	23164	283	1155	2596
May 07 2020	22111	117	1268	2204
May 08 2020	21351	118	1158	1800
May 09 2020	20448	39	736	1600
May 10 2020	19883	20	555	1100
May 11 2020	19271	92	697	1217
May 12 2020	18206	77	595	1583
May 13 2020	17510	123	927	1500
May 14 2020	16720	67	877	1600
May 15 2020	15971	73	724	1400
May 16 2020	15590	26	545	900
May 17 2020	15175	22	407	800
May 18 2020	14539	74	638	1200
May 19 2020	13907	70	538	1100
May 20 2020	13334	77	704	1200
May 21 2020	12685	39	490	1100
May 22 2020	12334	43	692	1000
May 23 2020	11693	14	273	900
May 24 2020	11630	5	342	400
May 25 2020	11134	57	461	900
May 26 2020	10763	70	499	800
May 27 2020	10535	35	607	800
May 28 2020	10655	37	557	400
May 29 2020	10298	24	567	900
May 30 2020	9767	6	275	800
May 31 2020	9662	5	200	300
Jun 01 2020	9220	13	271	700
Jun 02 2020	8990	56	326	500
Jun 03 2020	8399	25	334	900
Jun 04 2020	8360	37	498	500
Jun 05 2020	8124	27	491	700
Jun 06 2020	8000	6	282	400
Jun 07 2020	7966	7	173	200
Jun 08 2020	7795	7	336	500
Jun 09 2020	7458	48	311	600
Jun 10 2020	6945	13	0	500
Jun 11 2020	6717	7	279	500
Jun 12 2020	6761	12	456	400
Jun 13 2020	6629	4	172	300
Jun 14 2020	6574	3	248	300
Jun 15 2020	6532	15	373	400
Jun 16 2020	6345	25	338	500
Jun 17 2020	6950	17	1122	500
Jun 18 2020	7053	19	622	500
Jun 19 2020	7273	14	534	300
Jun 20 2020	7528	1	556	300
Jun 21 2020	7686	1	359	200
Jun 22 2020	7823	7	544	400
Jun 23 2020	8065	17	659	400
Jun 24 2020	7924	17	476	600
Jun 25 2020	7946	9	531	500
Jun 26 2020	8246	14	614	300
Jun 27 2020	8136	0	290	400
Jun 28 2020	8108	3	175	200
Jun 29 2020	8224	12	528	400
Jun 30 2020	7653	11	440	1000
Jul 01 2020	7436	9	492	700
Jul 02 2020	7326	3	393	500
Jul 03 2020	6900	9	283	700
Jul 04 2020	7010	8	418	300
Jul 05 2020	6745	5	140	400
Jul 06 2020	6738	6	499	500
Jul 07 2020	6525	11	298	500
Jul 08 2020	6923	12	410	0
Jul 09 2020	6446	10	433	900
Jul 10 2020	6431	5	390	400
Jul 11 2020	6151	4	224	500
Jul 12 2020	6189	0	138	100
Jul 13 2020	6170	5	486	500
Jul 14 2020	6095	5	330	400
Jul 15 2020	6077	4	486	500
Jul 16 2020	6252	9	584	400
Jul 17 2020	5958	3	509	800
Jul 18 2020	5883	2	227	300
Jul 19 2020	5855	1	273	300
Jul 20 2020	6487	10	642	0
Jul 21 2020	6583	7	403	300
Jul 22 2020	6661	2	580	500
Jul 23 2020	6928	5	672	400
Jul 24 2020	6332	14	818	1400
Jul 25 2020	6503	1	372	200
Jul 26 2020	6911	1	409	0
Jul 27 2020	6747	2	638	800
Jul 28 2020	6717	2	572	600
Jul 29 2020	7572	5	860	0
Jul 30 2020	8405	9	842	0
Jul 31 2020	9114	3	1012	300
Aug 01 2020	8224	2	412	1300
Aug 02 2020	8609	0	385	0
Aug 03 2020	8361	6	858	1100
Aug 04 2020	9121	0	760	0
Aug 05 2020	10132	13	1024	0
Aug 06 2020	9731	7	1106	1500
Aug 07 2020	10834	2	1105	0
Aug 08 2020	10209	6	581	1200
Aug 09 2020	10594	0	385	0
Aug 10 2020	11308	5	1219	500
Aug 11 2020	11335	3	1030	1000
Aug 12 2020	11647	8	1320	1000
Aug 13 2020	12161	5	1419	900
Aug 14 2020	11908	8	1505	1750
Aug 15 2020	12261	1	704	350
Aug 16 2020	12780	0	519	0
Aug 17 2020	14463	6	1689	0
Aug 18 2020	15873	9	1419	0
Aug 19 2020	16459	9	1595	1000
Aug 20 2020	17133	10	1584	900
Aug 21 2020	17866	4	1737	1000
Aug 22 2020	15549	3	836	3150
Aug 23 2020	15530	1	632	650
Aug 24 2020	17154	4	1628	0
Aug 25 2020	18600	9	1455	0
Aug 26 2020	15388	7	1428	4633
Aug 27 2020	15684	7	1565	1262
Aug 28 2020	15666	1	1549	1566
Aug 29 2020	15951	3	711	423
Aug 30 2020	16062	1	470	358
Aug 31 2020	15494	7	1497	2058
Sep 01 2020	14793	10	1209	1900
Sep 02 2020	14871	12	1390	1300
Sep 03 2020	14788	6	1423	1500
Sep 04 2020	16253	2	1467	0
Sep 05 2020	15420	0	775	1608
Sep 06 2020	16088	0	668	0
Sep 07 2020	17193	4	1901	792
Sep 08 2020	14920	4	1331	3600
Sep 09 2020	15012	1	1393	1300
Sep 10 2020	15361	9	1758	1400
Sep 11 2020	16975	4	1618	0
Sep 12 2020	15792	4	821	2000
Sep 13 2020	16143	1	752	400
Sep 14 2020	16208	8	1923	1850
Sep 15 2020	16272	9	1623	1550
Sep 16 2020	18289	4	2021	0
Sep 17 2020	18258	8	2177	2200
Sep 18 2020	18753	7	2202	1700
Sep 19 2020	19315	2	1064	500
Sep 20 2020	19980	4	1169	500
Sep 21 2020	19743	11	2074	2300
Sep 22 2020	19758	10	1625	1600
Sep 23 2020	20170	17	2029	1600
Sep 24 2020	22299	11	2140	0
Sep 25 2020	24649	11	2361	0
Sep 26 2020	25966	2	1319	0
Sep 27 2020	25977	2	1313	1300
Sep 28 2020	26646	11	2280	1600
Sep 29 2020	26683	11	1848	1800
Sep 30 2020	27313	15	2445	1800
Oct 01 2020	28017	15	2619	1900
Oct 02 2020	29240	10	2833	1600
Oct 03 2020	29604	1	1665	1300
Oct 04 2020	30042	5	1543	1100
Oct 05 2020	31314	14	3086	1800
Oct 06 2020	31857	19	2462	1900
Oct 07 2020	33734	17	3994	2100
Oct 08 2020	36320	15	4401	1800
Oct 09 2020	38964	20	4964	2300
Oct 10 2020	40235	4	2975	1700
Oct 11 2020	41862	11	2838	1200
Oct 12 2020	44446	19	4803	2200
Oct 13 2020	46812	19	4585	2200
Oct 14 2020	50044	31	6063	2800
Oct 15 2020	54379	39	7074	2700
Oct 16 2020	59329	26	7976	3000
Oct 17 2020	61853	17	4941	2400
Oct 18 2020	65188	13	5248	1900
Oct 19 2020	69005	33	6750	2900
Oct 20 2020	72616	56	7167	3500
Oct 21 2020	79229	44	10457	3800
Oct 22 2020	87703	45	12519	4000
Oct 23 2020	96933	46	13476	4200
Oct 24 2020	103570	21	10458	3800
Oct 25 2020	110372	27	9829	3000
Oct 26 2020	118549	44	12621	4400
Oct 27 2020	126429	81	13161	5200
Oct 28 2020	136335	96	16202	6200
Oct 29 2020	148691	76	18732	6300
Oct 30 2020	161470	88	19367	6500
Oct 31 2020	175480	60	14070	0
Nov 01 2020	177797	39	12556	10200
Nov 02 2020	186625	112	16240	7300
Nov 03 2020	194720	150	16545	8300
Nov 04 2020	204902	146	20228	9900
Nov 05 2020	216396	163	21757	10100
Nov 06 2020	227367	175	22246	11100
Nov 07 2020	235015	71	17119	9400
Nov 08 2020	241571	70	14026	7400
Nov 09 2020	247783	153	16465	10100
Nov 10 2020	252547	204	16668	11700
Nov 11 2020	259260	223	20536	13600
Nov 12 2020	269527	195	23462	13000
Nov 13 2020	278583	228	23184	13900
Nov 14 2020	283144	116	16077	11400
Nov 15 2020	287816	73	14045	9300
Nov 16 2020	289398	200	14582	12800
Nov 17 2020	290346	358	16206	14900
Nov 18 2020	294502	245	20801	16400
Nov 19 2020	301681	297	23676	16200
Nov 20 2020	308442	289	23450	16400
Nov 21 2020	310890	164	16612	14000
Nov 22 2020	313926	104	13840	10700
Nov 23 2020	313222	241	14537	15000
Nov 24 2020	311297	383	16258	17800
Nov 25 2020	311804	418	20825	19900
Nov 26 2020	313393	387	21576	19600
Nov 27 2020	315004	407	22018	20000
Nov 28 2020	314543	206	14645	14900
Nov 29 2020	316723	157	13637	11300
Nov 30 2020	313849	330	14156	16700
Dec 01 2020	309448	499	15898	19800
Dec 02 2020	308364	455	20171	20800
Dec 03 2020	310424	450	22910	20400
Dec 04 2020	312932	433	23541	20600
Dec 05 2020	315359	285	17812	15100
Dec 06 2020	319224	185	14750	10700
Dec 07 2020	317104	381	15161	16900
Dec 08 2020	316199	624	18319	18600
Dec 09 2020	319382	545	23928	20200
Dec 10 2020	327030	531	28179	20000
Dec 11 2020	334785	589	28344	20000
Dec 12 2020	340849	352	21816	15400
Dec 13 2020	348104	236	17891	10400
Dec 14 2020	349979	483	18658	16300
Dec 15 2020	351448	808	21377	19100
Dec 16 2020	357965	752	28969	21700
Dec 17 2020	365589	727	30951	22600
Dec 18 2020	374401	841	31553	21900
Dec 19 2020	381958	413	23970	16000
Dec 20 2020	390529	351	20822	11900
Dec 21 2020	391327	535	19333	18000
Dec 22 2020	391574	948	22495	21300
Dec 23 2020	398582	889	31297	23400
Dec 24 2020	400144	556	26418	24300
Dec 25 2020	396567	288	18411	21700
Dec 26 2020	389209	190	10432	17600
Dec 27 2020	388016	346	12153	13000
Dec 28 2020	385562	677	17323	19100
Dec 29 2020	381431	1249	19118	22000
Dec 30 2020	383871	1070	28410	24900
Dec 31 2020	383005	711	25345	25500
Jan 01 2021	377086	326	17007	22600
Jan 02 2021	370460	341	11015	17300
Jan 03 2021	367033	247	10620	13800
Jan 04 2021	358909	880	12056	19300
Jan 05 2021	352567	1203	18361	23500
Jan 06 2021	351995	1023	26651	26200
Jan 07 2021	355932	1063	28100	23100
Jan 08 2021	360314	1147	25629	20100
Jan 09 2021	362054	662	20202	17800
Jan 10 2021	362475	374	14195	13400
Jan 11 2021	353332	666	11723	20200
Jan 12 2021	344238	1110	16516	24500
Jan 13 2021	339893	1206	23461	26600
Jan 14 2021	338158	1092	22957	23600
Jan 15 2021	335799	1049	19790	21100
Jan 16 2021	333484	586	14871	16600
Jan 17 2021	330776	320	11712	14100
Jan 18 2021	319338	668	8930	19700
Jan 19 2021	306017	1143	12322	24500
Jan 20 2021	298020	1056	18559	25500
Jan 21 2021	295362	858	18700	20500
Jan 22 2021	292856	872	16366	18000
Jan 23 2021	289566	518	12428	15200
Jan 24 2021	287307	242	10083	12100
Jan 25 2021	277260	627	6580	16000
Jan 26 2021	265484	992	9716	20500
Jan 27 2021	258123	972	15611	22000
Jan 28 2021	254473	865	14915	17700
Jan 29 2021	251337	835	12799	15100
Jan 30 2021	247716	462	9841	13000
Jan 31 2021	246002	266	8452	9900
Feb 01 2021	238111	621	6630	13900
Feb 02 2021	226369	994	7652	18400
Feb 03 2021	218919	829	12579	19200
Feb 04 2021	213390	676	12947	17800
Feb 05 2021	206288	779	10877	17200
Feb 06 2021	201878	338	8628	12700
Feb 07 2021	199959	130	6511	8300
Feb 08 2021	192204	471	4816	12100
Feb 09 2021	181252	677	5725	16000
Feb 10 2021	173987	711	9246	15800
Feb 11 2021	168869	536	9918	14500
Feb 12 2021	164151	525	9207	13400
Feb 13 2021	159254	380	6483	11000
Feb 14 2021	156803	152	4801	7100
Feb 15 2021	151883	384	5164	9700
Feb 16 2021	144590	589	5896	12600
Feb 17 2021	140468	540	9618	13200
Feb 18 2021	138518	475	9825	11300
Feb 19 2021	136595	573	9050	10400
Feb 20 2021	134727	226	7158	8800
Feb 21 2021	135294	100	6167	5500
Feb 22 2021	132480	330	4916	7400
Feb 23 2021	128099	444	5763	9700
Feb 24 2021	128476	397	10774	10000
Feb 25 2021	130064	394	10782	8800
Feb 26 2021	130031	420	9687	9300
Feb 27 2021	130133	169	7671	7400
Feb 28 2021	131020	98	6185	5200
Mar 01 2021	128889	238	5207	7100
Mar 02 2021	125878	403	6492	9100
Mar 03 2021	126526	387	10835	9800
Mar 04 2021	128639	297	11410	9000
Mar 05 2021	129229	291	9581	8700
Mar 06 2021	129990	174	8235	7300
Mar 07 2021	131561	62	6533	4900
Mar 08 2021	129907	167	5113	6600
Mar 09 2021	127764	284	6841	8700
Mar 10 2021	130614	296	12246	9100
Mar 11 2021	135684	285	13655	8300
Mar 12 2021	139639	231	12786	8600
Mar 13 2021	143076	117	10554	7000
Mar 14 2021	146609	52	8985	5400
Mar 15 2021	145902	157	6550	7100
Mar 16 2021	145775	317	9290	9100
Mar 17 2021	152222	247	16094	9400
Mar 18 2021	169880	202	17860	0
Mar 19 2021	168141	196	16557	18100
Mar 20 2021	173783	123	13665	7900
Mar 21 2021	179258	74	11149	5600
Mar 22 2021	179171	149	8262	8200
Mar 23 2021	179423	291	10943	10400
Mar 24 2021	188386	204	20667	11500
Mar 25 2021	199538	206	22258	10900
Mar 26 2021	209822	188	21872	11400
Mar 27 2021	218513	101	18692	9900
Mar 28 2021	225000	64	13651	7100
Mar 29 2021	224724	131	10055	10200
Mar 30 2021	224499	235	13110	13100
Mar 31 2021	231217	207	20825	13900
Apr 01 2021	241613	206	23802	13200
Apr 02 2021	246477	178	18242	13200
Apr 03 2021	247837	81	13641	12200
Apr 04 2021	248393	55	9611	9000
Apr 05 2021	243625	73	7405	12100
Apr 06 2021	237392	233	9600	15600
Apr 07 2021	234615	313	14936	17400
Apr 08 2021	241672	300	24257	16900
Apr 09 2021	247536	217	22281	16200
Apr 10 2021	252159	170	18693	13900
Apr 11 2021	259091	106	16738	9700
Apr 12 2021	257767	147	11523	12700
Apr 13 2021	251940	299	10772	16300
Apr 14 2021	265579	407	32546	18500
Apr 15 2021	278484	329	30634	17400
Apr 16 2021	284271	247	21934	15900
Apr 17 2021	291988	140	20957	13100
Apr 18 2021	294946	65	13123	10100
Apr 19 2021	296179	184	13417	12000
Apr 20 2021	295829	313	16363	16400
Apr 21 2021	302894	297	27862	20500
Apr 22 2021	310764	312	29382	21200
Apr 23 2021	314530	244	23710	19700
Apr 24 2021	321394	259	24423	17300
Apr 25 2021	321765	43	12014	11600
Apr 26 2021	315026	107	9568	16200
Apr 27 2021	312380	355	19009	21300
Apr 28 2021	314155	321	24696	22600
Apr 29 2021	320547	321	27913	21200
Apr 30 2021	313187	205	12845	20000
May 01 2021	316267	161	20141	16900
May 02 2021	316868	124	13225	12500
May 03 2021	310852	195	10279	16100
May 04 2021	302091	266	12305	20800
May 05 2021	299848	309	21266	23200
May 06 2021	294043	219	17014	22600
May 07 2021	289847	246	17550	21500
May 08 2021	286588	197	15238	18300
May 09 2021	282659	119	8290	12100
May 10 2021	273963	110	7814	16400
May 11 2021	261347	277	8961	21300
May 12 2021	251527	253	13833	23400
May 13 2021	248755	268	17496	20000
May 14 2021	240096	206	10247	18700
May 15 2021	233388	189	9981	16500
May 16 2021	229493	62	7067	10900
May 17 2021	220406	140	5353	14300
May 18 2021	208131	279	7604	19600
May 19 2021	199654	258	11881	20100
May 20 2021	192546	235	10727	17600
May 21 2021	183828	214	8096	16600
May 22 2021	176939	108	6419	13200
May 23 2021	168808	13	1182	9300
May 24 2021	162831	66	5789	11700
May 25 2021	150387	122	2578	14900
May 26 2021	139441	319	4473	15100
May 27 2021	134558	211	6928	11600
May 28 2021	129252	196	6190	11300
May 29 2021	123541	124	4513	10100
May 30 2021	119741	43	3043	6800
May 31 2021	113747	97	2203	8100
Jun 01 2021	104968	169	2990	11600
Jun 02 2021	98569	195	5096	11300
Jun 03 2021	93160	95	3686	9000
Jun 04 2021	87627	128	2995	8400
Jun 05 2021	82884	92	2249	6900
Jun 06 2021	80603	26	1845	4100
Jun 07 2021	77351	114	1562	4700
Jun 08 2021	72286	119	2254	7200
Jun 09 2021	67758	103	3275	7700
Jun 10 2021	64209	96	2747	6200
Jun 11 2021	61088	115	2194	5200
Jun 12 2021	57914	58	1484	4600
Jun 13 2021	55699	14	999	3200
Jun 14 2021	52749	57	907	3800
Jun 15 2021	48340	111	1102	5400
Jun 16 2021	44758	110	1428	4900
Jun 17 2021	41494	72	608	3800
Jun 18 2021	39246	92	1244	3400
Jun 19 2021	37079	41	974	3100
Jun 20 2021	35824	13	558	1800
Jun 21 2021	34067	41	484	2200
Jun 22 2021	31780	75	688	2900
Jun 23 2021	29430	64	1114	3400
Jun 24 2021	26809	65	444	3000
Jun 25 2021	25236	70	797	2300
Jun 26 2021	24108	22	494	1600
Jun 27 2021	23434	10	336	1000
Jun 28 2021	22351	23	340	1400
Jun 29 2021	21057	64	570	1800
Jun 30 2021	20239	59	841	1600
Jul 01 2021	19385	71	717	1500
Jul 02 2021	18913	43	671	1100
Jul 03 2021	18332	10	429	1000
Jul 04 2021	18142	1	411	600
Jul 05 2021	17623	11	392	900
Jul 06 2021	17100	35	712	1200
Jul 07 2021	17051	35	986	1000
Jul 08 2021	16925	36	910	1000
Jul 09 2021	16970	39	884	800
Jul 10 2021	17054	19	803	700
Jul 11 2021	17221	8	575	400
Jul 12 2021	17068	7	554	700
Jul 13 2021	17263	25	1020	800
Jul 14 2021	17960	32	1629	900
Jul 15 2021	18779	32	1451	600
Jul 16 2021	19519	15	1555	800
Jul 17 2021	20215	16	1312	600
Jul 18 2021	20698	2	985	500
Jul 19 2021	20869	12	983	800
Jul 20 2021	21565	30	1626	900
Jul 21 2021	22130	15	1580	1000
Jul 22 2021	23491	37	1998	600
Jul 23 2021	24621	34	1864	700
Jul 24 2021	25389	12	1580	800
Jul 25 2021	25740	1	1152	800
Jul 26 2021	25944	13	1417	1200
Jul 27 2021	26379	28	2063	1600
Jul 28 2021	28010	28	3059	1400
Jul 29 2021	28951	25	2766	1800
Jul 30 2021	30519	30	2598	1000
Jul 31 2021	30925	10	1816	1400
Aug 01 2021	31279	1	1555	1200
Aug 02 2021	30970	11	1502	1800
Aug 03 2021	31493	25	2548	2000
Aug 04 2021	33516	32	3655	1600
Aug 05 2021	35661	15	3460	1300
Aug 06 2021	37530	16	3385	1500
Aug 07 2021	38888	6	2764	1400
Aug 08 2021	39830	4	2246	1300
Aug 09 2021	40032	10	2212	2000
Aug 10 2021	41095	21	3284	2200
Aug 11 2021	44353	20	5478	2200
Aug 12 2021	47943	16	5506	1900
Aug 13 2021	51353	19	5529	2100
Aug 14 2021	54032	3	4682	2000
Aug 15 2021	56065	3	3736	1700
Aug 16 2021	57097	11	3543	2500
Aug 17 2021	59760	19	5382	2700
Aug 18 2021	63033	25	8998	5700
Aug 19 2021	68337	19	8323	3000
Aug 20 2021	77261	18	8942	0
Aug 21 2021	80978	8	6625	2900
Aug 22 2021	84621	5	5948	2300
Aug 23 2021	86657	19	5555	3500
Aug 24 2021	90310	42	7795	4100
Aug 25 2021	98467	33	12490	4300
Aug 26 2021	106623	25	12081	3900
Aug 27 2021	113135	23	11035	4500
Aug 28 2021	117413	11	8589	4300
Aug 29 2021	120543	12	6642	3500
Aug 30 2021	122120	28	6805	5200
Aug 31 2021	124363	59	8402	6100
Sep 01 2021	132351	27	14615	6600
Sep 02 2021	140164	37	13950	6100
Sep 03 2021	145862	35	12633	6900
Sep 04 2021	148720	20	8878	6000
Sep 05 2021	152220	14	8314	4800
Sep 06 2021	151846	39	6765	7100
Sep 07 2021	152775	47	9276	8300
Sep 08 2021	158399	39	14863	9200
Sep 09 2021	164075	52	14228	8500
Sep 10 2021	168087	55	12667	8600
Sep 11 2021	168803	23	8539	7800
Sep 12 2021	170156	10	6963	5600
Sep 13 2021	169996	122	8262	8300
Sep 14 2021	168772	69	8845	10000
Sep 15 2021	170641	78	13047	11100
Sep 16 2021	172359	57	11875	10100
Sep 17 2021	171480	63	9884	10700
Sep 18 2021	169548	38	7106	9000
Sep 19 2021	169000	30	5682	6200
Sep 20 2021	165356	47	5303	8900
Sep 21 2021	161048	87	7279	11500
Sep 22 2021	159962	51	11165	12200
Sep 23 2021	158861	77	10076	11100
Sep 24 2021	157091	86	8916	10600
Sep 25 2021	154699	33	6441	8800
Sep 26 2021	153953	13	5267	6000
Sep 27 2021	150011	56	4814	8700
Sep 28 2021	145836	86	7411	11500
Sep 29 2021	146475	70	12209	11500
Sep 30 2021	147031	59	11015	10400
Oct 01 2021	146316	4	9289	10000
Oct 02 2021	142415	35	4534	8400
Oct 03 2021	141573	7	4965	5800
Oct 04 2021	137915	46	4488	8100
Oct 05 2021	135306	77	7768	10300
Oct 06 2021	134930	80	11604	11900
Oct 07 2021	147247	86	22403	10000
Oct 08 2021	147211	78	9742	9700
Oct 09 2021	146315	28	6932	7800
Oct 10 2021	146649	17	5951	5600
Oct 11 2021	143267	54	4872	8200
Oct 12 2021	140695	96	7924	10400
Oct 13 2021	142822	82	12309	10100
Oct 14 2021	145809	69	11756	8700
Oct 15 2021	148383	82	11656	9000
Oct 16 2021	149470	28	8515	7400
Oct 17 2021	150767	10	6807	5500
Oct 18 2021	149278	57	6568	8000
Oct 19 2021	150144	77	10543	9600
Oct 20 2021	158951	80	18687	9800
Oct 21 2021	168304	85	17838	8400
Oct 22 2021	167606	41	8543	9200
Oct 23 2021	168873	0	9267	8000
Oct 24 2021	173884	0	11411	6400
Oct 25 2021	169072	0	3988	8800
Oct 26 2021	179327	0	20955	10700
Oct 27 2021	194080	146	26099	11200
Oct 28 2021	210668	122	26610	9900
Oct 29 2021	223512	114	23758	10800
Oct 30 2021	230312	58	16558	9700
Oct 31 2021	236199	25	13912	8000
Nov 01 2021	236076	38	11315	11400
Nov 02 2021	238519	142	16285	13700
Nov 03 2021	250288	184	26453	14500
Nov 04 2021	272510	140	35662	13300
Nov 05 2021	293938	178	35806	14200
Nov 06 2021	307549	78	26389	12700
Nov 07 2021	318010	40	20701	10200
Nov 08 2021	323982	108	20580	14500
Nov 09 2021	335180	188	28986	17600
Nov 10 2021	362052	244	45416	18300
Nov 11 2021	395506	223	50377	16700
Nov 12 2021	425862	228	48184	17600
Nov 13 2021	445229	109	35276	15800
Nov 14 2021	462342	35	29048	11900
Nov 15 2021	476258	167	30483	16400
Nov 16 2021	494244	299	39985	21700
Nov 17 2021	529849	248	60753	24900
Nov 18 2021	570452	261	64164	23300
Nov 19 2021	605488	230	59266	24000
Nov 20 2021	631479	154	48245	22100
Nov 21 2021	652279	60	36860	16000
Nov 22 2021	669564	204	40489	23000
Nov 23 2021	692789	343	54268	30700
Nov 24 2021	733534	321	73966	32900
Nov 25 2021	777851	315	76132	31500
Nov 26 2021	818736	374	72159	30900
Nov 27 2021	840077	170	49311	27800
Nov 28 2021	857850	71	38444	20600
Nov 29 2021	871091	241	42582	29100
Nov 30 2021	885986	485	55880	40500
Dec 01 2021	913158	415	71887	44300
Dec 02 2021	944187	357	73486	42100
Dec 03 2021	970869	399	70681	43600
Dec 04 2021	982226	222	46379	34800
Dec 05 2021	993735	74	35983	24400
Dec 06 2021	995156	309	39330	37600
Dec 07 2021	996000	448	51592	50300
Dec 08 2021	1008961	571	68832	55300
Dec 09 2021	1021033	503	65175	52600
Dec 10 2021	1028506	496	58969	51000
Dec 11 2021	1026771	277	37542	39000
Dec 12 2021	1029281	123	29633	27000
Dec 13 2021	1017425	260	28804	40400
Dec 14 2021	996045	575	40795	61600
Dec 15 2021	988786	509	55650	62400
Dec 16 2021	982464	479	53057	58900
Dec 17 2021	969587	452	48375	60800
Dec 18 2021	955610	230	30953	44700
Dec 19 2021	950473	127	24190	29200
Dec 20 2021	923803	280	21710	48100
Dec 21 2021	892836	516	35049	65500
Dec 22 2021	871719	475	45858	66500
Dec 23 2021	851113	402	39196	59400
Dec 24 2021	822520	272	27679	56000
Dec 25 2021	801151	117	17248	38500
Dec 26 2021	785053	56	10158	26200
Dec 27 2021	760564	223	18734	43000
Dec 28 2021	729794	448	30978	61300
Dec 29 2021	711629	381	41816	59600
Dec 30 2021	698170	379	41820	54900
Dec 31 2021	680692	244	33466	50700
Jan 01 2022	665028	70	19706	35300
Jan 02 2022	654912	52	12636	22700
Jan 03 2022	643461	196	26345	37600
Jan 04 2022	633654	397	43890	53300
Jan 05 2022	646514	431	63191	49900
Jan 06 2022	658296	305	56787	44700
Jan 07 2022	679105	284	59393	38300
Jan 08 2022	693466	161	42422	27900
Jan 09 2022	703818	60	30812	20400
Jan 10 2022	710261	175	38618	32000
Jan 11 2022	723879	387	61205	47200
Jan 12 2022	759790	331	80542	44300
Jan 13 2022	811183	261	93154	41500
Jan 14 2022	854431	232	80080	36600
Jan 15 2022	887503	144	60916	27700
Jan 16 2022	911464	26	45287	21300
Jan 17 2022	928937	143	53916	36300
Jan 18 2022	973736	199	95098	50100
Jan 19 2022	1047130	258	121952	48300
Jan 20 2022	1140484	176	134930	41400
Jan 21 2022	1240743	175	138634	38200
Jan 22 2022	1318442	104	105903	28100
Jan 23 2022	1369791	31	75280	23900
Jan 24 2022	1417492	161	90962	43100
Jan 25 2022	1507616	184	148408	58100
Jan 26 2022	1639591	184	188759	56600
Jan 27 2022	1773272	182	189363	55500
Jan 28 2022	1911657	179	189464	50900
Jan 29 2022	2016684	91	143518	38400
Jan 30 2022	2094068	45	109029	31600
Jan 31 2022	2155417	147	119696	58200
Feb 01 2022	2256069	182	183434	82600
Feb 02 2022	2394617	174	223322	84600
Feb 03 2022	2555049	186	240218	79600
Feb 04 2022	2706395	165	235511	84000
Feb 05 2022	2810117	98	166620	62800
Feb 06 2022	2882407	34	114424	42100
Feb 07 2022	2937145	129	138867	84000
Feb 08 2022	3034338	231	212724	115300
Feb 09 2022	3156002	246	238410	116500
Feb 10 2022	3289706	224	247128	113200
Feb 11 2022	3409280	215	229989	110200
Feb 12 2022	3478929	122	151871	82100
Feb 13 2022	3529498	47	108216	57600
Feb 14 2022	3555017	130	127449	101800
Feb 15 2022	3582018	214	177515	150300
Feb 16 2022	3652625	279	234886	164000
Feb 17 2022	3712394	244	227613	167600
Feb 18 2022	3754485	246	206037	163700
Feb 19 2022	3781574	133	137722	110500
Feb 20 2022	3806840	65	104131	78800
Feb 21 2022	3762915	149	111824	155600
Feb 22 2022	3719193	329	158507	201900
Feb 23 2022	3735899	253	219859	202900
Feb 24 2022	3752357	273	218431	201700
Feb 25 2022	3751721	235	193099	193500
Feb 26 2022	3751728	153	129360	129200
Feb 27 2022	3763124	45	95241	83800
Feb 28 2022	3690002	118	95396	168400
Mar 01 2022	3611492	275	150565	228800
Mar 02 2022	3578894	255	198457	230800
Mar 03 2022	3554643	289	202338	226300
Mar 04 2022	3556463	252	203972	201900
Mar 05 2022	3565637	153	144427	135100
Mar 06 2022	3584539	46	104548	85600
Mar 07 2022	3538734	0	122895	168700
Mar 08 2022	3494064	583	193013	237100
Mar 09 2022	3457121	216	191973	228700
Mar 10 2022	3547137	154	300270	210100
Mar 11 2022	3602737	242	245342	189500
Mar 12 2022	3627438	166	145267	120400
Mar 13 2022	3764470	32	213264	76200
Mar 14 2022	3714706	136	101872	151500
Mar 15 2022	3727006	287	225387	212800
Mar 16 2022	3784815	298	275807	217700
Mar 17 2022	3870953	242	296980	210600
Mar 18 2022	3973786	217	284050	181000
Mar 19 2022	4017154	119	168187	124700
Mar 20 2022	4027055	24	90525	80600
Mar 21 2022	4057985	109	182939	151900
Mar 22 2022	4102618	324	268357	223400
Mar 23 2022	4186831	331	301544	217000
Mar 24 2022	4284262	261	305592	207900
Mar 25 2022	4371008	300	276746	189700
Mar 26 2022	4395373	0	151665	127300
Mar 27 2022	4403590	190	80907	72500
Mar 28 2022	4462566	159	214035	154900
Mar 29 2022	4480593	331	237858	219500
Mar 30 2022	4520855	305	267367	226800
Mar 31 2022	4551120	303	257768	227200
Apr 01 2022	4575633	297	231910	207100
Apr 02 2022	4571885	187	128639	132200
Apr 03 2022	4543112	34	57761	86500
Apr 04 2022	4481713	150	122651	183900
Apr 05 2022	4420247	470	190104	251100
Apr 06 2022	4356844	333	204930	268000
Apr 07 2022	4301902	289	200547	255200
Apr 08 2022	4233720	336	169454	237300
Apr 09 2022	4177887	170	100037	155700
Apr 10 2022	4132336	0	45149	90700
Apr 11 2022	4021175	0	92639	203800
Apr 12 2022	3910815	288	164628	274700
Apr 13 2022	3804196	307	179888	286200
Apr 14 2022	3699501	309	160914	265300
Apr 15 2022	3557898	91	88188	229700
Apr 16 2022	3475462	109	46073	128400
Apr 17 2022	3424564	14	26716	77600
Apr 18 2022	3238359	8	19303	205500
Apr 19 2022	3106922	96	130759	262100
Apr 20 2022	3032294	361	187233	261500
Apr 21 2022	2928053	390	139849	243700
Apr 22 2022	2827297	187	104331	204900
Apr 23 2022	2795409	153	89665	121400
Apr 24 2022	2763054	22	31267	63600
Apr 25 2022	2667663	171	86980	182200
Apr 26 2022	2563055	307	135699	240000
Apr 27 2022	2466973	245	124863	220700
Apr 28 2022	2384166	239	119832	202400
Apr 29 2022	2341203	186	96523	139300
Apr 30 2022	2317800	106	57003	80300
May 01 2022	2278682	13	8995	48100
May 02 2022	2186043	34	20595	113200
May 03 2022	2154620	236	158213	189400
May 04 2022	2138658	222	166960	182700
May 05 2022	2066500	159	87201	159200
May 06 2022	2017278	248	86026	135000
May 07 2022	1995082	102	48406	70500
May 08 2022	1961532	11	7361	40900
May 09 2022	1875487	95	40350	126300
May 10 2022	1816034	202	104449	163700
May 11 2022	1769109	227	93102	139800
May 12 2022	1723682	179	82652	127900
May 13 2022	1720071	181	67670	71100
May 14 2022	1711202	98	40929	49700
May 15 2022	1685649	14	5761	31300
May 16 2022	1657657	86	29394	57300
May 17 2022	1598172	176	82591	141900
May 18 2022	1519488	166	64582	143100
May 19 2022	1449295	139	56446	126500
May 20 2022	1389001	145	40651	100800
May 21 2022	1368008	76	28383	49300
May 22 2022	1344405	3	3300	26900
May 23 2022	1256290	26	18011	106100
May 24 2022	1186647	141	54198	123700
May 25 2022	1134023	0	47176	99800
May 26 2022	1083919	43	34639	84700
May 27 2022	1028902	0	14483	69500
May 28 2022	1021750	49	26097	33200
May 29 2022	1010106	11	6667	18300
May 30 2022	955025	87	23406	78400
May 31 2022	918773	332	59480	95400
Jun 01 2022	891445	89	52361	79600
Jun 02 2022	870915	126	47396	67800
Jun 03 2022	855631	81	41297	56500
Jun 04 2022	859898	47	29014	24700
Jun 05 2022	846604	4	1010	14300
Jun 06 2022	779412	0	2408	69600
Jun 07 2022	773740	45	67073	72700
Jun 08 2022	753432	155	42047	62200
Jun 09 2022	784565	61	75494	44300
Jun 10 2022	812267	106	74908	47100
Jun 11 2022	836444	65	44642	20400
Jun 12 2022	824700	3	359	12100
Jun 13 2022	806334	30	38664	57000
Jun 14 2022	830154	79	83099	59200
Jun 15 2022	817145	0	37291	50300
Jun 16 2022	863796	0	89151	42500
Jun 17 2022	852067	0	28471	40200
Jun 18 2022	914186	0	80019	17900
Jun 19 2022	903363	0	477	11300
Jun 20 2022	873874	0	6911	36400
Jun 21 2022	940706	65	122597	55700
Jun 22 2022	1007063	105	119762	53300
Jun 23 2022	1092825	98	119360	33500
Jun 24 2022	1155525	90	108190	45400
Jun 25 2022	1224277	84	89336	20500
Jun 26 2022	1210377	0	800	14700
Jun 27 2022	1293493	113	142329	59100
Jun 28 2022	1302068	175	133950	125200
Jun 29 2022	1390756	83	132671	43900
Jun 30 2022	1450571	84	113099	53200
Jul 01 2022	1525537	103	98669	23600
Jul 02 2022	1525537	0	0	0
Jul 03 2022	1510900	3	2366	17000
Jul 04 2022	1514687	102	147489	143600
Jul 05 2022	1553293	122	130728	92000
Jul 06 2022	1688587	108	135402	0
Jul 07 2022	1648688	131	117732	157500
Jul 08 2022	1744503	104	95919	0
Jul 09 2022	1715303	0	0	29200
Jul 10 2022	1601390	8	3495	117400
Jul 11 2022	1647754	165	154729	108200
Jul 12 2022	1679661	104	127611	95600
Jul 13 2022	1769065	145	152149	62600
Jul 14 2022	1878644	115	109694	0
Jul 15 2022	1917456	134	123046	84100
Jul 16 2022	1888656	0	0	28800
Jul 17 2022	1867856	0	0	20800
Jul 18 2022	1924345	102	160691	104100
Jul 19 2022	1945408	136	140999	119800
Jul 20 2022	1972155	177	136624	109700
Jul 21 2022	1981761	113	107819	98100
Jul 22 2022	1984054	116	92009	89600
Jul 23 2022	1953554	0	0	30500
Jul 24 2022	1932154	0	0	21400
Jul 25 2022	1960541	187	145474	116900
Jul 26 2022	1949440	181	121780	132700
Jul 27 2022	1821109	157	104126	232300
Jul 28 2022	1905754	153	84798	0
Jul 29 2022	1876040	117	66003	95600
Jul 30 2022	1846040	0	0	30000
Jul 31 2022	1826140	0	0	19900
Aug 01 2022	1807623	178	103561	121900
Aug 02 2022	1762194	210	87681	132900
Aug 03 2022	1714847	192	74645	121800
Aug 04 2022	1668488	165	59506	105700
Aug 05 2022	1628056	141	49609	89900
Aug 06 2022	1600256	0	0	27800
Aug 07 2022	1580756	0	0	19500
Aug 08 2022	1539092	170	78706	120200
Aug 09 2022	1481916	213	72737	129700
Aug 10 2022	1424551	153	59888	117100
Aug 11 2022	1282923	167	49839	191300
Aug 12 2022	1328645	137	45859	0
Aug 13 2022	1302545	0	0	26100
Aug 14 2022	1285245	0	0	17300
Aug 15 2022	1235547	140	63742	113300
Aug 16 2022	1185045	192	67390	117700
Aug 17 2022	1143246	184	58685	100300
Aug 18 2022	1105101	169	46724	84700
Aug 19 2022	1066075	121	36295	75200
Aug 20 2022	1042675	0	0	23400
Aug 21 2022	1027875	0	0	14800
Aug 22 2022	988789	146	60460	99400
Aug 23 2022	944581	147	52939	97000
Aug 24 2022	913466	116	49201	80200
Aug 25 2022	887519	90	37343	63200
Aug 26 2022	865444	101	33226	55200
Aug 27 2022	847244	0	0	18200
Aug 28 2022	835144	0	0	12100
Aug 29 2022	817631	119	54506	71900
Aug 30 2022	793353	181	49303	73400
Aug 31 2022	771059	90	39396	61600
Sep 01 2022	753241	148	33930	51600
Sep 02 2022	737666	120	29345	44800
Sep 03 2022	721666	0	0	16000
Sep 04 2022	710966	0	0	10700
Sep 05 2022	701876	99	49709	58700
Sep 06 2022	687651	120	46495	60600
Sep 07 2022	680291	117	42057	49300
Sep 08 2022	674067	119	35995	42100
Sep 09 2022	664551	82	30166	39600
Sep 10 2022	651151	0	0	13400
Sep 11 2022	641451	0	0	9700
Sep 12 2022	646191	90	54930	50100
Sep 13 2022	641981	109	51299	55400
Sep 14 2022	643965	230	46514	44300
Sep 15 2022	645197	117	38749	37400
Sep 16 2022	648722	88	36613	33000
Sep 17 2022	636922	0	0	11800
Sep 18 2022	628022	0	0	8900
Sep 19 2022	642314	146	60238	45800
Sep 20 2022	651639	90	56715	47300
Sep 21 2022	667011	106	56978	41500
Sep 22 2022	684218	93	50800	33500
Sep 23 2022	700492	90	46964	30600
Sep 24 2022	688892	0	0	11600
Sep 25 2022	679992	0	0	8900
Sep 26 2022	723956	118	89282	45200
Sep 27 2022	773129	138	95811	46500
Sep 28 2022	814298	94	78863	37600
Sep 29 2022	878225	140	96367	32300
Sep 30 2022	920965	116	73856	31000
Oct 01 2022	908965	0	0	12000
Oct 02 2022	899365	0	0	9600
Oct 03 2022	853265	0	0	46100
Oct 04 2022	939169	128	133532	47500
Oct 05 2022	1028566	97	132494	43000
Oct 06 2022	1163461	117	174112	39100
Oct 07 2022	1248097	129	122265	37500
Oct 08 2022	1232597	0	0	15500
Oct 09 2022	1219497	0	0	13100
Oct 10 2022	1333948	185	172536	57900
Oct 11 2022	1405897	199	136748	64600
Oct 12 2022	1494134	176	145213	56800
Oct 13 2022	1556367	165	114198	51800
Oct 14 2022	1599115	160	91508	48600
Oct 15 2022	1580015	0	0	19100
Oct 16 2022	1565815	0	0	14200
Oct 17 2022	1670560	209	150054	45100
Oct 18 2022	1719286	248	130074	81100
Oct 19 2022	1750669	223	116806	85200
Oct 20 2022	1763884	178	92293	78900
Oct 21 2022	1767611	204	74631	70700
Oct 22 2022	1740911	0	0	26700
Oct 23 2022	1722511	0	0	18400
Oct 24 2022	1739173	273	115535	98600
Oct 25 2022	1722218	242	94787	111500
Oct 26 2022	1700827	196	78905	100100
Oct 27 2022	1676835	184	61492	85300
Oct 28 2022	1644786	167	47718	79600
Oct 29 2022	1615686	0	0	29100
Oct 30 2022	1596186	0	0	19500
Oct 31 2022	1589693	150	48557	54900
Nov 01 2022	1496334	120	29961	123200
Nov 02 2022	1448182	281	78629	126500
Nov 03 2022	1387884	233	56635	116700
Nov 04 2022	1328536	207	38859	98000
Nov 05 2022	1300436	0	0	28100
Nov 06 2022	1279636	0	0	20800
Nov 07 2022	1220549	250	61063	119900
Nov 08 2022	1146942	227	47820	121200
Nov 09 2022	1083535	175	38668	101900
Nov 10 2022	1031122	216	33703	85900
Nov 11 2022	984506	185	28369	74800
Nov 12 2022	962906	0	0	21600
Nov 13 2022	948306	0	0	14600
Nov 14 2022	902267	219	47180	93000
Nov 15 2022	848754	223	38610	91900
Nov 16 2022	792898	162	33306	89000
Nov 17 2022	750667	218	27587	69600
Nov 18 2022	717592	203	25328	58200
Nov 19 2022	701392	0	0	16200
Nov 20 2022	689792	0	0	11600
Nov 21 2022	657869	199	41676	73400
Nov 22 2022	622320	139	33290	68700
Nov 23 2022	605247	163	38090	55000
Nov 24 2022	590189	274	30016	44800
Nov 25 2022	577469	107	24687	37300
Nov 26 2022	566069	0	0	11400
Nov 27 2022	556869	0	0	9200
Nov 28 2022	563860	162	46553	39400
Nov 29 2022	569694	134	43768	37800
Nov 30 2022	557357	152	36115	48300
Dec 01 2022	550011	166	30420	37600
Dec 02 2022	546663	89	27841	31100
Dec 03 2022	536863	0	0	9800
Dec 04 2022	529863	0	0	7000
Dec 05 2022	533262	188	46787	43200
Dec 06 2022	538020	173	45331	40400
Dec 07 2022	545051	125	40256	33100
Dec 08 2022	551410	167	35826	29300
Dec 09 2022	584160	115	32865	0
Dec 10 2022	546760	0	0	37400
Dec 11 2022	539860	0	0	6900
Dec 12 2022	555694	211	53745	37700
Dec 13 2022	566134	187	48327	37700
Dec 14 2022	579779	230	44875	31000
Dec 15 2022	592937	143	40701	27400
Dec 16 2022	599998	147	34308	27100
Dec 17 2022	591098	0	0	8900
Dec 18 2022	584698	0	0	6400
Dec 19 2022	602553	161	55016	37000
Dec 20 2022	615380	201	52528	39500
Dec 21 2022	629890	178	47988	33300
Dec 22 2022	641934	187	41431	29200
Dec 23 2022	648069	157	34092	27800
Dec 24 2022	638369	0	0	9700
Dec 25 2022	631069	0	0	7300
Dec 26 2022	589669	0	0	41400
Dec 27 2022	606858	204	60493	43100
Dec 28 2022	610007	161	40810	37500
Dec 29 2022	610248	188	32729	32300
Dec 30 2022	604200	144	23896	29800
Dec 31 2022	593000	0	0	11200
Jan 01 2023	585500	0	0	7500
Jan 02 2023	585136	249	40785	40900
Jan 03 2023	574774	307	36145	46200
Jan 04 2023	563992	235	28653	39200
Jan 05 2023	549452	262	20922	35200
Jan 06 2023	530951	170	13169	31500
Jan 07 2023	520951	0	0	10000
Jan 08 2023	515051	0	0	5900
Jan 09 2023	515797	287	30533	29500
Jan 10 2023	493247	269	22119	44400
Jan 11 2023	471545	181	19379	40900
Jan 12 2023	421501	200	12956	62800
Jan 13 2023	431960	150	10609	0
Jan 14 2023	423860	0	0	8100
Jan 15 2023	418260	0	0	5600
Jan 16 2023	394592	190	17222	40700
Jan 17 2023	369354	188	15450	40500
Jan 18 2023	346217	238	12001	34900
Jan 19 2023	325233	194	9710	30500
Jan 20 2023	308381	118	8866	25600
Jan 21 2023	301281	0	0	7100
Jan 22 2023	296681	0	0	4600
Jan 23 2023	300312	141	16072	12300
Jan 24 2023	281692	157	16737	35200
Jan 25 2023	267461	138	13807	27900
Jan 26 2023	258841	175	13155	21600
Jan 27 2023	253731	127	11317	16300
Jan 28 2023	248831	0	0	4900
Jan 29 2023	245631	0	0	3200
Jan 30 2023	238410	122	19301	26400
Jan 31 2023	234622	148	21060	24700
Feb 01 2023	232825	154	16957	18600
Feb 02 2023	230931	151	13357	15100
Feb 03 2023	232449	112	12430	10800
Feb 04 2023	228849	0	0	3600
Feb 05 2023	225949	0	0	2900
Feb 06 2023	224531	164	19646	20900
Feb 07 2023	224904	107	19480	19000
Feb 08 2023	227588	127	18011	15200
Feb 09 2023	229532	134	14178	12100
Feb 10 2023	232349	103	13420	10500
Feb 11 2023	229149	0	0	3200
Feb 12 2023	226449	0	0	2700
Feb 13 2023	232169	112	21632	15800
Feb 14 2023	236747	124	20502	15800
Feb 15 2023	244833	125	20911	12700
Feb 16 2023	250136	90	16393	11000
Feb 17 2023	255822	75	15861	10100
Feb 18 2023	252422	0	0	3400
Feb 19 2023	249822	0	0	2600
Feb 20 2023	250024	98	15500	15200
Feb 21 2023	259183	104	25763	16500
Feb 22 2023	270508	113	25038	13600
Feb 23 2023	267566	119	21177	24000
Feb 24 2023	288451	89	20974	0
Feb 25 2023	284651	0	0	3800
Feb 26 2023	281751	0	0	2900
Feb 27 2023	296682	139	32970	17900
Feb 28 2023	301622	135	24875	19800
Mar 01 2023	306079	89	21046	16500
Mar 02 2023	304675	121	12617	13900
Mar 03 2023	299653	101	8279	13200
Mar 04 2023	295753	0	0	3900
Mar 05 2023	292653	0	0	3100
Mar 06 2023	285780	186	10813	17500
Mar 07 2023	274701	126	9947	20900
Mar 08 2023	265923	99	9621	18300
Mar 09 2023	256925	127	7829	16700
Mar 10 2023	247846	122	6943	15900
Mar 11 2023	243246	0	0	4600
Mar 12 2023	240246	0	0	3000
Mar 13 2023	229431	165	10750	21400
Mar 14 2023	200545	123	9437	38200
Mar 15 2023	208057	115	7627	0
Mar 16 2023	202218	119	7680	13400
Mar 17 2023	196076	82	5540	11600
Mar 18 2023	193276	0	0	2800
Mar 19 2023	191276	0	0	2000
Mar 20 2023	185979	141	9744	14900
Mar 21 2023	176669	92	7082	16300
Mar 22 2023	167507	180	7118	16100
Mar 23 2023	157885	157	5635	15100
Mar 24 2023	148610	100	4325	13500
Mar 25 2023	145410	0	0	3200
Mar 26 2023	143410	0	0	2000
Mar 27 2023	132505	162	7357	18100
Mar 28 2023	121145	134	5174	16400
Mar 29 2023	113036	100	4491	12500
Mar 30 2023	109003	112	3679	7600
Mar 31 2023	105362	125	2984	6500
Apr 01 2023	103862	0	0	1500
Apr 02 2023	102762	0	0	1100
Apr 03 2023	99152	95	4985	8500
Apr 04 2023	94574	110	3732	8200
Apr 05 2023	90700	110	3136	6900
Apr 06 2023	87080	132	2412	5900
Apr 07 2023	81680	0	0	5400
Apr 08 2023	80380	0	0	1300
Apr 09 2023	79380	0	0	1000
Apr 10 2023	71580	0	0	7800
Apr 11 2023	69713	186	5419	7100
Apr 12 2023	67108	151	3346	5800
Apr 13 2023	64560	148	2700	5100
Apr 14 2023	62394	96	2030	4100
Apr 15 2023	61194	0	0	1200
Apr 16 2023	60294	0	0	900
Apr 17 2023	57040	94	3140	6300
Apr 18 2023	53932	129	2721	5700
Apr 19 2023	51465	104	2237	4600
Apr 20 2023	49338	109	1882	3900
Apr 21 2023	47956	108	1626	2900
Apr 22 2023	47156	0	0	800
Apr 23 2023	46456	0	0	700
Apr 24 2023	44624	99	2467	4200
Apr 25 2023	42820	126	2422	4100
Apr 26 2023	41184	121	1885	3400
Apr 27 2023	39685	67	1668	3100
Apr 28 2023	38323	95	1233	2500
Apr 29 2023	37723	0	0	600
Apr 30 2023	37223	0	0	500
May 01 2023	33523	0	0	3700
May 02 2023	32819	66	2462	3100
May 03 2023	32154	118	1953	2500
May 04 2023	31513	79	1538	2100
May 05 2023	32087	68	1442	800
May 06 2023	31587	0	0	500
May 07 2023	31187	0	0	400
May 08 2023	32205	98	2016	900
May 09 2023	29944	71	1310	3500
May 10 2023	28831	84	1271	2300
May 11 2023	27761	109	1039	2000
May 12 2023	27225	60	924	1400
May 13 2023	26825	0	0	400
May 14 2023	26425	0	0	400
May 15 2023	25465	37	1277	2200
May 16 2023	24362	53	1250	2300
May 17 2023	23583	54	1075	1800
May 18 2023	21983	0	0	1600
May 19 2023	21459	54	830	1300
May 20 2023	21159	0	0	300
May 21 2023	20859	0	0	300
May 22 2023	19968	37	1246	2100
May 23 2023	19327	78	1137	1700
May 24 2023	18606	60	739	1400
May 25 2023	18102	39	635	1100
May 26 2023	17561	38	497	1000
May 27 2023	17461	0	0	100
May 28 2023	17161	0	0	300
May 29 2023	14761	0	0	2400
May 30 2023	14352	45	936	1300
May 31 2023	14120	31	799	1000
Jun 01 2023	13733	29	642	1000
Jun 02 2023	13733	0	0	0
Jun 03 2023	14245	39	551	0
Jun 04 2023	14245	0	0	0
Jun 05 2023	14245	0	0	0
Jun 06 2023	14955	22	732	0
Jun 07 2023	15483	31	559	0
Jun 08 2023	15918	24	459	0
Jun 09 2023	16122	18	222	0
Jun 10 2023	16584	26	488	0
Jun 11 2023	16584	0	0	0
Jun 12 2023	16584	0	0	0
Jun 13 2023	17128	35	579	0
Jun 14 2023	17599	41	512	0
Jun 15 2023	17981	31	413	0
Jun 16 2023	18328	31	378	0
Jun 17 2023	18566	21	259	0
Jun 18 2023	18566	0	0	0
Jun 19 2023	18566	0	0	0
Jun 20 2023	19018	20	472	0
Jun 21 2023	19420	26	428	0
Jun 22 2023	19727	24	331	0
Jun 23 2023	20046	22	341	0
Jun 24 2023	20377	34	365	0
Jun 25 2023	20377	0	0	0
Jun 26 2023	20377	0	0	0
Jun 27 2023	20755	26	404	0
Jun 28 2023	21063	29	337	0
Jun 29 2023	21341	36	314	0
Jun 30 2023	21571	18	248	0
Jul 01 2023	21759	33	221	0
Jul 02 2023	21759	0	0	0
Jul 03 2023	21759	0	0	0
Jul 04 2023	22175	13	429	0
Jul 05 2023	22558	17	400	0
Jul 06 2023	22783	18	243	0
Jul 07 2023	22962	20	199	0
Jul 08 2023	23307	20	365	0
Jul 09 2023	23307	0	0	0
Jul 10 2023	23307	0	0	0
Jul 11 2023	23654	6	353	0
Jul 12 2023	24118	12	476	0
Jul 13 2023	24366	24	272	0
Jul 14 2023	24624	15	273	0
Jul 15 2023	24821	23	220	0
Jul 16 2023	24821	0	0	0
Jul 17 2023	24821	0	0	0
Jul 18 2023	25156	8	343	0
Jul 19 2023	25492	36	372	0
Jul 20 2023	25771	15	294	0
Jul 21 2023	26025	7	261	0
Jul 22 2023	26216	10	201	0
Jul 23 2023	26216	0	0	0
Jul 24 2023	26216	0	0	0
Jul 25 2023	26548	21	353	0
Jul 26 2023	26844	9	305	0
Jul 27 2023	27227	18	401	0
Jul 28 2023	27661	8	442	0
Jul 29 2023	27967	10	316	0
Jul 30 2023	27967	0	0	0
Jul 31 2023	27967	0	0	0
Aug 01 2023	28461	5	499	0
Aug 02 2023	28888	24	451	0
Aug 03 2023	29248	10	370	0
Aug 04 2023	29590	3	345	0
Aug 05 2023	29916	22	348	0
Aug 06 2023	29916	0	0	0
Aug 07 2023	29916	0	0	0
Aug 08 2023	30421	8	513	0
Aug 09 2023	30965	9	553	0
Aug 10 2023	31463	5	503	0
Aug 11 2023	31927	7	471	0
Aug 12 2023	32379	6	458	0
Aug 13 2023	32379	0	0	0
Aug 14 2023	32379	0	0	0
Aug 15 2023	33167	13	801	0
Aug 16 2023	33877	5	715	0
Aug 17 2023	34745	11	879	0
Aug 18 2023	35519	4	778	0
Aug 19 2023	36251	9	741	0
Aug 20 2023	36251	0	0	0
Aug 21 2023	36251	0	0	0
Aug 22 2023	37376	13	1138	0
Aug 23 2023	38464	15	1103	0
Aug 24 2023	39382	12	930	0
Aug 25 2023	39382	0	0	0
Aug 26 2023	39382	0	0	0
Aug 27 2023	39382	0	0	0
Aug 28 2023	39382	0	0	0
Aug 29 2023	42463	50	3131	0
Aug 30 2023	43555	17	1109	0
Aug 31 2023	44612	13	1070	0
Sep 01 2023	45599	28	1015	0
Sep 02 2023	46556	17	974	0
Sep 03 2023	46556	0	0	0
Sep 04 2023	46556	0	0	0
Sep 05 2023	47816	14	1274	0
Sep 06 2023	49247	14	1445	0
Sep 07 2023	50643	25	1421	0
Sep 08 2023	51938	19	1314	0
Sep 09 2023	53252	16	1330	0
Sep 10 2023	53252	0	0	0
Sep 11 2023	53252	0	0	0
Sep 12 2023	55071	27	1846	0
Sep 13 2023	56743	75	1747	0
Sep 14 2023	58645	32	1934	0
Sep 15 2023	59979	53	1387	0
Sep 16 2023	61308	35	1364	0
Sep 17 2023	61308	0	0	0
Sep 18 2023	61308	0	0	0
Sep 19 2023	62995	27	1714	0
Sep 20 2023	64939	25	1969	0
Sep 21 2023	66619	23	1703	0
Sep 22 2023	68365	17	1763	0
Sep 23 2023	69671	32	1338	0
Sep 24 2023	69671	0	0	0
Sep 25 2023	69671	0	0	0
Sep 26 2023	71515	12	1856	0
Sep 27 2023	73455	30	1970	0
Sep 28 2023	75038	27	1610	0
Sep 29 2023	76535	13	1510	0
Sep 30 2023	78088	30	1583	0
Oct 01 2023	78088	0	0	0
Oct 02 2023	78088	0	0	0
Oct 03 2023	80148	21	2081	0
Oct 04 2023	80148	0	0	0
Oct 05 2023	82883	23	2758	0
Oct 06 2023	85395	30	2542	0
Oct 07 2023	87730	25	2360	0
Oct 08 2023	87730	0	0	0
Oct 09 2023	87730	0	0	0
Oct 10 2023	90721	28	3019	0
Oct 11 2023	93303	32	2614	0
Oct 12 2023	95747	29	2473	0
Oct 13 2023	97851	25	2129	0
Oct 14 2023	100340	37	2526	0
Oct 15 2023	100340	0	0	0
Oct 16 2023	100340	0	0	0
Oct 17 2023	103544	22	3226	0
Oct 18 2023	106236	42	2734	0
Oct 19 2023	108973	44	2781	0
Oct 20 2023	111252	26	2305	0
Oct 21 2023	113632	43	2423	0
Oct 22 2023	113632	0	0	0
Oct 23 2023	113632	0	0	0
Oct 24 2023	117590	41	3999	0
Oct 25 2023	121381	45	3836	0
Oct 26 2023	124759	53	3431	0
Oct 27 2023	127765	30	3036	0
Oct 28 2023	130889	40	3164	0
Oct 29 2023	130889	0	0	0
Oct 30 2023	130889	0	0	0
Oct 31 2023	135709	56	4876	0
Nov 01 2023	138154	44	2489	0
Nov 02 2023	140707	23	2576	0
Nov 03 2023	145293	68	4654	0
Nov 04 2023	149454	60	4221	0
Nov 05 2023	149454	0	0	0
Nov 06 2023	149454	0	0	0
Nov 07 2023	154694	73	5313	0
Nov 08 2023	158764	74	4144	0
Nov 09 2023	163247	70	4553	0
Nov 10 2023	168091	88	4932	0
Nov 11 2023	171758	67	3734	0
Nov 12 2023	171758	0	0	0
Nov 13 2023	171758	0	0	0
Nov 14 2023	176816	64	5122	0
Nov 15 2023	181312	86	4582	0
Nov 16 2023	185782	66	4536	0
Nov 17 2023	189948	61	4227	0
Nov 18 2023	194127	98	4277	0
Nov 19 2023	194127	0	0	0
Nov 20 2023	194127	0	0	0
Nov 21 2023	199911	68	5852	0
Nov 22 2023	204841	75	5005	0
Nov 23 2023	208870	64	4093	0
Nov 24 2023	213184	68	4382	0
Nov 25 2023	217194	74	4084	0
Nov 26 2023	217194	0	0	0
Nov 27 2023	217194	0	0	0
Nov 28 2023	223224	78	6108	0
Nov 29 2023	228160	74	5010	0
Nov 30 2023	233363	63	5266	0
Dec 01 2023	237910	78	4625	0
Dec 02 2023	242058	60	4208	0
Dec 03 2023	242058	0	0	0
Dec 04 2023	242058	0	0	0
Dec 05 2023	247191	58	5191	0
Dec 06 2023	252494	122	5425	0
Dec 07 2023	258973	87	6566	0
Dec 08 2023	264413	65	5505	0
Dec 09 2023	269175	90	4852	0
Dec 10 2023	269175	0	0	0
Dec 11 2023	269175	0	0	0
Dec 12 2023	277013	84	7922	0
Dec 13 2023	283742	116	6845	0
Dec 14 2023	290833	94	7185	0
Dec 15 2023	296659	71	5897	0
Dec 16 2023	302100	70	5511	0
Dec 17 2023	302100	0	0	0
Dec 18 2023	302100	0	0	0
Dec 19 2023	310004	103	8007	0
Dec 20 2023	316262	116	6374	0
Dec 21 2023	321942	97	5777	0
Dec 22 2023	326641	106	4805	0
Dec 23 2023	330845	138	4342	0
Dec 24 2023	330845	0	0	0
Dec 25 2023	330846	0	1	0
Dec 26 2023	330846	0	0	0
Dec 27 2023	330846	0	0	0
Dec 28 2023	337468	83	6705	0
Dec 29 2023	341788	93	4413	0
Dec 30 2023	344947	79	3238	0
Dec 31 2023	344948	0	1	0
Jan 01 2024	344950	0	2	0
Jan 02 2024	344950	0	0	0
Jan 03 2024	350395	106	5551	0
Jan 04 2024	354757	124	4486	0
Jan 05 2024	357623	123	2989	0
Jan 06 2024	359743	116	2236	0
Jan 07 2024	359743	0	0	0
Jan 08 2024	359743	0	0	0
Jan 09 2024	363237	79	3573	0
Jan 10 2024	365207	132	2102	0
Jan 11 2024	367221	86	2100	0
Jan 12 2024	368700	81	1560	0
Jan 13 2024	370083	88	1471	0
Jan 14 2024	370083	0	0	0
Jan 15 2024	370083	0	0	0
Jan 16 2024	372011	81	2009	0
Jan 17 2024	373547	80	1616	0
Jan 18 2024	374718	79	1250	0
Jan 19 2024	376689	141	2112	0
Jan 20 2024	376689	0	0	0
Jan 21 2024	376689	0	0	0
Jan 22 2024	376689	0	0	0
Jan 23 2024	378284	52	1647	0
Jan 24 2024	379659	60	1435	0
Jan 25 2024	380469	51	861	0
Jan 26 2024	381626	58	1215	0
Jan 27 2024	382888	54	1316	0
Jan 28 2024	382888	0	0	0
Jan 29 2024	382888	0	0	0
Jan 30 2024	384228	50	1390	0
Jan 31 2024	385371	52	1195	0
Feb 01 2024	386326	43	998	0
Feb 02 2024	387097	73	844	0
Feb 03 2024	387863	38	804	0
Feb 04 2024	387863	0	0	0
Feb 05 2024	387863	0	0	0
Feb 06 2024	389006	70	1213	0
Feb 07 2024	389320	11	325	0
Feb 08 2024	390707	98	1485	0
Feb 09 2024	391295	33	621	0
Feb 10 2024	392011	46	762	0
Feb 11 2024	392011	0	0	0
Feb 12 2024	392011	0	0	0
Feb 13 2024	392679	29	697	0
Feb 14 2024	393366	39	726	0
Feb 15 2024	393966	27	627	0
Feb 16 2024	394523	49	606	0
Feb 17 2024	394983	17	477	0
Feb 18 2024	394983	0	0	0
Feb 19 2024	394983	0	0	0
Feb 20 2024	395699	36	752	0
Feb 21 2024	396245	28	574	0
Feb 22 2024	396580	31	366	0
Feb 23 2024	396950	38	408	0
Feb 24 2024	397348	33	431	0
Feb 25 2024	397348	0	0	0
Feb 26 2024	397348	0	0	0
Feb 27 2024	397838	6	496	0
Feb 28 2024	398231	40	433	0
Feb 29 2024	398435	14	218	0
Mar 01 2024	398435	0	0	0
Mar 02 2024	398955	29	549	0
Mar 03 2024	399225	19	289	0
Mar 04 2024	399225	0	0	0
Mar 05 2024	399657	20	452	0
Mar 06 2024	399992	25	360	0
Mar 07 2024	400259	25	292	0
Mar 08 2024	400511	17	269	0
Mar 09 2024	400511	0	0	0
Mar 10 2024	400511	0	0	0
Mar 11 2024	400511	0	0	0
Mar 12 2024	401044	13	546	0
Mar 13 2024	401260	28	244	0
Mar 14 2024	401477	20	237	0
Mar 15 2024	401669	12	204	0
Mar 16 2024	401853	19	203	0
Mar 17 2024	401853	0	0	0
Mar 18 2024	401853	0	0	0
Mar 19 2024	402128	10	285	0
Mar 20 2024	402363	17	252	0
Mar 21 2024	402536	12	185	0
Mar 22 2024	402703	17	184	0
Mar 23 2024	402813	7	117	0
Mar 24 2024	402813	0	0	0
Mar 25 2024	402813	0	0	0
Mar 26 2024	402813	0	0	0
Mar 27 2024	402813	0	0	0
