Date	Active Cases	Daily Death	New cases	Recoverd Cases
Feb 15 2020	0	0	0	0
Feb 16 2020	0	0	0	0
Feb 17 2020	0	0	0	0
Feb 18 2020	0	0	0	0
Feb 19 2020	0	0	0	0
Feb 20 2020	0	0	0	0
Feb 21 2020	0	0	0	0
Feb 22 2020	0	0	0	0
Feb 23 2020	0	0	0	0
Feb 24 2020	0	0	0	0
Feb 25 2020	0	0	0	0
Feb 26 2020	0	0	0	0
Feb 27 2020	0	0	0	0
Feb 28 2020	0	0	0	0
Feb 29 2020	0	0	0	0
Mar 01 2020	0	0	0	0
Mar 02 2020	0	0	0	0
Mar 03 2020	0	0	0	0
Mar 04 2020	0	0	0	0
Mar 05 2020	1	0	0	0
Mar 06 2020	1	0	0	0
Mar 07 2020	2	0	1	0
Mar 08 2020	3	0	1	0
Mar 09 2020	7	0	4	0
Mar 10 2020	7	0	0	0
Mar 11 2020	13	0	6	0
Mar 12 2020	16	0	3	0
Mar 13 2020	24	0	8	0
Mar 14 2020	38	0	14	0
Mar 15 2020	61	0	23	0
Mar 16 2020	64	0	3	0
Mar 17 2020	85	0	21	0
Mar 18 2020	116	0	31	0
Mar 19 2020	150	0	34	0
Mar 20 2020	202	0	52	0
Mar 21 2020	238	0	38	0
Mar 22 2020	272	0	34	0
Mar 23 2020	399	0	129	0
Mar 24 2020	552	0	153	0
Mar 25 2020	700	0	156	0
Mar 26 2020	919	0	219	0
Mar 27 2020	1143	0	244	0
Mar 28 2020	1160	0	17	0
Mar 29 2020	1253	1	94	0
Mar 30 2020	1298	1	46	0
Mar 31 2020	1323	2	27	0
Apr 01 2020	1331	0	27	0
Apr 02 2020	1413	0	82	0
Apr 03 2020	1407	4	43	0
Apr 04 2020	1487	0	80	0
Apr 05 2020	1555	2	70	0
Apr 06 2020	1585	1	31	0
Apr 07 2020	1647	1	63	0
Apr 08 2020	1739	5	97	0
Apr 09 2020	1829	0	90	0
Apr 10 2020	1575	6	69	0
Apr 11 2020	1599	1	25	0
Apr 12 2020	1745	0	146	0
Apr 13 2020	1843	2	100	0
Apr 14 2020	1987	0	144	0
Apr 15 2020	2072	7	92	0
Apr 16 2020	1662	14	100	0
Apr 17 2020	1839	2	179	0
Apr 18 2020	2090	2	253	0
Apr 19 2020	2213	2	125	0
Apr 20 2020	2199	4	143	0
Apr 21 2020	2365	0	166	0
Apr 22 2020	2529	7	171	0
Apr 23 2020	2418	10	320	0
Apr 24 2020	2683	4	269	0
Apr 25 2020	2818	7	142	0
Apr 26 2020	3003	1	186	0
Apr 27 2020	3248	3	248	0
Apr 28 2020	2845	3	204	0
Apr 29 2020	3191	10	356	0
Apr 30 2020	3490	0	299	0
May 01 2020	3472	13	306	0
May 02 2020	3684	7	387	0
May 03 2020	4126	8	450	0
May 04 2020	4361	7	440	0
May 05 2020	4705	10	354	0
May 06 2020	4528	5	237	0
May 07 2020	4947	8	427	0
May 08 2020	5597	17	667	0
May 09 2020	5282	8	528	0
May 10 2020	5682	8	599	0
May 11 2020	6126	12	641	0
May 12 2020	6828	0	702	0
May 13 2020	7153	13	728	0
May 14 2020	6866	19	669	0
May 15 2020	7238	9	790	0
May 16 2020	7663	14	836	0
May 17 2020	8296	3	1167	0
May 18 2020	8904	22	924	0
May 19 2020	8983	27	772	0
May 20 2020	8767	28	808	0
May 21 2020	9877	31	1141	0
May 22 2020	9681	29	994	0
May 23 2020	10896	10	1225	0
May 24 2020	11119	22	1247	0
May 25 2020	11282	53	1038	0
May 26 2020	11062	44	653	0
May 27 2020	12002	29	1683	0
May 28 2020	12526	26	1475	0
May 29 2020	13612	35	1848	0
May 30 2020	14287	33	1737	0
May 31 2020	15275	41	1726	0
Jun 01 2020	16452	22	1684	0
Jun 02 2020	16837	51	1464	0
Jun 03 2020	17145	38	1723	0
Jun 04 2020	18736	57	3287	0
Jun 05 2020	19545	61	2658	0
Jun 06 2020	20877	45	2554	0
Jun 07 2020	23049	47	2326	0
Jun 08 2020	23830	84	2610	0
Jun 09 2020	22946	84	2125	0
Jun 10 2020	22828	49	2445	0
Jun 11 2020	24160	76	3166	0
Jun 12 2020	25703	71	3379	0
Jun 13 2020	27610	70	3832	0
Jun 14 2020	30189	58	4328	0
Jun 15 2020	32270	91	3516	0
Jun 16 2020	32821	58	2818	0
Jun 17 2020	34592	50	4103	0
Jun 18 2020	37434	64	3499	0
Jun 19 2020	38262	97	3848	0
Jun 20 2020	40695	47	4996	0
Jun 21 2020	44000	54	4649	0
Jun 22 2020	46405	62	4314	0
Jun 23 2020	49225	114	4545	0
Jun 24 2020	53001	106	5722	0
Jun 25 2020	56411	90	6619	0
Jun 26 2020	58453	49	6253	0
Jun 27 2020	62631	75	7254	0
Jun 28 2020	67117	44	6372	0
Jun 29 2020	71510	75	6167	0
Jun 30 2020	75418	132	6987	0
Jul 01 2020	80999	95	8173	0
Jul 02 2020	83672	98	8781	0
Jul 03 2020	88354	111	9118	0
Jul 04 2020	94238	76	10919	0
Jul 05 2020	100785	178	8826	0
Jul 06 2020	105136	114	9025	0
Jul 07 2020	110656	197	10195	0
Jul 08 2020	114846	103	8863	0
Jul 09 2020	122224	122	13757	0
Jul 10 2020	129301	144	12423	0
Jul 11 2020	133226	114	13579	0
Jul 12 2020	138044	111	12131	0
Jul 13 2020	146185	96	11624	0
Jul 14 2020	148478	179	10559	0
Jul 15 2020	146701	110	12834	0
Jul 16 2020	154803	222	13252	0
Jul 17 2020	155450	139	13454	0
Jul 18 2020	164596	148	13365	0
Jul 19 2020	169156	88	13530	0
Jul 20 2020	174539	144	9356	0
Jul 21 2020	169199	200	8219	0
Jul 22 2020	160683	587	13229	0
Jul 23 2020	166581	157	13183	0
Jul 24 2020	170784	257	14028	0
Jul 25 2020	165354	321	12278	0
Jul 26 2020	174503	117	11301	0
Jul 27 2020	171429	306	7139	0
Jul 28 2020	166047	195	7276	0
Jul 29 2020	166514	246	11431	0
Jul 30 2020	165599	324	11113	0
Jul 31 2020	159812	198	11081	0
Aug 01 2020	153440	152	10168	0
Aug 02 2020	156671	219	8245	0
Aug 03 2020	151027	178	5409	0
Aug 04 2020	149407	354	4483	0
Aug 05 2020	143996	425	8611	0
Aug 06 2020	141928	314	8357	0
Aug 07 2020	141463	313	7336	0
Aug 08 2020	139045	309	7759	0
Aug 09 2020	138605	203	6711	0
Aug 10 2020	136387	219	3762	0
Aug 11 2020	129800	134	2526	0
Aug 12 2020	126421	266	2827	0
Aug 13 2020	124501	268	3970	0
Aug 14 2020	106257	294	6313	0
Aug 15 2020	105434	125	4540	0
Aug 16 2020	103513	166	3714	0
Aug 17 2020	100596	147	2556	0
Aug 18 2020	94734	290	2272	0
Aug 19 2020	92502	163	3940	0
Aug 20 2020	90442	200	3903	0
Aug 21 2020	90679	231	3419	0
Aug 22 2020	90211	148	3729	0
Aug 23 2020	90524	74	2744	0
Aug 24 2020	82023	103	1687	0
Aug 25 2020	79536	153	1576	0
Aug 26 2020	77147	199	2700	0
Aug 27 2020	73485	130	2601	0
Aug 28 2020	72611	118	1857	0
Aug 29 2020	72025	244	2434	0
Aug 30 2020	72575	48	2520	0
Aug 31 2020	72114	125	1997	0
Sep 01 2020	64097	117	1225	0
Sep 02 2020	62833	130	2350	0
Sep 03 2020	63649	179	2435	0
Sep 04 2020	62657	118	2075	0
Sep 05 2020	60964	104	1817	0
Sep 06 2020	59791	113	1643	0
Sep 07 2020	57843	118	850	0
Sep 08 2020	57664	84	1086	0
Sep 09 2020	57363	84	2002	0
Sep 10 2020	56195	100	2019	0
Sep 11 2020	56457	116	1972	0
Sep 12 2020	56387	50	1827	0
Sep 13 2020	56464	20	1589	0
Sep 14 2020	55982	53	962	0
Sep 15 2020	52753	146	777	0
Sep 16 2020	53548	65	1935	0
Sep 17 2020	54506	68	2141	0
Sep 18 2020	54935	88	2067	0
Sep 19 2020	54284	86	2041	0
Sep 20 2020	55194	13	1564	0
Sep 21 2020	54739	40	729	0
Sep 22 2020	54257	130	1354	0
Sep 23 2020	54751	91	1918	0
Sep 24 2020	54847	79	1872	0
Sep 25 2020	53053	30	1489	0
Sep 26 2020	51278	65	975	0
Sep 27 2020	50618	22	1276	0
Sep 28 2020	50571	193	908	0
Sep 29 2020	49342	83	908	0
Sep 30 2020	49450	68	1778	0
Oct 01 2020	49589	136	1756	0
Oct 02 2020	49836	44	1760	0
Oct 03 2020	49971	30	1894	0
Oct 04 2020	49485	39	1583	0
Oct 05 2020	49468	41	932	0
Oct 06 2020	49231	90	1033	0
Oct 07 2020	49729	149	1925	0
Oct 08 2020	50663	164	1746	0
Oct 09 2020	50672	143	1470	0
Oct 10 2020	51016	130	2559	0
Oct 11 2020	50869	110	1585	0
Oct 12 2020	50777	86	893	0
Oct 13 2020	50871	170	1185	0
Oct 14 2020	51300	127	1888	0
Oct 15 2020	51508	162	1781	0
Oct 16 2020	52512	62	2031	0
Oct 17 2020	53230	39	1940	0
Oct 18 2020	50706	64	1672	0
Oct 19 2020	51437	21	1470	0
Oct 20 2020	47988	168	1056	0
Oct 21 2020	47816	88	2067	0
Oct 22 2020	49021	105	2169	0
Oct 23 2020	49911	49	1908	0
Oct 24 2020	50577	54	1845	0
Oct 25 2020	50646	25	1632	0
Oct 26 2020	50947	41	896	0
Oct 27 2020	50881	46	1099	0
Oct 28 2020	51870	59	1874	0
Oct 29 2020	52595	54	2068	0
Oct 30 2020	51316	67	1924	0
Oct 31 2020	51913	47	1781	0
Nov 01 2020	51998	139	1379	0
Nov 02 2020	50537	55	777	0
Nov 03 2020	49940	76	1249	0
Nov 04 2020	50683	47	1722	0
Nov 05 2020	41002	95	1877	0
Nov 06 2020	38662	74	1772	0
Nov 07 2020	37198	41	1741	0
Nov 08 2020	37602	20	1380	0
Nov 09 2020	37776	37	1255	0
Nov 10 2020	36923	109	1739	0
Nov 11 2020	35731	61	2153	0
Nov 12 2020	33545	66	2352	0
Nov 13 2020	34410	79	2226	0
Nov 14 2020	35516	54	2251	0
Nov 15 2020	37126	36	1853	0
Nov 16 2020	36263	75	1253	0
Nov 17 2020	36808	122	1999	0
Nov 18 2020	34843	128	2905	0
Nov 19 2020	36238	118	2529	0
Nov 20 2020	34748	91	3124	0
Nov 21 2020	36573	89	2662	0
Nov 22 2020	36469	59	2284	0
Nov 23 2020	37393	66	2093	0
Nov 24 2020	34502	118	2508	0
Nov 25 2020	37650	122	3270	0
Nov 26 2020	40647	91	3088	0
Nov 27 2020	37474	92	3390	0
Nov 28 2020	40155	62	3217	0
Nov 29 2020	35364	39	2578	0
Nov 30 2020	37007	60	2316	0
Dec 01 2020	37909	110	2309	0
Dec 02 2020	40257	65	4198	0
Dec 03 2020	39496	95	4427	0
Dec 04 2020	43207	161	4962	0
Dec 05 2020	43904	105	4673	0
Dec 06 2020	47420	140	4141	0
Dec 07 2020	49734	43	3333	0
Dec 08 2020	46219	184	4035	0
Dec 09 2020	51230	143	6750	0
Dec 10 2020	57246	174	8215	0
Dec 11 2020	63697	206	8369	0
Dec 12 2020	69716	155	7930	0
Dec 13 2020	76694	171	8047	0
Dec 14 2020	79967	176	5194	0
Dec 15 2020	85110	211	7598	0
Dec 16 2020	85345	167	10068	0
Dec 17 2020	88578	185	9181	0
Dec 18 2020	93554	276	8778	0
Dec 19 2020	100316	255	11005	0
Dec 20 2020	103496	153	9502	0
Dec 21 2020	109674	217	8842	0
Dec 22 2020	106924	341	9558	0
Dec 23 2020	117492	413	14131	0
Dec 24 2020	119879	328	14391	0
Dec 25 2020	127152	295	14885	0
Dec 26 2020	129531	246	11622	0
Dec 27 2020	133161	215	9559	0
Dec 28 2020	135195	338	7503	0
Dec 29 2020	135800	500	9638	0
Dec 30 2020	143953	468	17817	0
Dec 31 2020	149476	439	18109	0
Jan 01 2021	157804	420	16827	0
Jan 02 2021	162544	290	15093	0
Jan 03 2021	168060	404	11931	0
Jan 04 2021	172358	437	12677	0
Jan 05 2021	176977	516	14497	0
Jan 06 2021	190136	394	21964	0
Jan 07 2021	201787	444	21126	0
Jan 08 2021	213518	620	22113	0
Jan 09 2021	226008	401	21737	0
Jan 10 2021	233479	341	17526	0
Jan 11 2021	241259	418	15137	0
Jan 12 2021	207549	759	13184	0
Jan 13 2021	213527	811	18667	0
Jan 14 2021	212502	716	18615	0
Jan 15 2021	213825	619	14970	0
Jan 16 2021	206079	386	14057	0
Jan 17 2021	203615	255	12341	0
Jan 18 2021	193207	346	9064	0
Jan 19 2021	174631	844	9839	0
Jan 20 2021	171200	569	12787	0
Jan 21 2021	158829	651	11450	0
Jan 22 2021	152134	578	11832	0
Jan 23 2021	147672	501	12345	0
Jan 24 2021	142459	302	8196	0
Jan 25 2021	135827	244	4579	0
Jan 26 2021	127888	684	6078	0
Jan 27 2021	125389	757	7113	0
Jan 28 2021	123250	558	7193	0
Jan 29 2021	116237	531	6178	0
Jan 30 2021	113057	320	5329	0
Jan 31 2021	110656	214	4552	0
Feb 01 2021	106542	236	2563	0
Feb 02 2021	96100	550	2665	0
Feb 03 2021	94576	400	4083	0
Feb 04 2021	94560	263	3774	0
Feb 05 2021	89550	299	3772	0
Feb 06 2021	87565	280	3203	0
Feb 07 2021	70078	111	2450	0
Feb 08 2021	67512	184	1384	0
Feb 09 2021	65547	398	1753	0
Feb 10 2021	61283	278	3178	0
Feb 11 2021	59914	238	2503	0
Feb 12 2021	56742	290	2798	0
Feb 13 2021	56602	152	2396	0
Feb 14 2021	55940	78	1755	0
Feb 15 2021	54002	196	1109	0
Feb 16 2021	49168	220	1217	0
Feb 17 2021	48441	166	2334	0
Feb 18 2021	47146	231	2341	0
Feb 19 2021	45202	152	1923	0
Feb 20 2021	44159	81	1700	0
Feb 21 2021	43006	114	1438	0
Feb 22 2021	42145	98	797	0
Feb 23 2021	36955	265	1004	0
Feb 24 2021	35535	111	1873	0
Feb 25 2021	35286	145	1686	0
Feb 26 2021	34804	118	1664	0
Feb 27 2021	33456	158	1456	0
Feb 28 2021	33360	52	1175	0
Mar 01 2021	32761	84	569	0
Mar 02 2021	31431	195	861	0
Mar 03 2021	31330	96	1456	0
Mar 04 2021	31400	97	1412	0
Mar 05 2021	31570	105	1321	0
Mar 06 2021	30243	81	1234	0
Mar 07 2021	29712	31	867	0
Mar 08 2021	29050	126	642	0
Mar 09 2021	27692	104	997	0
Mar 10 2021	27361	110	1486	0
Mar 11 2021	27215	96	1483	0
Mar 12 2021	26214	69	1232	0
Mar 13 2021	24328	82	1550	0
Mar 14 2021	23965	65	1012	0
Mar 15 2021	23445	96	617	0
Mar 16 2021	21552	140	939	0
Mar 17 2021	21957	74	1540	0
Mar 18 2021	22496	91	1473	0
Mar 19 2021	22344	313	1471	0
Mar 20 2021	22763	47	1386	0
Mar 21 2021	22806	29	1057	0
Mar 22 2021	22454	86	603	0
Mar 23 2021	21653	55	513	0
Mar 24 2021	21186	122	1054	0
Mar 25 2021	21922	164	1563	0
Mar 26 2021	21055	67	1525	0
Mar 27 2021	20795	46	1395	0
Mar 28 2021	21012	15	971	0
Mar 29 2021	20765	47	551	0
Mar 30 2021	20499	78	761	0
Mar 31 2021	21137	58	1431	0
Apr 01 2021	21878	51	1302	0
Apr 02 2021	22535	49	1281	0
Apr 03 2021	22095	8	782	0
Apr 04 2021	21765	33	466	0
Apr 05 2021	21483	8	455	0
Apr 06 2021	21150	37	440	0
Apr 07 2021	20825	79	761	0
Apr 08 2021	21321	62	1374	0
Apr 09 2021	21532	53	1275	0
Apr 10 2021	21744	30	1293	0
Apr 11 2021	21997	66	937	0
Apr 12 2021	21556	34	659	0
Apr 13 2021	21376	67	852	0
Apr 14 2021	21343	75	1609	0
Apr 15 2021	21456	73	1380	0
Apr 16 2021	22281	93	1433	0
Apr 17 2021	22676	48	1333	0
Apr 18 2021	23057	25	1096	0
Apr 19 2021	23047	21	748	0
Apr 20 2021	19997	131	858	0
Apr 21 2021	20281	53	1578	0
Apr 22 2021	20751	55	1422	0
Apr 23 2021	19959	71	1647	0
Apr 24 2021	20035	59	1393	0
Apr 25 2021	20290	23	1108	0
Apr 26 2021	20407	38	854	0
Apr 27 2021	20128	51	885	0
Apr 28 2021	20709	48	1258	0
Apr 29 2021	20936	46	1093	0
Apr 30 2021	21400	19	1684	0
May 01 2021	21867	56	1642	0
May 02 2021	22033	11	1229	0
May 03 2021	22115	35	902	0
May 04 2021	22145	59	1194	0
May 05 2021	23452	46	2086	0
May 06 2021	24022	63	2162	0
May 07 2021	24618	67	1968	0
May 08 2021	26196	37	2506	0
May 09 2021	25793	11	1789	0
May 10 2021	25737	91	1136	0
May 11 2021	25303	71	1557	0
May 12 2021	27528	72	2776	0
May 13 2021	29573	44	3240	0
May 14 2021	31325	113	3160	0
May 15 2021	32948	59	2767	0
May 16 2021	34406	27	2601	0
May 17 2021	33824	50	1768	0
May 18 2021	34775	80	2369	0
May 19 2021	37245	168	3543	0
May 20 2021	37703	61	3663	0
May 21 2021	38532	152	3352	0
May 22 2021	39642	53	4262	0
May 23 2021	40546	30	2911	0
May 24 2021	41005	72	2397	0
May 25 2021	41288	103	3103	0
May 26 2021	43189	102	4651	0
May 27 2021	46026	94	4449	0
May 28 2021	47055	124	4602	0
May 29 2021	48851	70	4546	0
May 30 2021	49847	76	3778	0
May 31 2021	50111	67	2809	0
Jun 01 2021	49243	96	3636	0
Jun 02 2021	52972	111	5817	0
Jun 03 2021	56347	54	5392	0
Jun 04 2021	58622	67	5702	0
Jun 05 2021	60739	98	5483	0
Jun 06 2021	61965	45	5104	0
Jun 07 2021	61652	90	3305	0
Jun 08 2021	60257	121	4234	0
Jun 09 2021	66563	128	8935	0
Jun 10 2021	72085	101	9202	0
Jun 11 2021	74704	183	8068	0
Jun 12 2021	79826	115	9375	0
Jun 13 2021	83270	59	7703	0
Jun 14 2021	83842	115	5582	0
Jun 15 2021	87132	209	8487	0
Jun 16 2021	96385	137	13326	0
Jun 17 2021	105102	101	11838	0
Jun 18 2021	106640	119	10574	0
Jun 19 2021	111428	150	13657	0
Jun 20 2021	117856	113	13235	0
Jun 21 2021	117745	94	9215	0
Jun 22 2021	119692	299	11160	0
Jun 23 2021	131238	167	17599	0
Jun 24 2021	142801	149	16175	0
Jun 25 2021	146819	216	18875	0
Jun 26 2021	152965	158	18065	0
Jun 27 2021	159992	123	15127	0
Jun 28 2021	158182	139	12296	0
Jun 29 2021	155192	227	13428	0
Jun 30 2021	166316	385	19624	0
Jul 01 2021	180854	384	21714	0
Jul 02 2021	185713	305	24417	0
Jul 03 2021	193640	176	26645	0
Jul 04 2021	194174	335	16685	0
Jul 05 2021	186572	333	12589	0
Jul 06 2021	184385	460	15594	0
Jul 07 2021	196710	413	21557	0
Jul 08 2021	210144	463	23048	0
Jul 09 2021	210947	376	22577	0
Jul 10 2021	212364	267	21741	0
Jul 11 2021	210007	152	16401	0
Jul 12 2021	199998	221	11250	0
Jul 13 2021	193929	637	12611	0
Jul 14 2021	201945	456	17595	0
Jul 15 2021	206424	379	16534	0
Jul 16 2021	194545	415	16035	0
Jul 17 2021	189500	293	14790	0
Jul 18 2021	179187	184	11283	0
Jul 19 2021	167183	222	7253	0
Jul 20 2021	159434	600	8982	0
Jul 21 2021	161471	519	16338	0
Jul 22 2021	164915	436	14948	0
Jul 23 2021	154747	453	13802	0
Jul 24 2021	152405	415	12129	0
Jul 25 2021	150811	289	9777	0
Jul 26 2021	144931	244	5701	0
Jul 27 2021	141230	372	7780	0
Jul 28 2021	151581	523	17407	0
Jul 29 2021	156942	526	13708	0
Jul 30 2021	156378	249	12963	0
Jul 31 2021	154070	336	12493	0
Aug 01 2021	154089	179	8783	0
Aug 02 2021	151888	247	5608	0
Aug 03 2021	147978	558	9042	0
Aug 04 2021	152953	425	13343	0
Aug 05 2021	156681	461	13728	0
Aug 06 2021	157324	482	13605	0
Aug 07 2021	159545	273	12384	0
Aug 08 2021	161693	191	10038	0
Aug 09 2021	158149	200	6797	0
Aug 10 2021	152719	190	6580	0
Aug 11 2021	141771	576	7523	0
Aug 12 2021	148303	476	14357	0
Aug 13 2021	151496	386	14000	0
Aug 14 2021	155047	239	13099	0
Aug 15 2021	153780	274	10200	0
Aug 16 2021	154291	301	8031	0
Aug 17 2021	154099	556	10750	0
Aug 18 2021	159588	386	14816	0
Aug 19 2021	163231	319	13754	0
Aug 20 2021	170060	291	14399	0
Aug 21 2021	163821	270	13341	0
Aug 22 2021	168198	171	10813	0
Aug 23 2021	164053	164	7678	0
Aug 24 2021	165428	371	10409	0
Aug 25 2021	168546	519	13331	0
Aug 26 2021	170106	359	12848	0
Aug 27 2021	168460	363	12118	0
Aug 28 2021	156937	276	10234	0
Aug 29 2021	158132	135	7787	0
Aug 30 2021	155770	236	5678	0
Aug 31 2021	151792	434	7127	0
Sep 01 2021	145019	236	9602	0
Sep 02 2021	145950	420	9258	0
Sep 03 2021	144619	248	9255	0
Sep 04 2021	144944	183	8461	0
Sep 05 2021	142574	76	5967	0
Sep 06 2021	141679	199	4143	0
Sep 07 2021	136102	284	5404	0
Sep 08 2021	135095	254	7382	0
Sep 09 2021	121789	176	6307	0
Sep 10 2021	108483	283	5919	0
Sep 11 2021	106564	144	5341	0
Sep 12 2021	106711	127	3985	0
Sep 13 2021	105191	126	2656	0
Sep 14 2021	91135	302	3721	0
Sep 15 2021	83985	168	4695	0
Sep 16 2021	81882	312	4239	0
Sep 17 2021	77056	174	3670	0
Sep 18 2021	65714	165	3306	0
Sep 19 2021	64528	58	2295	0
Sep 20 2021	63004	42	1513	0
Sep 21 2021	56476	161	2210	0
Sep 22 2021	52950	125	2985	0
Sep 23 2021	52454	156	2800	0
Sep 24 2021	51036	314	2275	0
Sep 25 2021	51055	34	1644	0
Sep 26 2021	50147	51	973	0
Sep 27 2021	47828	165	581	0
Sep 28 2021	46096	202	1375	0
Sep 29 2021	46907	109	2119	0
Sep 30 2021	42002	102	1688	0
Oct 01 2021	39900	79	1645	0
Oct 02 2021	39252	48	1314	0
Oct 03 2021	39020	27	814	0
Oct 04 2021	37744	39	432	0
Oct 05 2021	36951	104	773	0
Oct 06 2021	34637	59	1156	0
Oct 07 2021	33777	124	995	0
Oct 08 2021	33264	133	930	0
Oct 09 2021	32801	56	821	0
Oct 10 2021	32821	25	652	0
Oct 11 2021	32453	29	202	0
Oct 12 2021	27283	83	596	0
Oct 13 2021	22991	37	948	0
Oct 14 2021	23537	40	953	0
Oct 15 2021	23126	56	737	0
Oct 16 2021	23109	25	623	0
Oct 17 2021	22988	25	417	0
Oct 18 2021	22810	7	211	0
Oct 19 2021	20600	55	455	0
Oct 20 2021	20030	80	595	0
Oct 21 2021	19387	81	523	0
Oct 22 2021	19424	56	520	0
Oct 23 2021	19412	23	452	0
Oct 24 2021	19440	11	302	0
Oct 25 2021	19086	9	147	0
Oct 26 2021	18972	53	333	0
Oct 27 2021	18482	62	475	0
Oct 28 2021	18738	55	536	0
Oct 29 2021	18828	47	478	0
Oct 30 2021	18818	12	299	0
Oct 31 2021	18846	14	231	0
Nov 01 2021	18803	2	107	0
Nov 02 2021	18711	18	170	0
Nov 03 2021	18519	23	346	0
Nov 04 2021	18131	31	321	0
Nov 05 2021	18249	44	341	0
Nov 06 2021	16828	24	360	0
Nov 07 2021	16680	13	206	0
Nov 08 2021	16643	20	117	0
Nov 09 2021	16476	35	246	0
Nov 10 2021	16585	48	307	0
Nov 11 2021	16555	17	358	0
Nov 12 2021	16755	17	395	0
Nov 13 2021	17056	7	308	0
Nov 14 2021	16929	8	264	0
Nov 15 2021	16878	5	137	0
Nov 16 2021	16977	15	275	0
Nov 17 2021	17048	11	569	0
Nov 18 2021	17497	40	589	0
Nov 19 2021	18165	7	794	0
Nov 20 2021	18782	10	892	0
Nov 21 2021	19323	2	691	0
Nov 22 2021	19285	10	314	0
Nov 23 2021	20102	51	868	0
Nov 24 2021	20111	22	1275	0
Nov 25 2021	18268	115	2465	0
Nov 26 2021	19438	12	2828	0
Nov 27 2021	21174	8	3220	0
Nov 28 2021	23338	6	2858	0
Nov 29 2021	23918	25	2273	0
Nov 30 2021	28151	21	4373	0
Dec 01 2021	36100	28	8561	0
Dec 02 2021	46828	44	11535	0
Dec 03 2021	60861	29	16055	0
Dec 04 2021	74630	21	16366	0
Dec 05 2021	83084	1	11125	0
Dec 06 2021	86228	9	6381	0
Dec 07 2021	96072	27	13147	0
Dec 08 2021	112560	36	19842	0
Dec 09 2021	132563	22	22388	0
Dec 10 2021	143034	20	19017	0
Dec 11 2021	158534	36	17153	0
Dec 12 2021	163628	21	37875	0
Dec 13 2021	176840	11	13288	0
Dec 14 2021	170400	24	23857	0
Dec 15 2021	191096	54	26389	0
Dec 16 2021	210135	36	24785	0
Dec 17 2021	210315	35	20713	0
Dec 18 2021	209475	48	16080	0
Dec 19 2021	206713	3	15465	0
Dec 20 2021	199346	106	8511	0
Dec 21 2021	197925	35	15423	0
Dec 22 2021	209618	100	21098	0
Dec 23 2021	188196	75	21156	0
Dec 24 2021	206962	81	18847	0
Dec 25 2021	213945	30	14828	0
Dec 26 2021	210267	41	5603	0
Dec 27 2021	205975	15	3778	0
Dec 28 2021	198864	25	7216	0
Dec 29 2021	196574	81	9020	0
Dec 30 2021	195825	127	12978	0
Dec 31 2021	192601	84	11754	0
Jan 01 2022	193409	53	9793	0
Jan 02 2022	183688	30	4357	0
Jan 03 2022	159544	85	3076	0
Jan 04 2022	153388	140	8078	0
Jan 05 2022	152891	111	11106	0
Jan 06 2022	151800	45	9858	0
Jan 07 2022	148539	140	9259	0
Jan 08 2022	147754	119	7759	0
Jan 09 2022	146649	82	4482	0
Jan 10 2022	144355	77	2409	0
Jan 11 2022	142810	119	5668	0
Jan 12 2022	138326	181	6760	0
Jan 13 2022	106883	159	5917	0
Jan 14 2022	100861	128	5235	0
Jan 15 2022	102476	161	4590	0
Jan 16 2022	94862	86	2597	0
Jan 17 2022	91611	87	1691	0
Jan 18 2022	90653	100	3657	0
Jan 19 2022	85166	156	4322	0
Jan 20 2022	84487	139	3960	0
Jan 21 2022	79177	103	3519	0
Jan 22 2022	79652	114	3049	0
Jan 23 2022	75627	114	1931	0
Jan 24 2022	74500	88	1332	0
Jan 25 2022	73368	132	3197	0
Jan 26 2022	66410	94	4511	0
Jan 27 2022	67019	160	4100	0
Jan 28 2022	67178	133	3789	0
Jan 29 2022	67243	121	3342	0
Jan 30 2022	65299	117	2226	0
Jan 31 2022	53668	71	1366	0
Feb 01 2022	53601	195	3085	0
Feb 02 2022	55856	175	4502	0
Feb 03 2022	54849	82	3266	0
Feb 04 2022	49967	221	2778	0
Feb 05 2022	49057	51	3357	0
Feb 06 2022	47878	18	1752	0
Feb 07 2022	46895	186	1228	0
Feb 08 2022	40745	268	824	0
Feb 09 2022	43514	213	5628	0
Feb 10 2022	44090	203	3169	0
Feb 11 2022	43781	146	2862	0
Feb 12 2022	42351	134	2489	0
Feb 13 2022	42499	8	1649	0
Feb 14 2022	37406	257	1094	0
Feb 15 2022	36837	181	2364	0
Feb 16 2022	38370	89	3699	0
Feb 17 2022	38873	435	3056	0
Feb 18 2022	38210	343	2800	0
Feb 19 2022	37228	319	2267	0
Feb 20 2022	37148	50	1456	0
Feb 21 2022	36492	137	1151	0
Feb 22 2022	37049	64	2334	0
Feb 23 2022	34211	110	3117	0
Feb 24 2022	34847	40	2411	0
Feb 25 2022	34023	127	2111	0
Feb 26 2022	33018	46	2320	0
Feb 27 2022	32298	38	1266	0
Feb 28 2022	31521	183	785	0
Mar 01 2022	25222	18	1649	0
Mar 02 2022	25440	28	1995	0
Mar 03 2022	25758	41	1853	0
Mar 04 2022	24551	18	1898	0
Mar 05 2022	23678	26	1735	0
Mar 06 2022	24559	0	1147	0
Mar 07 2022	21020	66	801	0
Mar 08 2022	17490	16	1436	0
Mar 09 2022	19229	31	1867	0
Mar 10 2022	18852	25	1868	0
Mar 11 2022	19719	28	1671	0
Mar 12 2022	20351	3	1570	0
Mar 13 2022	18341	13	972	0
Mar 14 2022	18112	0	671	0
Mar 15 2022	18219	2	1648	0
Mar 16 2022	14743	40	1980	0
Mar 17 2022	15052	62	1681	0
Mar 18 2022	15029	39	1558	0
Mar 19 2022	15186	11	1287	0
Mar 20 2022	14886	2	889	0
Mar 21 2022	14628	9	566	0
Mar 22 2022	14230	3	912	0
Mar 23 2022	12996	6	1393	0
Mar 24 2022	13765	33	2120	0
Mar 25 2022	13836	7	1557	0
Mar 26 2022	14573	26	1497	0
Mar 27 2022	13723	1	989	0
Mar 28 2022	13636	4	581	0
Mar 29 2022	13163	6	1557	0
Mar 30 2022	13699	44	1677	0
Mar 31 2022	15100	12	1886	0
Apr 01 2022	12531	10	1692	0
Apr 02 2022	12742	4	1420	0
Apr 03 2022	11781	4	889	0
Apr 04 2022	11506	2	685	0
Apr 05 2022	11422	15	1538	0
Apr 06 2022	12629	3	2031	0
Apr 07 2022	13083	5	1481	0
Apr 08 2022	12358	9	1377	0
Apr 09 2022	13443	12	1181	0
Apr 10 2022	12668	0	828	0
Apr 11 2022	11447	2	553	0
Apr 12 2022	11706	18	1291	0
Apr 13 2022	10995	16	1659	0
Apr 14 2022	11801	6	1768	0
Apr 15 2022	12941	4	1846	0
Apr 16 2022	13054	2	1206	0
Apr 17 2022	13489	3	832	0
Apr 18 2022	13957	34	877	0
Apr 19 2022	14611	14	1475	0
Apr 20 2022	16180	16	2842	0
Apr 21 2022	19472	65	4406	0
Apr 22 2022	22891	10	4629	0
Apr 23 2022	26819	12	4230	0
Apr 24 2022	29311	5	3222	0
Apr 25 2022	30086	30	1954	0
Apr 26 2022	34150	15	5062	0
Apr 27 2022	37860	3	6371	0
Apr 28 2022	39518	4	4146	0
Apr 29 2022	38797	5	4954	0
Apr 30 2022	42731	3	6527	0
May 01 2022	45285	0	3838	0
May 02 2022	46378	7	2650	0
May 03 2022	40186	7	3785	0
May 04 2022	44808	30	6170	0
May 05 2022	48672	64	9757	0
May 06 2022	53603	34	9253	0
May 07 2022	58576	11	8524	0
May 08 2022	61812	7	5486	0
May 09 2022	63237	10	3237	0
May 10 2022	66393	26	7523	0
May 11 2022	69872	50	10017	0
May 12 2022	73724	21	8920	0
May 13 2022	76274	114	8349	0
May 14 2022	78349	9	8015	0
May 15 2022	80342	2	4344	0
May 16 2022	80177	16	2952	0
May 17 2022	78602	41	5096	0
May 18 2022	80191	55	8179	0
May 19 2022	80791	31	7238	0
May 20 2022	81174	18	6375	0
May 21 2022	59118	15	5019	0
May 22 2022	59988	2	3220	0
May 23 2022	57471	19	1662	0
May 24 2022	54600	50	4227	0
May 25 2022	55077	41	5284	0
May 26 2022	50253	49	3800	0
May 27 2022	48942	36	3274	0
May 28 2022	53002	14	4074	0
May 29 2022	49096	4	1774	0
May 30 2022	45730	16	1004	0
May 31 2022	44024	28	2806	0
Jun 01 2022	42203	29	2647	0
Jun 02 2022	40594	31	2970	0
Jun 03 2022	33552	35	2028	0
Jun 04 2022	31952	28	1656	0
Jun 05 2022	30551	4	1127	0
Jun 06 2022	27723	33	726	0
Jun 07 2022	25556	47	2062	0
Jun 08 2022	25065	27	2093	0
Jun 09 2022	23897	24	1976	0
Jun 10 2022	23329	20	1591	0
Jun 11 2022	22482	9	975	0
Jun 12 2022	22233	7	962	0
Jun 13 2022	20660	25	536	0
Jun 14 2022	19337	41	710	0
Jun 15 2022	18286	26	1903	0
Jun 16 2022	15851	8	1936	0
Jun 17 2022	14798	5	971	0
Jun 18 2022	14573	9	960	0
Jun 19 2022	14102	6	995	0
Jun 20 2022	13851	16	291	0
Jun 21 2022	13571	20	1087	0
Jun 22 2022	13520	57	1028	0
Jun 23 2022	13409	7	1050	0
Jun 24 2022	13204	13	946	0
Jun 25 2022	13271	10	941	0
Jun 26 2022	13318	4	505	0
Jun 27 2022	12972	9	212	0
Jun 28 2022	12257	5	343	0
Jun 29 2022	11739	19	440	0
Jun 30 2022	11588	29	399	0
Jul 01 2022	9274	16	380	0
Jul 02 2022	9542	2	842	0
Jul 03 2022	9590	1	226	0
Jul 04 2022	9131	3	109	0
Jul 05 2022	8344	32	384	0
Jul 06 2022	7798	12	657	0
Jul 07 2022	8252	9	463	0
Jul 08 2022	8211	8	365	0
Jul 09 2022	8211	0	0	0
Jul 10 2022	8211	0	0	0
Jul 11 2022	7355	4	706	0
Jul 12 2022	7376	15	491	0
Jul 13 2022	7761	12	397	0
Jul 14 2022	7432	8	482	0
Jul 15 2022	7324	3	406	0
Jul 16 2022	7324	0	0	0
Jul 17 2022	7324	0	0	0
Jul 18 2022	6675	4	880	0
Jul 19 2022	5964	13	263	0
Jul 20 2022	5913	4	550	0
Jul 21 2022	6002	3	372	0
Jul 22 2022	5974	1	317	0
Jul 23 2022	5974	0	0	0
Jul 24 2022	5974	0	0	0
Jul 25 2022	6179	12	848	0
Jul 26 2022	6167	7	521	0
Jul 27 2022	6299	5	381	0
Jul 28 2022	4931	10	318	0
Jul 29 2022	4966	5	354	0
Jul 30 2022	5531	4	569	0
Jul 31 2022	5689	4	162	0
Aug 01 2022	5847	4	162	0
Aug 02 2022	6003	4	160	0
Aug 03 2022	6159	4	160	0
Aug 04 2022	6315	4	160	0
Aug 05 2022	6476	4	165	0
Aug 06 2022	6735	4	263	0
Aug 07 2022	7018	4	287	0
Aug 08 2022	7287	4	273	0
Aug 09 2022	7283	4	0	0
Aug 10 2022	7442	5	164	0
Aug 11 2022	7969	5	532	0
Aug 12 2022	8277	5	313	0
Aug 13 2022	8511	5	239	0
Aug 14 2022	8674	5	168	0
Aug 15 2022	8780	5	111	0
Aug 16 2022	9028	5	253	0
Aug 17 2022	5590	5	292	0
Aug 18 2022	5842	3	255	0
Aug 19 2022	6105	3	266	0
Aug 20 2022	6323	3	221	0
Aug 21 2022	6320	3	0	0
Aug 22 2022	6588	2	270	0
Aug 23 2022	6793	2	207	0
Aug 24 2022	5547	2	246	0
Aug 25 2022	5588	4	299	0
Aug 26 2022	5582	4	247	0
Aug 27 2022	5523	3	211	0
Aug 28 2022	5415	3	147	0
Aug 29 2022	5227	3	74	0
Aug 30 2022	5241	3	226	0
Aug 31 2022	5316	4	280	0
Sep 01 2022	5615	3	302	0
Sep 02 2022	5858	3	246	0
Sep 03 2022	6023	3	168	0
Sep 04 2022	6179	3	159	0
Sep 05 2022	6284	3	108	0
Sep 06 2022	6281	3	0	0
Sep 07 2022	5380	3	526	0
Sep 08 2022	5655	0	275	0
Sep 09 2022	5984	0	329	0
Sep 10 2022	6211	0	227	0
Sep 11 2022	6339	0	128	0
Sep 12 2022	6419	0	80	0
Sep 13 2022	6658	0	239	0
Sep 14 2022	6920	0	262	0
Sep 15 2022	6110	17	361	0
Sep 16 2022	6389	0	279	0
Sep 17 2022	6643	0	254	0
Sep 18 2022	6643	0	0	0
Sep 19 2022	6905	15	277	0
Sep 20 2022	6901	4	0	0
Sep 21 2022	7200	4	303	0
Sep 22 2022	5577	0	551	0
Sep 23 2022	5729	0	152	0
Sep 24 2022	6051	0	322	0
Sep 25 2022	6118	0	67	0
Sep 26 2022	6354	0	236	0
Sep 27 2022	6668	0	314	0
Sep 28 2022	6991	0	323	0
Sep 29 2022	7319	16	344	0
Sep 30 2022	7627	0	308	0
Oct 01 2022	7627	0	0	0
Oct 02 2022	7627	0	0	0
Oct 03 2022	7950	0	323	0
Oct 04 2022	8350	0	400	0
Oct 05 2022	5442	9	342	0
Oct 06 2022	5729	0	287	0
Oct 07 2022	6088	0	359	0
Oct 08 2022	6349	0	261	0
Oct 09 2022	6552	0	203	0
Oct 10 2022	6686	0	134	0
Oct 11 2022	7046	0	360	0
Oct 12 2022	7407	0	361	0
Oct 13 2022	7825	52	470	0
Oct 14 2022	8221	0	396	0
Oct 15 2022	8606	0	385	0
Oct 16 2022	8606	0	0	0
Oct 17 2022	8980	0	374	0
Oct 18 2022	9377	0	397	0
Oct 19 2022	9801	0	424	0
Oct 20 2022	10207	0	406	0
Oct 21 2022	10612	11	416	0
Oct 22 2022	10612	0	0	0
Oct 23 2022	10824	0	212	0
Oct 24 2022	11305	0	481	0
Oct 25 2022	11674	0	369	0
Oct 26 2022	12023	0	349	0
Oct 27 2022	12394	0	371	0
Oct 28 2022	12750	54	410	0
Oct 29 2022	12927	0	177	0
Oct 30 2022	13343	0	416	0
Oct 31 2022	13491	0	148	0
Nov 01 2022	13834	0	343	0
Nov 02 2022	14210	0	376	0
Nov 03 2022	14679	0	469	0
Nov 04 2022	14868	52	241	0
Nov 05 2022	14868	0	0	0
Nov 06 2022	15073	0	205	0
Nov 07 2022	15791	0	718	0
Nov 08 2022	16227	0	436	0
Nov 09 2022	16747	8	528	0
Nov 10 2022	17232	0	485	0
Nov 11 2022	17841	0	609	0
Nov 12 2022	18305	0	464	0
Nov 13 2022	18568	0	263	0
Nov 14 2022	19466	0	898	0
Nov 15 2022	20645	0	1179	0
Nov 16 2022	21288	0	643	0
Nov 17 2022	21746	0	458	0
Nov 18 2022	22344	0	598	0
Nov 19 2022	22344	0	0	0
Nov 20 2022	22344	0	0	0
Nov 21 2022	23220	24	900	0
Nov 22 2022	23600	0	380	0
Nov 23 2022	24443	0	843	0
Nov 24 2022	24957	0	514	0
Nov 25 2022	25355	33	431	0
Nov 26 2022	25355	0	0	0
Nov 27 2022	25778	0	423	0
Nov 28 2022	26046	0	268	0
Nov 29 2022	26511	0	465	0
Nov 30 2022	26956	0	445	0
Dec 01 2022	27238	36	318	0
Dec 02 2022	27550	0	312	0
Dec 03 2022	27799	0	249	0
Dec 04 2022	27942	0	143	0
Dec 05 2022	28047	0	105	0
Dec 06 2022	28272	0	225	0
Dec 07 2022	28573	0	301	0
Dec 08 2022	29366	86	879	0
Dec 09 2022	29705	0	339	0
Dec 10 2022	30014	0	309	0
Dec 11 2022	30206	0	192	0
Dec 12 2022	30206	0	0	0
Dec 13 2022	30416	0	210	0
Dec 14 2022	30817	0	401	0
Dec 15 2022	31076	18	277	0
Dec 16 2022	31494	0	418	0
Dec 17 2022	31529	0	35	0
Dec 18 2022	31529	0	0	0
Dec 19 2022	31529	0	0	0
Dec 20 2022	31912	0	383	0
Dec 21 2022	31912	0	0	0
Dec 22 2022	32199	0	287	0
Dec 23 2022	32607	0	408	0
Dec 24 2022	32973	0	366	0
Dec 25 2022	33125	0	152	0
Dec 26 2022	33207	0	82	0
Dec 27 2022	33361	0	154	0
Dec 28 2022	33506	0	145	0
Dec 29 2022	33506	0	0	0
Dec 30 2022	33924	0	418	0
Dec 31 2022	34128	0	204	0
Jan 01 2023	34245	0	117	0
Jan 02 2023	34292	0	47	0
Jan 03 2023	34380	0	88	0
Jan 04 2023	34405	0	25	0
Jan 05 2023	34762	0	357	0
Jan 06 2023	34976	0	214	0
Jan 07 2023	34976	0	0	0
Jan 08 2023	35008	0	32	0
Jan 09 2023	35214	0	206	0
Jan 10 2023	35214	0	0	0
Jan 11 2023	35816	0	602	0
Jan 12 2023	35986	0	170	0
Jan 13 2023	36169	0	183	0
Jan 14 2023	36533	0	364	0
Jan 15 2023	36713	0	180	0
Jan 16 2023	36817	0	104	0
Jan 17 2023	37040	0	223	0
Jan 18 2023	37914	0	874	0
Jan 19 2023	38453	0	539	0
Jan 20 2023	38702	20	269	0
Jan 21 2023	38702	0	0	0
Jan 22 2023	39066	0	364	0
Jan 23 2023	39173	0	107	0
Jan 24 2023	39428	0	255	0
Jan 25 2023	39702	7	281	0
Jan 26 2023	39953	0	251	0
Jan 27 2023	40183	0	230	0
Jan 28 2023	40183	0	0	0
Jan 29 2023	40315	0	132	0
Jan 30 2023	40619	0	304	0
Jan 31 2023	40865	0	246	0
Feb 01 2023	41100	0	235	0
Feb 02 2023	41357	0	257	0
Feb 03 2023	41600	0	243	0
Feb 04 2023	41600	0	0	0
Feb 05 2023	41600	0	0	0
Feb 06 2023	42110	0	510	0
Feb 07 2023	42561	0	451	0
Feb 08 2023	42909	0	348	0
Feb 09 2023	43245	0	336	0
Feb 10 2023	43522	0	277	0
Feb 11 2023	43721	0	199	0
Feb 12 2023	43811	0	90	0
Feb 13 2023	43865	0	54	0
Feb 14 2023	44247	0	382	0
Feb 15 2023	44247	0	0	0
Feb 16 2023	44976	0	729	0
Feb 17 2023	45248	0	272	0
Feb 18 2023	45248	0	0	0
Feb 19 2023	45248	0	0	0
Feb 20 2023	45984	0	736	0
Feb 21 2023	45984	0	0	0
Feb 22 2023	45984	0	0	0
Feb 23 2023	45984	0	0	0
Feb 24 2023	46282	0	298	0
Feb 25 2023	46477	0	195	0
Feb 26 2023	47222	0	745	0
Feb 27 2023	48136	0	914	0
Feb 28 2023	48472	0	336	0
Mar 01 2023	48762	0	290	0
Mar 02 2023	49356	0	594	0
Mar 03 2023	49788	0	432	0
Mar 04 2023	49788	0	0	0
Mar 05 2023	49788	0	0	0
Mar 06 2023	50756	0	968	0
Mar 07 2023	50943	0	187	0
Mar 08 2023	51540	0	597	0
Mar 09 2023	51966	0	426	0
Mar 10 2023	52352	0	386	0
Mar 11 2023	52352	0	0	0
Mar 12 2023	52352	0	0	0
Mar 13 2023	53218	0	866	0
Mar 14 2023	53218	0	0	0
Mar 15 2023	53218	0	0	0
Mar 16 2023	54477	0	1259	0
Mar 17 2023	54477	0	0	0
Mar 18 2023	54477	0	0	0
Mar 19 2023	54477	0	0	0
Mar 20 2023	54478	0	1	0
Mar 21 2023	55960	0	1482	0
Mar 22 2023	56158	0	198	0
Mar 23 2023	56538	0	380	0
Mar 24 2023	56897	0	359	0
Mar 25 2023	57193	0	296	0
Mar 26 2023	57193	0	0	0
Mar 27 2023	57519	0	326	0
Mar 28 2023	57791	0	272	0
Mar 29 2023	57791	0	0	0
Mar 30 2023	57791	0	0	0
Mar 31 2023	58106	0	315	0
Apr 01 2023	58106	0	0	0
Apr 02 2023	58106	0	0	0
Apr 03 2023	59210	0	1104	0
Apr 04 2023	59454	0	244	0
Apr 05 2023	59713	0	259	0
Apr 06 2023	60000	0	287	0
Apr 07 2023	60000	0	0	0
Apr 08 2023	60000	0	0	0
Apr 09 2023	60000	0	0	0
Apr 10 2023	60000	0	0	0
Apr 11 2023	60136	0	136	0
Apr 12 2023	60411	0	275	0
Apr 13 2023	60411	0	0	0
Apr 14 2023	60748	0	337	0
Apr 15 2023	60748	0	0	0
Apr 16 2023	60748	0	0	0
Apr 17 2023	61362	0	614	0
Apr 18 2023	61362	0	0	0
Apr 19 2023	61362	0	0	0
Apr 20 2023	61362	0	0	0
Apr 21 2023	61362	0	0	0
Apr 22 2023	61362	0	0	0
Apr 23 2023	61362	0	0	0
Apr 24 2023	61362	0	0	0
Apr 25 2023	61362	0	0	0
Apr 26 2023	61362	0	0	0
Apr 27 2023	61362	0	0	0
Apr 28 2023	61362	0	0	0
Apr 29 2023	61362	0	0	0
Apr 30 2023	61362	0	0	0
May 01 2023	61362	0	0	0
May 02 2023	61362	0	0	0
May 03 2023	61362	0	0	0
May 04 2023	61362	0	0	0
May 05 2023	61362	0	0	0
May 06 2023	61362	0	0	0
May 07 2023	61362	0	0	0
May 08 2023	61362	0	0	0
May 09 2023	61362	0	0	0
May 10 2023	61362	0	0	0
May 11 2023	61362	0	0	0
May 12 2023	61362	0	0	0
May 13 2023	61362	0	0	0
May 14 2023	61362	0	0	0
May 15 2023	61362	0	0	0
May 16 2023	61362	0	0	0
May 17 2023	61362	0	0	0
May 18 2023	61362	0	0	0
May 19 2023	61362	0	0	0
May 20 2023	61362	0	0	0
May 21 2023	61362	0	0	0
May 22 2023	61362	0	0	0
May 23 2023	61362	0	0	0
May 24 2023	61362	0	0	0
May 25 2023	61362	0	0	0
May 26 2023	61362	0	0	0
May 27 2023	61362	0	0	0
May 28 2023	61362	0	0	0
May 29 2023	61362	0	0	0
May 30 2023	61362	0	0	0
May 31 2023	61362	0	0	0
Jun 01 2023	61362	0	0	0
Jun 02 2023	61362	0	0	0
Jun 03 2023	61362	0	0	0
Jun 04 2023	61362	0	0	0
Jun 05 2023	61362	0	0	0
Jun 06 2023	61362	0	0	0
Jun 07 2023	61362	0	0	0
Jun 08 2023	61362	0	0	0
Jun 09 2023	61362	0	0	0
Jun 10 2023	61362	0	0	0
Jun 11 2023	61362	0	0	0
Jun 12 2023	61362	0	0	0
Jun 13 2023	61362	0	0	0
Jun 14 2023	61362	0	0	0
Jun 15 2023	61362	0	0	0
Jun 16 2023	61362	0	0	0
Jun 17 2023	61362	0	0	0
Jun 18 2023	61362	0	0	0
Jun 19 2023	61362	0	0	0
Jun 20 2023	61362	0	0	0
Jun 21 2023	61362	0	0	0
Jun 22 2023	61362	0	0	0
Jun 23 2023	61362	0	0	0
Jun 24 2023	61362	0	0	0
Jun 25 2023	61362	0	0	0
Jun 26 2023	61362	0	0	0
Jun 27 2023	61362	0	0	0
Jun 28 2023	61362	0	0	0
Jun 29 2023	61362	0	0	0
Jun 30 2023	61362	0	0	0
Jul 01 2023	61362	0	0	0
Jul 02 2023	61362	0	0	0
Jul 03 2023	61362	0	0	0
Jul 04 2023	61362	0	0	0
Jul 05 2023	61362	0	0	0
Jul 06 2023	61362	0	0	0
Jul 07 2023	61362	0	0	0
Jul 08 2023	61362	0	0	0
Jul 09 2023	61362	0	0	0
Jul 10 2023	61362	0	0	0
Jul 11 2023	61362	0	0	0
Jul 12 2023	61362	0	0	0
Jul 13 2023	61362	0	0	0
Jul 14 2023	61362	0	0	0
Jul 15 2023	61362	0	0	0
Jul 16 2023	61362	0	0	0
Jul 17 2023	61362	0	0	0
Jul 18 2023	61362	0	0	0
Jul 19 2023	61362	0	0	0
Jul 20 2023	61362	0	0	0
Jul 21 2023	61362	0	0	0
Jul 22 2023	61362	0	0	0
Jul 23 2023	61362	0	0	0
Jul 24 2023	61362	0	0	0
Jul 25 2023	61362	0	0	0
Jul 26 2023	61362	0	0	0
Jul 27 2023	61362	0	0	0
Jul 28 2023	61362	0	0	0
Jul 29 2023	61362	0	0	0
Jul 30 2023	61362	0	0	0
Jul 31 2023	61362	0	0	0
Aug 01 2023	61362	0	0	0
Aug 02 2023	61362	0	0	0
Aug 03 2023	61362	0	0	0
Aug 04 2023	61362	0	0	0
Aug 05 2023	61362	0	0	0
Aug 06 2023	61362	0	0	0
Aug 07 2023	61362	0	0	0
Aug 08 2023	61362	0	0	0
Aug 09 2023	61362	0	0	0
Aug 10 2023	61362	0	0	0
Aug 11 2023	61362	0	0	0
Aug 12 2023	61362	0	0	0
Aug 13 2023	61362	0	0	0
Aug 14 2023	61362	0	0	0
Aug 15 2023	61362	0	0	0
Aug 16 2023	61362	0	0	0
Aug 17 2023	61362	0	0	0
Aug 18 2023	61362	0	0	0
Aug 19 2023	61362	0	0	0
Aug 20 2023	61362	0	0	0
Aug 21 2023	61362	0	0	0
Aug 22 2023	61362	0	0	0
Aug 23 2023	61362	0	0	0
Aug 24 2023	61362	0	0	0
Aug 25 2023	61362	0	0	0
Aug 26 2023	61362	0	0	0
Aug 27 2023	61362	0	0	0
Aug 28 2023	61362	0	0	0
Aug 29 2023	61362	0	0	0
Aug 30 2023	61362	0	0	0
Aug 31 2023	61362	0	0	0
Sep 01 2023	61362	0	0	0
Sep 02 2023	61362	0	0	0
Sep 03 2023	61362	0	0	0
Sep 04 2023	61362	0	0	0
Sep 05 2023	61362	0	0	0
Sep 06 2023	61362	0	0	0
Sep 07 2023	61362	0	0	0
Sep 08 2023	61362	0	0	0
Sep 09 2023	61362	0	0	0
Sep 10 2023	61362	0	0	0
Sep 11 2023	61362	0	0	0
Sep 12 2023	61362	0	0	0
Sep 13 2023	61362	0	0	0
Sep 14 2023	61362	0	0	0
Sep 15 2023	61362	0	0	0
Sep 16 2023	61362	0	0	0
Sep 17 2023	61362	0	0	0
Sep 18 2023	61362	0	0	0
Sep 19 2023	61362	0	0	0
Sep 20 2023	61362	0	0	0
Sep 21 2023	61362	0	0	0
Sep 22 2023	61362	0	0	0
Sep 23 2023	61362	0	0	0
Sep 24 2023	61362	0	0	0
Sep 25 2023	61362	0	0	0
Sep 26 2023	61362	0	0	0
Sep 27 2023	61362	0	0	0
Sep 28 2023	61362	0	0	0
Sep 29 2023	61362	0	0	0
Sep 30 2023	61362	0	0	0
Oct 01 2023	61362	0	0	0
Oct 02 2023	61362	0	0	0
Oct 03 2023	61362	0	0	0
Oct 04 2023	61362	0	0	0
Oct 05 2023	61362	0	0	0
Oct 06 2023	61362	0	0	0
Oct 07 2023	61362	0	0	0
Oct 08 2023	61362	0	0	0
Oct 09 2023	61362	0	0	0
Oct 10 2023	61362	0	0	0
Oct 11 2023	61362	0	0	0
Oct 12 2023	61362	0	0	0
Oct 13 2023	61362	0	0	0
Oct 14 2023	61362	0	0	0
Oct 15 2023	61362	0	0	0
Oct 16 2023	61362	0	0	0
Oct 17 2023	61362	0	0	0
Oct 18 2023	61362	0	0	0
Oct 19 2023	61362	0	0	0
Oct 20 2023	61362	0	0	0
Oct 21 2023	61362	0	0	0
Oct 22 2023	61362	0	0	0
Oct 23 2023	61362	0	0	0
Oct 24 2023	61362	0	0	0
Oct 25 2023	61362	0	0	0
Oct 26 2023	61362	0	0	0
Oct 27 2023	61362	0	0	0
Oct 28 2023	61362	0	0	0
Oct 29 2023	61362	0	0	0
Oct 30 2023	61362	0	0	0
Oct 31 2023	61362	0	0	0
Nov 01 2023	61362	0	0	0
Nov 02 2023	61362	0	0	0
Nov 03 2023	61362	0	0	0
Nov 04 2023	61362	0	0	0
Nov 05 2023	61362	0	0	0
Nov 06 2023	61362	0	0	0
Nov 07 2023	61362	0	0	0
Nov 08 2023	61362	0	0	0
Nov 09 2023	61362	0	0	0
Nov 10 2023	61362	0	0	0
Nov 11 2023	61362	0	0	0
Nov 12 2023	61362	0	0	0
Nov 13 2023	61362	0	0	0
Nov 14 2023	61362	0	0	0
Nov 15 2023	61362	0	0	0
Nov 16 2023	61362	0	0	0
Nov 17 2023	61362	0	0	0
Nov 18 2023	61362	0	0	0
Nov 19 2023	61362	0	0	0
Nov 20 2023	61362	0	0	0
Nov 21 2023	61362	0	0	0
Nov 22 2023	61362	0	0	0
Nov 23 2023	61362	0	0	0
Nov 24 2023	61362	0	0	0
Nov 25 2023	61362	0	0	0
Nov 26 2023	61362	0	0	0
Nov 27 2023	61362	0	0	0
Nov 28 2023	61362	0	0	0
Nov 29 2023	61362	0	0	0
Nov 30 2023	61362	0	0	0
Dec 01 2023	61362	0	0	0
Dec 02 2023	61362	0	0	0
Dec 03 2023	61362	0	0	0
Dec 04 2023	61362	0	0	0
Dec 05 2023	61362	0	0	0
Dec 06 2023	61362	0	0	0
Dec 07 2023	61362	0	0	0
Dec 08 2023	61362	0	0	0
Dec 09 2023	61362	0	0	0
Dec 10 2023	61362	0	0	0
Dec 11 2023	61362	0	0	0
Dec 12 2023	61362	0	0	0
Dec 13 2023	61362	0	0	0
Dec 14 2023	61362	0	0	0
Dec 15 2023	61362	0	0	0
Dec 16 2023	61362	0	0	0
Dec 17 2023	61362	0	0	0
Dec 18 2023	61362	0	0	0
Dec 19 2023	61362	0	0	0
Dec 20 2023	61362	0	0	0
Dec 21 2023	61362	0	0	0
Dec 22 2023	61362	0	0	0
Dec 23 2023	61362	0	0	0
Dec 24 2023	61362	0	0	0
Dec 25 2023	61362	0	0	0
Dec 26 2023	61362	0	0	0
Dec 27 2023	61362	0	0	0
Dec 28 2023	61362	0	0	0
Dec 29 2023	61362	0	0	0
Dec 30 2023	61362	0	0	0
Dec 31 2023	61362	0	0	0
Jan 01 2024	61362	0	0	0
Jan 02 2024	61362	0	0	0
Jan 03 2024	61362	0	0	0
Jan 04 2024	61362	0	0	0
Jan 05 2024	61362	0	0	0
Jan 06 2024	61362	0	0	0
Jan 07 2024	61362	0	0	0
Jan 08 2024	61362	0	0	0
Jan 09 2024	61362	0	0	0
Jan 10 2024	61362	0	0	0
Jan 11 2024	61362	0	0	0
Jan 12 2024	61362	0	0	0
Jan 13 2024	61362	0	0	0
Jan 14 2024	61362	0	0	0
Jan 15 2024	61362	0	0	0
Jan 16 2024	61362	0	0	0
Jan 17 2024	61362	0	0	0
Jan 18 2024	61362	0	0	0
Jan 19 2024	61362	0	0	0
Jan 20 2024	61362	0	0	0
Jan 21 2024	61362	0	0	0
Jan 22 2024	61362	0	0	0
Jan 23 2024	61362	0	0	0
Jan 24 2024	61362	0	0	0
Jan 25 2024	61362	0	0	0
Jan 26 2024	61362	0	0	0
Jan 27 2024	61362	0	0	0
Jan 28 2024	61362	0	0	0
Jan 29 2024	61362	0	0	0
Jan 30 2024	61362	0	0	0
Jan 31 2024	61362	0	0	0
Feb 01 2024	61362	0	0	0
Feb 02 2024	61362	0	0	0
Feb 03 2024	61362	0	0	0
Feb 04 2024	61362	0	0	0
Feb 05 2024	61362	0	0	0
Feb 06 2024	61362	0	0	0
Feb 07 2024	61362	0	0	0
Feb 08 2024	61362	0	0	0
Feb 09 2024	61362	0	0	0
Feb 10 2024	61362	0	0	0
Feb 11 2024	61362	0	0	0
Feb 12 2024	61362	0	0	0
Feb 13 2024	61362	0	0	0
Feb 14 2024	61362	0	0	0
Feb 15 2024	61362	0	0	0
Feb 16 2024	61362	0	0	0
Feb 17 2024	61362	0	0	0
Feb 18 2024	61362	0	0	0
Feb 19 2024	61362	0	0	0
Feb 20 2024	61362	0	0	0
Feb 21 2024	61362	0	0	0
Feb 22 2024	61362	0	0	0
Feb 23 2024	61362	0	0	0
Feb 24 2024	61362	0	0	0
Feb 25 2024	61362	0	0	0
Feb 26 2024	61362	0	0	0
Feb 27 2024	61362	0	0	0
Feb 28 2024	61362	0	0	0
Feb 29 2024	61362	0	0	0
Mar 01 2024	61362	0	0	0
Mar 02 2024	61362	0	0	0
Mar 03 2024	61362	0	0	0
Mar 04 2024	61362	0	0	0
Mar 05 2024	61362	0	0	0
Mar 06 2024	61362	0	0	0
Mar 07 2024	61362	0	0	0
Mar 08 2024	61362	0	0	0
Mar 09 2024	61362	0	0	0
Mar 10 2024	61362	0	0	0
Mar 11 2024	61362	0	0	0
Mar 12 2024	61362	0	0	0
Mar 13 2024	61362	0	0	0
Mar 14 2024	61362	0	0	0
Mar 15 2024	61362	0	0	0
Mar 16 2024	61362	0	0	0
Mar 17 2024	61362	0	0	0
Mar 18 2024	61362	0	0	0
Mar 19 2024	61362	0	0	0
Mar 20 2024	61362	0	0	0
Mar 21 2024	61362	0	0	0
Mar 22 2024	61362	0	0	0
Mar 23 2024	61362	0	0	0
Mar 24 2024	61362	0	0	0
Mar 25 2024	61362	0	0	0
Mar 26 2024	61362	0	0	0
Mar 27 2024	61362	0	0	0
