Date	Active Cases	Daily Death	New cases	Recoverd Cases
Feb 15 2020	20	0	0	0
Feb 16 2020	20	0	0	0
Feb 17 2020	20	0	1	1
Feb 18 2020	18	0	0	2
Feb 19 2020	18	0	0	0
Feb 20 2020	18	0	0	0
Feb 21 2020	16	0	0	2
Feb 22 2020	15	0	0	1
Feb 23 2020	14	0	0	1
Feb 24 2020	20	0	0	-6
Feb 25 2020	15	0	2	7
Feb 26 2020	18	0	3	0
Feb 27 2020	12	0	0	6
Feb 28 2020	13	0	1	0
Feb 29 2020	14	0	1	0
Mar 01 2020	11	1	0	2
Mar 02 2020	12	0	1	0
Mar 03 2020	12	0	0	0
Mar 04 2020	12	0	0	0
Mar 05 2020	15	0	4	1
Mar 06 2020	16	0	1	0
Mar 07 2020	18	0	2	0
Mar 08 2020	16	0	0	2
Mar 09 2020	16	0	0	0
Mar 10 2020	19	0	3	0
Mar 11 2020	24	0	6	1
Mar 12 2020	34	0	11	1
Mar 13 2020	39	0	5	0
Mar 14 2020	46	0	7	0
Mar 15 2020	78	0	32	0
Mar 16 2020	111	0	33	0
Mar 17 2020	135	0	30	6
Mar 18 2020	169	0	35	1
Mar 19 2020	229	0	60	0
Mar 20 2020	279	0	50	0
Mar 21 2020	366	0	89	2
Mar 22 2020	554	0	188	0
Mar 23 2020	668	0	122	8
Mar 24 2020	771	3	106	0
Mar 25 2020	860	0	107	18
Mar 26 2020	953	0	111	18
Mar 27 2020	1034	1	91	9
Mar 28 2020	1142	1	109	0
Mar 29 2020	1152	1	143	132
Mar 30 2020	1286	2	136	0
Mar 31 2020	1299	1	127	113
Apr 01 2020	1254	2	120	163
Apr 02 2020	1355	3	104	0
Apr 03 2020	1347	4	103	107
Apr 04 2020	1373	1	89	62
Apr 05 2020	1353	3	102	119
Apr 06 2020	1401	3	51	0
Apr 07 2020	1343	1	38	95
Apr 08 2020	1451	3	111	0
Apr 09 2020	1451	2	54	52
Apr 10 2020	1427	1	50	73
Apr 11 2020	1348	2	45	122
Apr 12 2020	1295	3	33	83
Apr 13 2020	1251	2	28	70
Apr 14 2020	1167	1	34	117
Apr 15 2020	1103	2	30	92
Apr 16 2020	1033	3	29	96
Apr 17 2020	964	1	28	96
Apr 18 2020	899	0	33	98
Apr 19 2020	790	0	32	141
Apr 20 2020	746	0	27	71
Apr 21 2020	655	1	19	109
Apr 22 2020	425	1	15	244
Apr 23 2020	359	1	13	78
Apr 24 2020	314	0	15	60
Apr 25 2020	309	1	53	57
Apr 26 2020	277	0	15	47
Apr 27 2020	270	1	9	15
Apr 28 2020	232	2	7	43
Apr 29 2020	228	0	9	13
Apr 30 2020	213	0	7	22
May 01 2020	187	0	6	32
May 02 2020	180	0	6	13
May 03 2020	176	0	3	7
May 04 2020	193	0	18	1
May 05 2020	187	0	1	7
May 06 2020	173	1	1	14
May 07 2020	165	0	3	11
May 08 2020	161	0	8	12
May 09 2020	161	1	4	3
May 10 2020	159	0	5	7
May 11 2020	163	0	6	2
May 12 2020	163	0	2	2
May 13 2020	117	0	0	46
May 14 2020	112	0	1	6
May 15 2020	115	0	7	4
May 16 2020	114	0	0	1
May 17 2020	116	0	3	1
May 18 2020	118	0	3	1
May 19 2020	120	0	2	0
May 20 2020	90	0	1	31
May 21 2020	84	0	3	9
May 22 2020	71	0	0	13
May 23 2020	68	0	3	6
May 24 2020	63	0	0	5
May 25 2020	57	1	2	7
May 26 2020	59	0	3	1
May 27 2020	66	0	9	2
May 28 2020	63	0	11	14
May 29 2020	74	0	11	0
May 30 2020	59	0	1	16
May 31 2020	61	0	4	2
Jun 01 2020	60	0	1	2
Jun 02 2020	59	1	1	1
Jun 03 2020	58	0	1	2
Jun 04 2020	75	0	17	0
Jun 05 2020	73	0	1	3
Jun 06 2020	75	0	2	0
Jun 07 2020	82	0	8	1
Jun 08 2020	88	0	7	1
Jun 09 2020	90	0	2	0
Jun 10 2020	86	0	4	8
Jun 11 2020	80	0	0	6
Jun 12 2020	84	0	4	0
Jun 13 2020	89	0	5	0
Jun 14 2020	90	0	1	0
Jun 15 2020	90	0	0	0
Jun 16 2020	84	0	0	6
Jun 17 2020	81	0	0	3
Jun 18 2020	86	0	6	1
Jun 19 2020	80	0	5	11
Jun 20 2020	71	0	1	10
Jun 21 2020	72	0	1	0
Jun 22 2020	71	0	3	4
Jun 23 2020	75	0	5	1
Jun 24 2020	73	0	1	3
Jun 25 2020	62	0	1	12
Jun 26 2020	64	0	4	2
Jun 27 2020	51	0	0	13
Jun 28 2020	51	0	0	0
Jun 29 2020	58	0	7	0
Jun 30 2020	57	0	2	3
Jul 01 2020	56	0	2	3
Jul 02 2020	62	0	6	0
Jul 03 2020	56	0	1	7
Jul 04 2020	61	0	5	0
Jul 05 2020	61	0	5	5
Jul 06 2020	65	0	5	1
Jul 07 2020	65	0	0	0
Jul 08 2020	65	0	2	2
Jul 09 2020	59	0	5	11
Jul 10 2020	57	0	0	2
Jul 11 2020	70	0	14	1
Jul 12 2020	71	0	1	0
Jul 13 2020	72	0	3	2
Jul 14 2020	78	0	7	1
Jul 15 2020	82	0	5	1
Jul 16 2020	83	0	4	3
Jul 17 2020	85	0	3	1
Jul 18 2020	92	0	7	0
Jul 19 2020	95	0	3	0
Jul 20 2020	96	0	1	0
Jul 21 2020	92	0	5	9
Jul 22 2020	98	0	6	0
Jul 23 2020	106	0	8	0
Jul 24 2020	114	0	10	2
Jul 25 2020	115	0	3	2
Jul 26 2020	124	0	9	0
Jul 27 2020	126	0	4	2
Jul 28 2020	128	0	2	0
Jul 29 2020	129	0	1	0
Jul 30 2020	135	0	6	0
Jul 31 2020	127	0	6	14
Aug 01 2020	119	0	2	10
Aug 02 2020	117	0	5	7
Aug 03 2020	120	0	3	0
Aug 04 2020	121	0	1	0
Aug 05 2020	126	0	7	2
Aug 06 2020	124	0	2	4
Aug 07 2020	139	0	15	0
Aug 08 2020	140	0	3	2
Aug 09 2020	142	0	3	1
Aug 10 2020	133	0	0	9
Aug 11 2020	130	0	0	3
Aug 12 2020	129	0	5	6
Aug 13 2020	132	0	3	0
Aug 14 2020	145	0	17	4
Aug 15 2020	125	0	0	20
Aug 16 2020	125	0	1	1
Aug 17 2020	126	0	1	0
Aug 18 2020	125	0	3	4
Aug 19 2020	125	0	1	1
Aug 20 2020	113	0	7	19
Aug 21 2020	113	0	1	1
Aug 22 2020	112	0	0	1
Aug 23 2020	116	0	5	1
Aug 24 2020	117	0	2	1
Aug 25 2020	115	0	5	7
Aug 26 2020	108	0	1	8
Aug 27 2020	109	0	1	0
Aug 28 2020	115	0	6	0
Aug 29 2020	111	0	1	5
Aug 30 2020	101	0	0	10
Aug 31 2020	102	0	1	0
Sep 01 2020	85	0	5	22
Sep 02 2020	93	0	8	0
Sep 03 2020	92	0	2	3
Sep 04 2020	96	0	4	0
Sep 05 2020	101	0	7	2
Sep 06 2020	105	0	6	2
Sep 07 2020	106	0	1	0
Sep 08 2020	104	0	1	3
Sep 09 2020	103	0	1	2
Sep 10 2020	86	0	7	24
Sep 11 2020	91	0	7	2
Sep 12 2020	96	0	5	0
Sep 13 2020	103	0	7	0
Sep 14 2020	105	0	2	0
Sep 15 2020	107	0	5	3
Sep 16 2020	116	0	10	1
Sep 17 2020	107	0	0	9
Sep 18 2020	111	0	7	3
Sep 19 2020	103	1	3	10
Sep 20 2020	107	0	6	2
Sep 21 2020	105	0	0	2
Sep 22 2020	109	0	5	1
Sep 23 2020	110	0	3	2
Sep 24 2020	104	0	2	8
Sep 25 2020	100	0	3	7
Sep 26 2020	101	0	3	2
Sep 27 2020	97	0	1	5
Sep 28 2020	117	0	22	2
Sep 29 2020	130	0	14	1
Sep 30 2020	131	0	5	4
Oct 01 2020	131	0	5	5
Oct 02 2020	132	0	6	5
Oct 03 2020	138	0	8	2
Oct 04 2020	138	0	2	2
Oct 05 2020	141	0	5	2
Oct 06 2020	151	0	10	0
Oct 07 2020	165	0	15	1
Oct 08 2020	124	0	7	48
Oct 09 2020	128	0	6	2
Oct 10 2020	130	0	6	4
Oct 11 2020	126	0	2	6
Oct 12 2020	128	0	5	3
Oct 13 2020	127	0	2	3
Oct 14 2020	136	0	9	0
Oct 15 2020	143	0	13	6
Oct 16 2020	143	0	4	4
Oct 17 2020	142	0	10	11
Oct 18 2020	146	0	7	3
Oct 19 2020	144	0	5	7
Oct 20 2020	150	0	9	3
Oct 21 2020	155	0	9	4
Oct 22 2020	146	0	10	19
Oct 23 2020	150	0	8	4
Oct 24 2020	143	0	4	11
Oct 25 2020	147	0	5	1
Oct 26 2020	141	0	7	13
Oct 27 2020	136	0	3	8
Oct 28 2020	139	0	13	10
Oct 29 2020	134	0	4	9
Oct 30 2020	131	0	12	15
Oct 31 2020	131	0	5	5
Nov 01 2020	133	0	4	2
Nov 02 2020	133	0	3	3
Nov 03 2020	133	0	10	10
Nov 04 2020	133	0	7	7
Nov 05 2020	128	0	6	11
Nov 06 2020	119	1	8	16
Nov 07 2020	126	0	12	5
Nov 08 2020	123	0	7	10
Nov 09 2020	119	0	3	7
Nov 10 2020	114	0	4	9
Nov 11 2020	102	0	3	15
Nov 12 2020	99	0	5	8
Nov 13 2020	104	0	9	4
Nov 14 2020	99	0	5	10
Nov 15 2020	99	0	8	8
Nov 16 2020	94	0	1	6
Nov 17 2020	94	0	3	3
Nov 18 2020	91	0	2	5
Nov 19 2020	86	0	8	13
Nov 20 2020	87	0	4	3
Nov 21 2020	86	0	10	11
Nov 22 2020	92	0	11	5
Nov 23 2020	94	0	7	5
Nov 24 2020	90	0	2	6
Nov 25 2020	86	0	4	8
Nov 26 2020	94	0	16	8
Nov 27 2020	111	0	19	2
Nov 28 2020	108	0	5	8
Nov 29 2020	117	0	11	2
Nov 30 2020	135	0	21	3
Dec 01 2020	137	0	10	8
Dec 02 2020	144	0	18	11
Dec 03 2020	147	0	13	10
Dec 04 2020	154	0	14	7
Dec 05 2020	164	0	19	9
Dec 06 2020	173	0	14	5
Dec 07 2020	179	0	21	15
Dec 08 2020	192	0	19	6
Dec 09 2020	211	0	25	6
Dec 10 2020	221	0	18	8
Dec 11 2020	217	0	11	15
Dec 12 2020	217	0	12	12
Dec 13 2020	226	0	17	8
Dec 14 2020	237	0	28	17
Dec 15 2020	237	0	9	9
Dec 16 2020	224	0	15	28
Dec 17 2020	232	0	20	12
Dec 18 2020	232	0	16	16
Dec 19 2020	247	0	34	19
Dec 20 2020	806	0	576	17
Dec 21 2020	1176	0	382	12
Dec 22 2020	1578	0	427	25
Dec 23 2020	1607	0	46	17
Dec 24 2020	1653	0	67	21
Dec 25 2020	1720	0	81	14
Dec 26 2020	1808	0	110	22
Dec 27 2020	1920	0	121	9
Dec 28 2020	2045	0	144	19
Dec 29 2020	2195	1	155	4
Dec 30 2020	2417	0	250	28
Dec 31 2020	2583	0	194	28
Jan 01 2021	2827	2	279	33
Jan 02 2021	3016	1	216	26
Jan 03 2021	3293	0	315	38
Jan 04 2021	4022	1	745	15
Jan 05 2021	4504	0	527	45
Jan 06 2021	4847	1	365	21
Jan 07 2021	5048	1	305	103
Jan 08 2021	4519	0	205	734
Jan 09 2021	4440	0	212	291
Jan 10 2021	3803	0	245	882
Jan 11 2021	3914	0	249	138
Jan 12 2021	4035	0	287	166
Jan 13 2021	3981	0	157	211
Jan 14 2021	3533	2	271	717
Jan 15 2021	3093	0	188	628
Jan 16 2021	2704	1	230	618
Jan 17 2021	2969	0	374	109
Jan 18 2021	3147	0	369	191
Jan 19 2021	3168	0	171	150
Jan 20 2021	2961	1	59	265
Jan 21 2021	2882	0	142	221
Jan 22 2021	2809	0	309	382
Jan 23 2021	2782	1	198	224
Jan 24 2021	2860	1	198	119
Jan 25 2021	2950	2	187	95
Jan 26 2021	3679	0	959	230
Jan 27 2021	4335	1	819	162
Jan 28 2021	4858	0	756	233
Jan 29 2021	5551	0	802	109
Jan 30 2021	6371	1	930	109
Jan 31 2021	7090	0	829	110
Feb 01 2021	7027	0	836	899
Feb 02 2021	7158	2	836	703
Feb 03 2021	7169	0	795	784
Feb 04 2021	7181	0	809	797
Feb 05 2021	7234	0	586	533
Feb 06 2021	6781	0	490	943
Feb 07 2021	6350	0	237	668
Feb 08 2021	6068	0	186	468
Feb 09 2021	5301	0	189	956
Feb 10 2021	4909	1	157	548
Feb 11 2021	4225	0	201	885
Feb 12 2021	3989	0	175	411
Feb 13 2021	3145	0	126	970
Feb 14 2021	2380	0	166	931
Feb 15 2021	1749	2	143	772
Feb 16 2021	1141	0	72	680
Feb 17 2021	1182	0	175	134
Feb 18 2021	1083	0	150	249
Feb 19 2021	1088	1	130	124
Feb 20 2021	1111	0	82	59
Feb 21 2021	1047	0	92	156
Feb 22 2021	1060	0	89	76
Feb 23 2021	1070	0	95	85
Feb 24 2021	1067	0	93	96
Feb 25 2021	947	0	72	192
Feb 26 2021	774	0	45	218
Feb 27 2021	776	0	72	70
Feb 28 2021	740	0	70	106
Mar 01 2021	624	0	80	196
Mar 02 2021	569	1	42	96
Mar 03 2021	541	0	35	63
Mar 04 2021	515	1	54	79
Mar 05 2021	515	0	79	79
Mar 06 2021	534	0	64	45
Mar 07 2021	541	0	65	58
Mar 08 2021	579	0	71	33
Mar 09 2021	565	0	60	74
Mar 10 2021	509	0	39	95
Mar 11 2021	513	0	58	54
Mar 12 2021	538	0	81	56
Mar 13 2021	585	1	78	30
Mar 14 2021	687	0	170	68
Mar 15 2021	684	1	78	80
Mar 16 2021	768	0	149	65
Mar 17 2021	975	1	248	40
Mar 18 2021	1028	1	92	38
Mar 19 2021	1054	1	100	73
Mar 20 2021	1111	0	119	62
Mar 21 2021	1115	0	90	86
Mar 22 2021	1122	1	73	65
Mar 23 2021	1419	1	401	103
Mar 24 2021	1381	0	69	107
Mar 25 2021	1405	0	97	73
Mar 26 2021	1453	0	134	86
Mar 27 2021	1428	1	80	104
Mar 28 2021	1401	1	77	103
Mar 29 2021	1366	0	39	74
Mar 30 2021	1348	0	48	66
Mar 31 2021	1343	0	42	47
Apr 01 2021	1247	0	26	122
Apr 02 2021	1247	0	58	58
Apr 03 2021	1268	1	84	62
Apr 04 2021	1258	0	96	106
Apr 05 2021	1386	0	194	66
Apr 06 2021	1528	0	250	108
Apr 07 2021	1741	0	334	121
Apr 08 2021	2114	0	405	32
Apr 09 2021	2645	1	559	27
Apr 10 2021	3400	1	789	33
Apr 11 2021	4314	0	967	53
Apr 12 2021	5265	0	985	34
Apr 13 2021	6190	0	965	40
Apr 14 2021	7491	0	1335	34
Apr 15 2021	8973	0	1543	61
Apr 16 2021	10461	0	1585	97
Apr 17 2021	11736	2	1547	270
Apr 18 2021	13501	2	1767	0
Apr 19 2021	14851	3	1390	37
Apr 20 2021	16119	4	1443	171
Apr 21 2021	17162	2	1458	413
Apr 22 2021	18148	7	1470	477
Apr 23 2021	19873	4	2070	341
Apr 24 2021	22327	8	2839	377
Apr 25 2021	24207	11	2438	547
Apr 26 2021	25767	8	2048	480
Apr 27 2021	25973	15	2179	1958
Apr 28 2021	27119	15	2012	851
Apr 29 2021	27988	10	1871	992
Apr 30 2021	28696	15	1583	860
May 01 2021	28745	21	1891	1821
May 02 2021	29258	21	1940	1406
May 03 2021	29765	31	2041	1503
May 04 2021	30011	27	1763	1490
May 05 2021	30222	15	2112	1886
May 06 2021	29680	18	1911	2435
May 07 2021	29320	27	2044	2377
May 08 2021	29473	19	2419	2247
May 09 2021	29371	17	2101	2186
May 10 2021	29376	22	1630	1603
May 11 2021	29435	31	1919	1829
May 12 2021	29378	34	1983	2006
May 13 2021	32661	32	4887	1572
May 14 2021	33186	30	2256	1701
May 15 2021	34913	17	3095	1351
May 16 2021	35055	24	2302	2136
May 17 2021	43268	25	9635	1397
May 18 2021	42988	35	2473	2718
May 19 2021	41903	29	3394	4450
May 20 2021	42246	25	2636	2268
May 21 2021	42827	32	3481	2868
May 22 2021	42955	24	3052	2900
May 23 2021	44189	17	3382	2131
May 24 2021	45307	30	2713	1565
May 25 2021	45413	26	3226	3094
May 26 2021	45256	41	2455	2571
May 27 2021	46469	47	3323	2063
May 28 2021	46150	34	3759	4044
May 29 2021	46480	34	4803	4439
May 30 2021	48051	24	4528	2933
May 31 2021	50416	19	5485	3101
Jun 01 2021	49218	38	2230	3390
Jun 02 2021	49777	38	3440	2843
Jun 03 2021	49998	39	3886	3626
Jun 04 2021	50105	31	2631	2493
Jun 05 2021	49490	36	2817	3396
Jun 06 2021	49714	23	2671	2424
Jun 07 2021	49101	33	2419	2999
Jun 08 2021	49252	28	2662	2483
Jun 09 2021	47644	35	2680	4253
Jun 10 2021	46876	43	2310	3035
Jun 11 2021	43428	27	2290	5711
Jun 12 2021	41403	29	3277	5273
Jun 13 2021	40046	18	2804	4143
Jun 14 2021	39854	17	3355	3530
Jun 15 2021	38061	19	3000	4774
Jun 16 2021	35405	40	2331	4947
Jun 17 2021	33853	30	3129	4651
Jun 18 2021	32795	22	3058	4094
Jun 19 2021	31482	32	3667	4948
Jun 20 2021	32743	20	3682	2401
Jun 21 2021	33859	29	3175	2030
Jun 22 2021	35836	35	4059	2047
Jun 23 2021	37018	51	3174	1941
Jun 24 2021	39517	31	4108	1578
Jun 25 2021	41366	44	3644	1751
Jun 26 2021	41907	51	4161	3569
Jun 27 2021	43607	42	3995	2253
Jun 28 2021	45648	22	5406	3343
Jun 29 2021	47481	36	4662	2793
Jun 30 2021	49799	53	4786	2415
Jul 01 2021	52052	57	5533	3223
Jul 02 2021	54440	61	6087	3638
Jul 03 2021	57470	41	6230	3159
Jul 04 2021	59938	44	5916	3404
Jul 05 2021	63520	50	6166	2534
Jul 06 2021	65297	57	5420	3586
Jul 07 2021	67614	54	6519	4148
Jul 08 2021	69619	75	7058	4978
Jul 09 2021	74895	72	9276	3928
Jul 10 2021	80289	91	9326	3841
Jul 11 2021	85689	86	9539	4053
Jul 12 2021	90578	80	8656	3687
Jul 13 2021	95410	56	8685	3797
Jul 14 2021	99511	87	9317	5129
Jul 15 2021	103056	98	9186	5543
Jul 16 2021	106951	67	9692	5730
Jul 17 2021	110565	141	10082	6327
Jul 18 2021	116135	101	11397	5726
Jul 19 2021	122097	81	11784	5741
Jul 20 2021	126765	80	11305	6557
Jul 21 2021	131411	108	13002	8248
Jul 22 2021	137058	87	13655	7921
Jul 23 2021	143744	114	14575	7775
Jul 24 2021	150248	119	14260	7637
Jul 25 2021	158550	129	15335	6904
Jul 26 2021	167057	87	15376	6782
Jul 27 2021	171921	118	14150	9168
Jul 28 2021	178270	133	16533	10051
Jul 29 2021	185976	165	17669	9798
Jul 30 2021	192526	117	17345	10678
Jul 31 2021	200510	178	18912	10750
Aug 01 2021	205002	133	18027	13402
Aug 02 2021	208875	178	17970	13919
Aug 03 2021	209039	147	18901	18590
Aug 04 2021	211076	188	20200	17975
Aug 05 2021	213910	160	20920	17926
Aug 06 2021	212926	191	21379	22172
Aug 07 2021	213444	212	21838	21108
Aug 08 2021	214786	138	19983	18503
Aug 09 2021	214421	149	19603	19819
Aug 10 2021	211223	235	19843	22806
Aug 11 2021	210042	207	21038	22012
Aug 12 2021	209028	147	22782	23649
Aug 13 2021	212179	184	23418	20083
Aug 14 2021	210376	217	22086	23672
Aug 15 2021	210943	209	21882	21106
Aug 16 2021	210934	182	21157	20984
Aug 17 2021	210032	239	20128	20791
Aug 18 2021	207553	312	20515	22682
Aug 19 2021	205946	301	20902	22208
Aug 20 2021	205079	240	19851	20478
Aug 21 2021	202230	261	20571	23159
Aug 22 2021	200339	233	19014	20672
Aug 23 2021	195454	242	17491	22134
Aug 24 2021	192334	226	17165	20059
Aug 25 2021	189268	297	18417	21186
Aug 26 2021	186934	229	18501	20606
Aug 27 2021	185200	273	18702	20163
Aug 28 2021	182357	292	17984	20535
Aug 29 2021	177702	264	16536	20927
Aug 30 2021	176137	256	15972	17281
Aug 31 2021	171368	190	14666	19245
Sep 01 2021	166922	252	14802	18996
Sep 02 2021	163680	262	14956	17936
Sep 03 2021	159800	271	14653	18262
Sep 04 2021	155134	257	15942	20351
Sep 05 2021	152105	224	15452	18257
Sep 06 2021	148622	187	13988	17284
Sep 07 2021	145465	241	13821	16737
Sep 08 2021	142644	228	14176	16769
Sep 09 2021	143038	220	16031	15417
Sep 10 2021	141642	189	14403	15610
Sep 11 2021	137859	253	15191	18721
Sep 12 2021	135966	180	14029	15742
Sep 13 2021	132113	132	12583	16304
Sep 14 2021	129025	136	11786	14738
Sep 15 2021	128546	144	13798	14133
Sep 16 2021	128728	188	13897	13527
Sep 17 2021	129421	171	14555	13691
Sep 18 2021	130128	122	14109	13280
Sep 19 2021	131095	117	13576	12492
Sep 20 2021	132573	106	12709	11125
Sep 21 2021	131655	143	10919	11694
Sep 22 2021	129071	141	11252	13695
Sep 23 2021	128367	131	13256	13829
Sep 24 2021	127392	132	12697	13540
Sep 25 2021	124540	127	11975	14700
Sep 26 2021	122463	125	12353	14305
Sep 27 2021	120156	101	10288	12494
Sep 28 2021	116711	129	9489	12805
Sep 29 2021	115423	122	10414	11580
Sep 30 2021	116075	107	11646	10887
Oct 01 2021	115233	123	11754	12473
Oct 02 2021	113394	87	11375	13127
Oct 03 2021	112251	77	10828	11894
Oct 04 2021	109748	97	9930	12336
Oct 05 2021	108373	92	9869	11152
Oct 06 2021	108022	102	9866	10115
Oct 07 2021	109022	113	11200	10087
Oct 08 2021	110113	116	11140	9933
Oct 09 2021	110128	73	10630	10542
Oct 10 2021	110880	84	10817	9981
Oct 11 2021	110265	60	10035	10590
Oct 12 2021	108174	84	9445	11452
Oct 13 2021	107168	82	10064	10988
Oct 14 2021	107925	112	11276	10407
Oct 15 2021	107606	94	10486	10711
Oct 16 2021	107378	82	10648	10794
Oct 17 2021	107790	68	10863	10383
Oct 18 2021	107226	63	10111	10612
Oct 19 2021	105546	71	9122	10731
Oct 20 2021	103507	79	8918	10878
Oct 21 2021	103086	73	9727	10075
Oct 22 2021	102317	66	9810	10513
Oct 23 2021	101803	74	9742	10182
Oct 24 2021	101000	56	9351	10098
Oct 25 2021	100042	44	8675	9589
Oct 26 2021	98150	66	7706	9532
Oct 27 2021	98096	57	8452	8449
Oct 28 2021	99144	84	9658	8526
Oct 29 2021	99301	64	8968	8747
Oct 30 2021	100132	88	9224	8305
Oct 31 2021	100691	47	8859	8253
Nov 01 2021	99227	55	8165	9574
Nov 02 2021	98444	78	7574	8279
Nov 03 2021	97585	56	7679	8482
Nov 04 2021	97470	68	7982	8029
Nov 05 2021	97300	80	8148	8238
Nov 06 2021	97410	69	8467	8288
Nov 07 2021	98367	53	7960	6950
Nov 08 2021	98425	39	7592	7495
Nov 09 2021	97244	61	6904	8024
Nov 10 2021	96463	62	6978	7697
Nov 11 2021	96450	57	7496	7452
Nov 12 2021	95804	51	7305	7900
Nov 13 2021	95413	55	7057	7393
Nov 14 2021	95528	47	7079	6917
Nov 15 2021	94163	45	6343	7663
Nov 16 2021	92105	62	5947	7943
Nov 17 2021	91382	56	6524	7191
Nov 18 2021	90672	55	6901	7556
Nov 19 2021	89821	51	6855	7655
Nov 20 2021	87885	53	6595	8478
Nov 21 2021	87271	29	7006	7591
Nov 22 2021	85768	49	6428	7882
Nov 23 2021	83093	53	5126	7748
Nov 24 2021	81577	55	5857	7318
Nov 25 2021	80657	37	6335	7218
Nov 26 2021	80277	64	6559	6875
Nov 27 2021	79780	32	6073	6538
Nov 28 2021	79250	30	5854	6354
Nov 29 2021	77811	27	4753	6165
Nov 30 2021	75673	37	4306	6407
Dec 01 2021	74190	43	4886	6326
Dec 02 2021	73726	33	4971	5402
Dec 03 2021	72761	33	4912	5844
Dec 04 2021	72954	37	5896	5666
Dec 05 2021	71482	27	4704	6149
Dec 06 2021	69010	22	4000	6450
Dec 07 2021	66395	31	3525	6109
Dec 08 2021	64200	38	3618	5775
Dec 09 2021	60415	49	4203	7939
Dec 10 2021	56717	28	4193	7863
Dec 11 2021	53455	39	4079	7302
Dec 12 2021	51616	20	3787	5606
Dec 13 2021	49524	23	3398	5467
Dec 14 2021	47531	37	2862	4818
Dec 15 2021	46315	29	3370	4557
Dec 16 2021	45442	26	3684	4531
Dec 17 2021	43479	41	3537	5459
Dec 18 2021	43305	28	3132	3278
Dec 19 2021	41793	22	2899	4389
Dec 20 2021	40097	31	2525	4190
Dec 21 2021	38892	32	2476	3649
Dec 22 2021	38202	31	2532	3191
Dec 23 2021	38314	30	2940	2798
Dec 24 2021	38192	27	2671	2766
Dec 25 2021	37123	30	2766	3805
Dec 26 2021	35862	22	2532	3771
Dec 27 2021	34436	18	2437	3845
Dec 28 2021	33639	32	2305	3070
Dec 29 2021	33502	17	2575	2695
Dec 30 2021	33399	25	3037	3115
Dec 31 2021	33243	26	3111	3241
Jan 01 2022	32929	10	3011	3315
Jan 02 2022	33108	12	3112	2921
Jan 03 2022	33114	18	2927	2903
Jan 04 2022	33505	12	3091	2688
Jan 05 2022	34877	19	3899	2508
Jan 06 2022	37968	11	5775	2673
Jan 07 2022	42580	19	7526	2895
Jan 08 2022	47964	14	8263	2865
Jan 09 2022	53858	12	8511	2605
Jan 10 2022	58159	13	7926	3612
Jan 11 2022	61974	12	7133	3306
Jan 12 2022	66283	22	7681	3350
Jan 13 2022	70591	14	8167	3845
Jan 14 2022	74792	15	8158	3942
Jan 15 2022	77365	18	7793	5202
Jan 16 2022	80546	9	8077	4887
Jan 17 2022	82207	13	6929	5255
Jan 18 2022	81949	18	6397	6637
Jan 19 2022	81599	12	7122	7460
Jan 20 2022	82731	19	8129	6978
Jan 21 2022	82717	13	8640	8641
Jan 22 2022	83228	19	8112	7582
Jan 23 2022	83456	13	7686	7445
Jan 24 2022	82482	13	7139	8100
Jan 25 2022	81529	12	6718	7659
Jan 26 2022	81296	19	7587	7801
Jan 27 2022	82757	22	8078	6595
Jan 28 2022	83695	28	8450	7484
Jan 29 2022	83936	19	8618	8358
Jan 30 2022	84539	12	8444	7829
Jan 31 2022	84316	16	8008	8215
Feb 01 2022	83011	12	7422	8715
Feb 02 2022	83091	22	8587	8485
Feb 03 2022	84410	21	9172	7832
Feb 04 2022	86470	22	9909	7827
Feb 05 2022	88460	21	10490	8479
Feb 06 2022	91034	20	10879	8285
Feb 07 2022	92781	12	10470	8711
Feb 08 2022	94240	17	10398	8922
Feb 09 2022	98827	24	13182	8571
Feb 10 2022	105126	20	14822	8503
Feb 11 2022	111390	23	15242	8955
Feb 12 2022	118490	25	16330	9205
Feb 13 2022	124866	24	15882	9482
Feb 14 2022	129930	26	14900	9810
Feb 15 2022	132725	27	14373	11551
Feb 16 2022	138292	27	16462	10868
Feb 17 2022	144058	22	17349	11561
Feb 18 2022	149586	27	18066	12511
Feb 19 2022	157496	29	18885	10946
Feb 20 2022	162457	30	18953	13962
Feb 21 2022	166394	32	18883	14914
Feb 22 2022	169071	35	18363	15651
Feb 23 2022	173602	39	21232	16662
Feb 24 2022	180990	38	23557	16131
Feb 25 2022	190107	41	24932	15774
Feb 26 2022	201041	40	25615	14641
Feb 27 2022	208843	42	24719	16875
Feb 28 2022	213642	42	22311	17470
Mar 01 2022	215722	43	20420	18297
Mar 02 2022	218781	45	22197	19093
Mar 03 2022	223411	49	23618	18939
Mar 04 2022	227840	54	23834	19351
Mar 05 2022	232144	52	22818	18462
Mar 06 2022	232518	59	21881	21448
Mar 07 2022	230456	65	21162	23159
Mar 08 2022	224325	69	18943	25005
Mar 09 2022	221582	69	22073	24747
Mar 10 2022	220331	74	22984	24161
Mar 11 2022	222995	63	24792	22065
Mar 12 2022	226148	68	24592	21371
Mar 13 2022	227333	66	23584	22333
Mar 14 2022	225886	69	22130	23508
Mar 15 2022	221433	70	19742	24125
Mar 16 2022	221969	70	23945	23339
Mar 17 2022	225131	77	25456	22217
Mar 18 2022	230600	80	27071	21522
Mar 19 2022	237516	87	25804	18801
Mar 20 2022	240136	84	24996	22292
Mar 21 2022	240336	88	23441	23153
Mar 22 2022	236811	83	21382	24824
Mar 23 2022	237125	80	25164	24770
Mar 24 2022	240346	82	27024	23721
Mar 25 2022	244108	69	26050	22219
Mar 26 2022	250262	67	26234	20013
Mar 27 2022	251933	84	25821	24066
Mar 28 2022	250734	81	24635	25753
Mar 29 2022	245151	78	21678	27183
Mar 30 2022	244369	87	25389	26084
Mar 31 2022	246767	85	27560	25077
Apr 01 2022	251211	92	28379	23843
Apr 02 2022	255792	96	28029	23352
Apr 03 2022	259123	97	26840	23412
Apr 04 2022	256664	97	24892	27254
Apr 05 2022	250142	91	21088	27519
Apr 06 2022	248075	94	24252	26225
Apr 07 2022	248054	91	26081	26011
Apr 08 2022	248251	89	25140	24854
Apr 09 2022	251448	98	25298	22003
Apr 10 2022	250970	108	25139	25509
Apr 11 2022	245572	105	22387	27680
Apr 12 2022	237396	101	19982	28057
Apr 13 2022	232679	106	23015	27626
Apr 14 2022	229701	115	24134	26997
Apr 15 2022	224902	119	20289	24969
Apr 16 2022	221449	125	18892	22220
Apr 17 2022	214551	128	17775	24545
Apr 18 2022	205511	124	16994	25910
Apr 19 2022	197346	129	16891	24927
Apr 20 2022	191740	128	20455	25933
Apr 21 2022	188923	129	21931	24619
Apr 22 2022	190777	128	21808	19826
Apr 23 2022	188339	129	20052	22361
Apr 24 2022	183151	126	17784	22846
Apr 25 2022	174497	124	14994	23524
Apr 26 2022	167121	120	13816	21072
Apr 27 2022	162964	125	14887	18919
Apr 28 2022	158765	127	14437	18509
Apr 29 2022	155907	129	14053	16782
Apr 30 2022	151564	126	12888	17105
May 01 2022	140986	91	11535	22022
May 02 2022	129065	84	9331	21168
May 03 2022	118564	77	9721	20145
May 04 2022	108651	82	9288	19119
May 05 2022	101278	54	9790	17109
May 06 2022	97669	62	7705	11252
May 07 2022	93837	58	8450	12224
May 08 2022	91276	54	8081	10588
May 09 2022	84954	55	6488	12755
May 10 2022	79999	53	6230	11132
May 11 2022	78271	56	7650	9322
May 12 2022	77424	59	8019	8807
May 13 2022	75861	56	7779	9286
May 14 2022	73330	54	6736	9213
May 15 2022	70772	51	6094	8601
May 16 2022	66802	40	5238	9168
May 17 2022	63334	38	3893	7323
May 18 2022	60880	45	5633	8042
May 19 2022	59576	42	6305	7567
May 20 2022	58907	41	6463	7091
May 21 2022	58472	37	5377	5775
May 22 2022	55789	31	4739	7391
May 23 2022	51003	29	4099	8856
May 24 2022	47876	36	4144	7235
May 25 2022	47265	33	5013	5591
May 26 2022	46592	37	4924	5560
May 27 2022	46202	29	4837	5198
May 28 2022	46731	38	4488	3921
May 29 2022	44734	24	3649	5622
May 30 2022	42531	26	3854	6031
May 31 2022	39858	21	3955	6607
Jun 01 2022	39268	28	4563	5125
Jun 02 2022	36189	34	2560	5605
Jun 03 2022	34895	32	2976	4238
Jun 04 2022	34053	30	3001	3813
Jun 05 2022	32250	28	3236	5011
Jun 06 2022	29506	27	2162	4879
Jun 07 2022	26886	20	2224	4824
Jun 08 2022	25423	21	2688	4130
Jun 09 2022	25259	23	3185	3326
Jun 10 2022	24553	24	2836	3518
Jun 11 2022	24109	28	2501	2917
Jun 12 2022	22327	20	2474	4236
Jun 13 2022	21783	15	1801	2330
Jun 14 2022	21442	19	1833	2155
Jun 15 2022	21578	18	2263	2109
Jun 16 2022	21202	17	2153	2512
Jun 17 2022	21027	19	1967	2123
Jun 18 2022	21312	23	2272	1964
Jun 19 2022	21308	22	1892	1874
Jun 20 2022	20908	18	1784	2166
Jun 21 2022	20464	21	1714	2137
Jun 22 2022	21149	19	2387	1683
Jun 23 2022	21647	18	2299	1783
Jun 24 2022	22455	16	2313	1489
Jun 25 2022	22783	16	2236	1892
Jun 26 2022	23310	17	2378	1834
Jun 27 2022	22892	15	1735	2138
Jun 28 2022	22455	13	1761	2185
Jun 29 2022	23026	14	2569	1984
Jun 30 2022	23928	14	2695	1779
Jul 01 2022	24112	16	2354	2154
Jul 02 2022	24720	17	2508	1883
Jul 03 2022	24986	19	2328	2043
Jul 04 2022	24815	18	1995	2148
Jul 05 2022	24432	18	1917	2282
Jul 06 2022	24789	22	2428	2049
Jul 07 2022	24901	20	2366	2234
Jul 08 2022	25079	20	2144	1946
Jul 09 2022	24731	15	2084	2417
Jul 10 2022	24554	22	2004	2159
Jul 11 2022	24073	24	1811	2268
Jul 12 2022	23614	23	1679	2115
Jul 13 2022	24079	25	2391	1901
Jul 14 2022	24188	28	2257	2120
Jul 15 2022	24040	23	1795	1920
Jul 16 2022	23864	20	2025	2181
Jul 17 2022	23296	18	2028	2578
Jul 18 2022	22732	17	1814	2361
Jul 19 2022	22338	18	2125	2501
Jul 20 2022	23176	19	2886	2029
Jul 21 2022	23442	23	2607	2318
Jul 22 2022	24025	25	2424	1816
Jul 23 2022	24697	29	2578	1877
Jul 24 2022	24699	30	2390	2358
Jul 25 2022	23982	32	1740	2425
Jul 26 2022	23602	35	1828	2173
Jul 27 2022	24216	34	2747	2099
Jul 28 2022	23957	32	1902	2129
Jul 29 2022	24547	37	2480	1853
Jul 30 2022	24320	32	1962	2157
Jul 31 2022	23158	26	1664	2800
Aug 01 2022	22707	19	2108	2540
Aug 02 2022	22009	27	1843	2514
Aug 03 2022	21937	32	2432	2472
Aug 04 2022	21374	29	2166	2700
Aug 05 2022	21110	34	2253	2483
Aug 06 2022	21247	35	2381	2209
Aug 07 2022	21523	35	2250	1939
Aug 08 2022	21316	34	1842	2015
Aug 09 2022	20944	33	1955	2294
Aug 10 2022	21096	32	2335	2151
Aug 11 2022	21301	35	2316	2076
Aug 12 2022	21581	33	2455	2142
Aug 13 2022	21788	35	2140	1898
Aug 14 2022	20955	30	1773	2576
Aug 15 2022	20253	30	1663	2335
Aug 16 2022	19709	29	1508	2023
Aug 17 2022	19899	28	2461	2243
Aug 18 2022	19990	29	2143	2023
Aug 19 2022	20045	27	2110	2028
Aug 20 2022	19932	29	1902	1986
Aug 21 2022	19621	27	1968	2252
Aug 22 2022	18826	28	1531	2298
Aug 23 2022	17894	26	1488	2394
Aug 24 2022	17828	28	2062	2100
Aug 25 2022	18059	29	2002	1742
Aug 26 2022	18179	28	1749	1601
Aug 27 2022	18114	29	1631	1667
Aug 28 2022	17551	27	1769	2305
Aug 29 2022	16600	26	1273	2198
Aug 30 2022	15456	27	994	2111
Aug 31 2022	15751	28	2240	1917
Sep 01 2022	15987	25	2004	1743
Sep 02 2022	16444	24	2046	1565
Sep 03 2022	16720	23	1942	1643
Sep 04 2022	16183	25	1631	2143
Sep 05 2022	15415	22	1360	2106
Sep 06 2022	14492	22	1062	1963
Sep 07 2022	14459	20	1605	1618
Sep 08 2022	14058	19	1587	1969
Sep 09 2022	13902	20	1191	1327
Sep 10 2022	13790	17	1106	1201
Sep 11 2022	12763	19	1093	2101
Sep 12 2022	11480	15	698	1966
Sep 13 2022	10262	10	619	1827
Sep 14 2022	10318	14	1321	1251
Sep 15 2022	10406	13	1125	1024
Sep 16 2022	10144	12	837	1087
Sep 17 2022	9925	14	764	969
Sep 18 2022	9220	12	477	1170
Sep 19 2022	8346	11	242	1105
Sep 20 2022	8186	15	774	919
Sep 21 2022	8368	13	1129	934
Sep 22 2022	8283	15	806	876
Sep 23 2022	8232	9	752	794
Sep 24 2022	8080	14	607	745
Sep 25 2022	7691	12	655	1032
Sep 26 2022	6857	8	319	1145
Sep 27 2022	6397	10	351	801
Sep 28 2022	6525	9	811	674
Sep 29 2022	6362	10	637	790
Sep 30 2022	6459	9	839	733
Oct 01 2022	6467	4	823	811
Oct 02 2022	6249	9	416	625
Oct 03 2022	6031	9	416	625
Oct 04 2022	5815	7	416	625
Oct 05 2022	5598	8	416	625
Oct 06 2022	5381	8	416	625
Oct 07 2022	5163	9	416	625
Oct 08 2022	4943	8	419	631
Oct 09 2022	5254	8	319	0
Oct 10 2022	5565	8	319	0
Oct 11 2022	5876	8	319	0
Oct 12 2022	6188	7	319	0
Oct 13 2022	6499	8	319	0
Oct 14 2022	6811	7	319	0
Oct 15 2022	4890	7	320	2234
Oct 16 2022	5257	6	373	0
Oct 17 2022	5250	6	373	374
Oct 18 2022	5244	6	373	373
Oct 19 2022	5237	6	373	374
Oct 20 2022	5231	5	373	374
Oct 21 2022	5224	6	373	374
Oct 22 2022	5224	5	378	373
Oct 23 2022	4850	0	0	374
Oct 24 2022	4486	0	0	364
Oct 25 2022	4121	0	0	365
Oct 26 2022	3757	0	0	364
Oct 27 2022	3392	0	0	365
Oct 28 2022	3028	0	0	364
Oct 29 2022	2663	0	0	365
Oct 30 2022	2299	0	0	364
Oct 31 2022	4423	33	2551	394
Nov 01 2022	4414	7	392	394
Nov 02 2022	4395	7	382	394
Nov 03 2022	4484	6	490	395
Nov 04 2022	4529	5	444	394
Nov 05 2022	4554	5	424	394
Nov 06 2022	4638	5	483	394
Nov 07 2022	4325	5	144	452
Nov 08 2022	4318	6	452	453
Nov 09 2022	4312	6	452	452
Nov 10 2022	4306	6	452	452
Nov 11 2022	4300	6	452	452
Nov 12 2022	4293	6	452	453
Nov 13 2022	4287	6	452	452
Nov 14 2022	4735	6	454	0
Nov 15 2022	4725	10	565	565
Nov 16 2022	4715	10	566	566
Nov 17 2022	4705	10	565	565
Nov 18 2022	4696	9	565	565
Nov 19 2022	4686	10	565	565
Nov 20 2022	4676	10	566	566
Nov 21 2022	4666	10	565	565
Nov 22 2022	4655	11	702	702
Nov 23 2022	4645	10	702	702
Nov 24 2022	4634	11	702	702
Nov 25 2022	4624	10	702	702
Nov 26 2022	4613	11	702	702
Nov 27 2022	4603	10	702	702
Nov 28 2022	4592	11	702	702
Nov 29 2022	4577	15	612	612
Nov 30 2022	4562	15	612	612
Dec 01 2022	4547	15	612	612
Dec 02 2022	4532	15	612	612
Dec 03 2022	4517	15	612	612
Dec 04 2022	4502	15	612	612
Dec 05 2022	4487	15	612	612
Dec 06 2022	4472	15	566	566
Dec 07 2022	4456	16	566	566
Dec 08 2022	4441	15	566	566
Dec 09 2022	4426	15	565	565
Dec 10 2022	4411	15	566	566
Dec 11 2022	4395	16	566	566
Dec 12 2022	4380	15	566	566
Dec 13 2022	403	16	488	4449
Dec 14 2022	387	16	489	489
Dec 15 2022	371	16	488	488
Dec 16 2022	354	17	489	489
Dec 17 2022	338	16	488	488
Dec 18 2022	322	16	489	489
Dec 19 2022	306	16	488	488
Dec 20 2022	293	13	414	414
Dec 21 2022	281	12	415	415
Dec 22 2022	268	13	414	414
Dec 23 2022	255	13	414	414
Dec 24 2022	242	13	414	414
Dec 25 2022	230	12	415	415
Dec 26 2022	217	13	414	414
Dec 27 2022	206	11	302	302
Dec 28 2022	196	10	301	301
Dec 29 2022	185	11	302	302
Dec 30 2022	174	11	301	301
Dec 31 2022	163	11	302	302
Jan 01 2023	153	10	301	301
Jan 02 2023	142	11	302	302
Jan 03 2023	276	8	142	0
Jan 04 2023	410	9	143	0
Jan 05 2023	544	8	142	0
Jan 06 2023	679	8	143	0
Jan 07 2023	813	8	142	0
Jan 08 2023	947	9	143	0
Jan 09 2023	1081	8	142	0
Jan 10 2023	929	9	138	281
Jan 11 2023	777	10	139	281
Jan 12 2023	625	9	138	281
Jan 13 2023	475	9	139	280
Jan 14 2023	323	9	138	281
Jan 15 2023	171	10	139	281
Jan 16 2023	19	9	138	281
Jan 17 2023	13	6	90	90
Jan 18 2023	95	7	89	0
Jan 19 2023	179	6	90	0
Jan 20 2023	262	6	89	0
Jan 21 2023	346	6	90	0
Jan 22 2023	428	7	89	0
Jan 23 2023	512	6	90	0
Jan 24 2023	508	4	67	67
Jan 25 2023	504	4	68	68
Jan 26 2023	500	4	67	67
Jan 27 2023	495	5	68	68
Jan 28 2023	491	4	67	67
Jan 29 2023	487	4	68	68
Jan 30 2023	483	4	67	67
Jan 31 2023	483	0	0	0
Feb 01 2023	483	0	0	0
Feb 02 2023	483	0	0	0
Feb 03 2023	483	0	0	0
Feb 04 2023	483	0	0	0
Feb 05 2023	483	0	0	0
Feb 06 2023	718	17	252	0
Feb 07 2023	718	0	0	0
Feb 08 2023	718	0	0	0
Feb 09 2023	718	0	0	0
Feb 10 2023	718	0	0	0
Feb 11 2023	718	0	0	0
Feb 12 2023	718	0	0	0
Feb 13 2023	1098	12	392	0
Feb 14 2023	1098	0	0	0
Feb 15 2023	1098	0	0	0
Feb 16 2023	1098	0	0	0
Feb 17 2023	1098	0	0	0
Feb 18 2023	1098	0	0	0
Feb 19 2023	1098	0	0	0
Feb 20 2023	1293	8	203	0
Feb 21 2023	1293	0	0	0
Feb 22 2023	1293	0	0	0
Feb 23 2023	1293	0	0	0
Feb 24 2023	1293	0	0	0
Feb 25 2023	1293	0	0	0
Feb 26 2023	1293	0	0	0
Feb 27 2023	1488	9	204	0
Feb 28 2023	1488	0	0	0
Mar 01 2023	1488	0	0	0
Mar 02 2023	1488	0	0	0
Mar 03 2023	1488	0	0	0
Mar 04 2023	1488	0	0	0
Mar 05 2023	1488	0	0	0
Mar 06 2023	1628	7	147	0
Mar 07 2023	1628	0	0	0
Mar 08 2023	1628	0	0	0
Mar 09 2023	1628	0	0	0
Mar 10 2023	1628	0	0	0
Mar 11 2023	1628	0	0	0
Mar 12 2023	1628	0	0	0
Mar 13 2023	1744	6	122	0
Mar 14 2023	1744	0	0	0
Mar 15 2023	1744	0	0	0
Mar 16 2023	1744	0	0	0
Mar 17 2023	1744	0	0	0
Mar 18 2023	1744	0	0	0
Mar 19 2023	1744	0	0	0
Mar 20 2023	1917	5	178	0
Mar 21 2023	1917	0	0	0
Mar 22 2023	1917	0	0	0
Mar 23 2023	1917	0	0	0
Mar 24 2023	1917	0	0	0
Mar 25 2023	1917	0	0	0
Mar 26 2023	1917	0	0	0
Mar 27 2023	2061	6	150	0
Mar 28 2023	2061	0	0	0
Mar 29 2023	2061	0	0	0
Mar 30 2023	2061	0	0	0
Mar 31 2023	2061	0	0	0
Apr 01 2023	2061	0	0	0
Apr 02 2023	2061	0	0	0
Apr 03 2023	2225	3	167	0
Apr 04 2023	2225	0	0	0
Apr 05 2023	2225	0	0	0
Apr 06 2023	2225	0	0	0
Apr 07 2023	2225	0	0	0
Apr 08 2023	2225	0	0	0
Apr 09 2023	2225	0	0	0
Apr 10 2023	2391	2	168	0
Apr 11 2023	2391	0	0	0
Apr 12 2023	2391	0	0	0
Apr 13 2023	2391	0	0	0
Apr 14 2023	2391	0	0	0
Apr 15 2023	2391	0	0	0
Apr 16 2023	2391	0	0	0
Apr 17 2023	2824	2	435	0
Apr 18 2023	2824	0	0	0
Apr 19 2023	2824	0	0	0
Apr 20 2023	2824	0	0	0
Apr 21 2023	2824	0	0	0
Apr 22 2023	2824	0	0	0
Apr 23 2023	2824	0	0	0
Apr 24 2023	3907	5	1088	0
Apr 25 2023	3907	0	0	0
Apr 26 2023	3907	0	0	0
Apr 27 2023	3907	0	0	0
Apr 28 2023	3907	0	0	0
Apr 29 2023	3907	0	0	0
Apr 30 2023	3907	0	0	0
May 01 2023	5708	10	1811	0
May 02 2023	5708	0	0	0
May 03 2023	5708	0	0	0
May 04 2023	5708	0	0	0
May 05 2023	5708	0	0	0
May 06 2023	5708	0	0	0
May 07 2023	5708	0	0	0
May 08 2023	7397	10	1699	0
May 09 2023	7397	0	0	0
May 10 2023	7397	0	0	0
May 11 2023	7397	0	0	0
May 12 2023	7397	0	0	0
May 13 2023	7397	0	0	0
May 14 2023	7397	0	0	0
May 15 2023	9731	22	2356	0
May 16 2023	9731	0	0	0
May 17 2023	9731	0	0	0
May 18 2023	9731	0	0	0
May 19 2023	9731	0	0	0
May 20 2023	9731	0	0	0
May 21 2023	9731	0	0	0
May 22 2023	12299	64	2632	0
May 23 2023	12299	0	0	0
May 24 2023	12299	0	0	0
May 25 2023	12299	0	0	0
May 26 2023	12299	0	0	0
May 27 2023	12299	0	0	0
May 28 2023	12299	0	0	0
May 29 2023	15227	42	2970	0
May 30 2023	15227	0	0	0
May 31 2023	15227	0	0	0
Jun 01 2023	15227	0	0	0
Jun 02 2023	15227	0	0	0
Jun 03 2023	15227	0	0	0
Jun 04 2023	15227	0	0	0
Jun 05 2023	18244	68	3085	0
Jun 06 2023	18244	0	0	0
Jun 07 2023	18244	0	0	0
Jun 08 2023	18244	0	0	0
Jun 09 2023	18244	0	0	0
Jun 10 2023	18244	0	0	0
Jun 11 2023	18244	0	0	0
Jun 12 2023	20884	69	2709	0
Jun 13 2023	20884	0	0	0
Jun 14 2023	20884	0	0	0
Jun 15 2023	20884	0	0	0
Jun 16 2023	20884	0	0	0
Jun 17 2023	20884	0	0	0
Jun 18 2023	20884	0	0	0
Jun 19 2023	22982	60	2158	0
Jun 20 2023	22982	0	0	0
Jun 21 2023	22982	0	0	0
Jun 22 2023	22982	0	0	0
Jun 23 2023	22982	0	0	0
Jun 24 2023	22982	0	0	0
Jun 25 2023	22982	0	0	0
Jun 26 2023	24599	36	1653	0
Jun 27 2023	24599	0	0	0
Jun 28 2023	24599	0	0	0
Jun 29 2023	24599	0	0	0
Jun 30 2023	24599	0	0	0
Jul 01 2023	24599	0	0	0
Jul 02 2023	24599	0	0	0
Jul 03 2023	25415	43	859	0
Jul 04 2023	25415	0	0	0
Jul 05 2023	25415	0	0	0
Jul 06 2023	25415	0	0	0
Jul 07 2023	25415	0	0	0
Jul 08 2023	25415	0	0	0
Jul 09 2023	25415	0	0	0
Jul 10 2023	26583	25	1193	0
Jul 11 2023	26583	0	0	0
Jul 12 2023	26583	0	0	0
Jul 13 2023	26583	0	0	0
Jul 14 2023	26583	0	0	0
Jul 15 2023	26583	0	0	0
Jul 16 2023	26583	0	0	0
Jul 17 2023	27182	14	613	0
Jul 18 2023	27182	0	0	0
Jul 19 2023	27182	0	0	0
Jul 20 2023	27182	0	0	0
Jul 21 2023	27182	0	0	0
Jul 22 2023	27182	0	0	0
Jul 23 2023	27182	0	0	0
Jul 24 2023	27730	8	556	0
Jul 25 2023	27730	0	0	0
Jul 26 2023	27730	0	0	0
Jul 27 2023	27730	0	0	0
Jul 28 2023	27730	0	0	0
Jul 29 2023	27730	0	0	0
Jul 30 2023	27730	0	0	0
Jul 31 2023	28114	7	391	0
Aug 01 2023	28114	0	0	0
Aug 02 2023	28114	0	0	0
Aug 03 2023	28114	0	0	0
Aug 04 2023	28114	0	0	0
Aug 05 2023	28114	0	0	0
Aug 06 2023	28114	0	0	0
Aug 07 2023	28370	12	268	0
Aug 08 2023	28370	0	0	0
Aug 09 2023	28370	0	0	0
Aug 10 2023	28370	0	0	0
Aug 11 2023	28370	0	0	0
Aug 12 2023	28370	0	0	0
Aug 13 2023	28370	0	0	0
Aug 14 2023	28681	7	318	0
Aug 15 2023	28681	0	0	0
Aug 16 2023	28681	0	0	0
Aug 17 2023	28681	0	0	0
Aug 18 2023	28681	0	0	0
Aug 19 2023	28681	0	0	0
Aug 20 2023	28681	0	0	0
Aug 21 2023	29061	9	389	0
Aug 22 2023	29061	0	0	0
Aug 23 2023	29061	0	0	0
Aug 24 2023	29061	0	0	0
Aug 25 2023	29061	0	0	0
Aug 26 2023	29061	0	0	0
Aug 27 2023	29061	0	0	0
Aug 28 2023	29311	6	256	0
Aug 29 2023	29311	0	0	0
Aug 30 2023	29311	0	0	0
Aug 31 2023	29311	0	0	0
Sep 01 2023	29311	0	0	0
Sep 02 2023	29311	0	0	0
Sep 03 2023	29311	0	0	0
Sep 04 2023	29492	6	187	0
Sep 05 2023	29492	0	0	0
Sep 06 2023	29492	0	0	0
Sep 07 2023	29492	0	0	0
Sep 08 2023	29492	0	0	0
Sep 09 2023	29492	0	0	0
Sep 10 2023	29492	0	0	0
Sep 11 2023	29733	3	244	0
Sep 12 2023	29733	0	0	0
Sep 13 2023	29733	0	0	0
Sep 14 2023	29733	0	0	0
Sep 15 2023	29733	0	0	0
Sep 16 2023	29733	0	0	0
Sep 17 2023	29733	0	0	0
Sep 18 2023	29942	3	212	0
Sep 19 2023	29942	0	0	0
Sep 20 2023	29942	0	0	0
Sep 21 2023	29942	0	0	0
Sep 22 2023	29942	0	0	0
Sep 23 2023	29942	0	0	0
Sep 24 2023	29942	0	0	0
Sep 25 2023	30173	3	234	0
Sep 26 2023	30173	0	0	0
Sep 27 2023	30173	0	0	0
Sep 28 2023	30173	0	0	0
Sep 29 2023	30173	0	0	0
Sep 30 2023	30173	0	0	0
Oct 01 2023	30173	0	0	0
Oct 02 2023	30362	1	190	0
Oct 03 2023	30362	0	0	0
Oct 04 2023	30362	0	0	0
Oct 05 2023	30362	0	0	0
Oct 06 2023	30362	0	0	0
Oct 07 2023	30362	0	0	0
Oct 08 2023	30362	0	0	0
Oct 09 2023	30488	5	131	0
Oct 10 2023	30488	0	0	0
Oct 11 2023	30488	0	0	0
Oct 12 2023	30488	0	0	0
Oct 13 2023	30488	0	0	0
Oct 14 2023	30488	0	0	0
Oct 15 2023	30488	0	0	0
Oct 16 2023	30609	3	124	0
Oct 17 2023	30609	0	0	0
Oct 18 2023	30609	0	0	0
Oct 19 2023	30609	0	0	0
Oct 20 2023	30609	0	0	0
Oct 21 2023	30609	0	0	0
Oct 22 2023	30609	0	0	0
Oct 23 2023	30797	3	191	0
Oct 24 2023	30797	0	0	0
Oct 25 2023	30797	0	0	0
Oct 26 2023	30797	0	0	0
Oct 27 2023	30797	0	0	0
Oct 28 2023	30797	0	0	0
Oct 29 2023	30797	0	0	0
Oct 30 2023	31001	2	206	0
Oct 31 2023	31001	0	0	0
Nov 01 2023	31001	0	0	0
Nov 02 2023	31001	0	0	0
Nov 03 2023	31001	0	0	0
Nov 04 2023	31001	0	0	0
Nov 05 2023	31001	0	0	0
Nov 06 2023	31001	0	0	0
Nov 07 2023	31304	1	304	0
Nov 08 2023	31304	0	0	0
Nov 09 2023	31304	0	0	0
Nov 10 2023	31304	0	0	0
Nov 11 2023	31304	0	0	0
Nov 12 2023	31304	0	0	0
Nov 13 2023	31590	1	287	0
Nov 14 2023	31590	0	0	0
Nov 15 2023	31590	0	0	0
Nov 16 2023	31590	0	0	0
Nov 17 2023	31590	0	0	0
Nov 18 2023	31590	0	0	0
Nov 19 2023	31590	0	0	0
Nov 20 2023	31979	1	390	0
Nov 21 2023	31979	0	0	0
Nov 22 2023	31979	0	0	0
Nov 23 2023	31979	0	0	0
Nov 24 2023	31979	0	0	0
Nov 25 2023	31979	0	0	0
Nov 26 2023	31979	0	0	0
Nov 27 2023	32457	2	480	0
Nov 28 2023	32457	0	0	0
Nov 29 2023	32457	0	0	0
Nov 30 2023	32457	0	0	0
Dec 01 2023	32457	0	0	0
Dec 02 2023	32457	0	0	0
Dec 03 2023	32457	0	0	0
Dec 04 2023	32990	3	536	0
Dec 05 2023	32990	0	0	0
Dec 06 2023	32990	0	0	0
Dec 07 2023	32990	0	0	0
Dec 08 2023	32990	0	0	0
Dec 09 2023	32990	0	0	0
Dec 10 2023	32990	0	0	0
Dec 11 2023	33576	4	590	0
Dec 12 2023	33576	0	0	0
Dec 13 2023	33576	0	0	0
Dec 14 2023	33576	0	0	0
Dec 15 2023	33576	0	0	0
Dec 16 2023	33576	0	0	0
Dec 17 2023	33576	0	0	0
Dec 18 2023	34084	6	514	0
Dec 19 2023	34084	0	0	0
Dec 20 2023	34084	0	0	0
Dec 21 2023	34084	0	0	0
Dec 22 2023	34084	0	0	0
Dec 23 2023	34084	0	0	0
Dec 24 2023	34631	8	555	0
Dec 25 2023	34631	0	0	0
Dec 26 2023	34631	0	0	0
Dec 27 2023	34631	0	0	0
Dec 28 2023	34631	0	0	0
Dec 29 2023	34631	0	0	0
Dec 30 2023	34631	0	0	0
Dec 31 2023	34631	0	0	0
Jan 01 2024	35222	3	594	0
Jan 02 2024	35222	0	0	0
Jan 03 2024	35222	0	0	0
Jan 04 2024	35222	0	0	0
Jan 05 2024	35222	0	0	0
Jan 06 2024	35222	0	0	0
Jan 07 2024	35222	0	0	0
Jan 08 2024	35882	4	664	0
Jan 09 2024	35882	0	0	0
Jan 10 2024	35882	0	0	0
Jan 11 2024	35882	0	0	0
Jan 12 2024	35882	0	0	0
Jan 13 2024	35882	0	0	0
Jan 14 2024	35882	0	0	0
Jan 15 2024	36500	7	625	0
Jan 16 2024	36500	0	0	0
Jan 17 2024	36500	0	0	0
Jan 18 2024	36500	0	0	0
Jan 19 2024	36500	0	0	0
Jan 20 2024	36500	0	0	0
Jan 21 2024	36500	0	0	0
Jan 22 2024	37207	11	718	0
Jan 23 2024	37207	0	0	0
Jan 24 2024	37207	0	0	0
Jan 25 2024	37207	0	0	0
Jan 26 2024	37207	0	0	0
Jan 27 2024	37207	0	0	0
Jan 28 2024	37207	0	0	0
Jan 29 2024	37820	8	621	0
Jan 30 2024	37820	0	0	0
Jan 31 2024	37820	0	0	0
Feb 01 2024	37820	0	0	0
Feb 02 2024	37820	0	0	0
Feb 03 2024	37820	0	0	0
Feb 04 2024	38527	8	715	0
Feb 05 2024	38527	0	0	0
Feb 06 2024	38527	0	0	0
Feb 07 2024	38527	0	0	0
Feb 08 2024	38527	0	0	0
Feb 09 2024	38527	0	0	0
Feb 10 2024	38527	0	0	0
Feb 11 2024	38527	0	0	0
Feb 12 2024	39059	5	537	0
Feb 13 2024	39059	0	0	0
Feb 14 2024	39059	0	0	0
Feb 15 2024	39059	0	0	0
Feb 16 2024	39059	0	0	0
Feb 17 2024	39059	0	0	0
Feb 18 2024	39059	0	0	0
Feb 19 2024	39551	4	496	0
Feb 20 2024	39551	0	0	0
Feb 21 2024	39551	0	0	0
Feb 22 2024	39551	0	0	0
Feb 23 2024	39551	0	0	0
Feb 24 2024	39551	0	0	0
Feb 25 2024	39551	0	0	0
Feb 26 2024	40035	3	487	0
Feb 27 2024	40035	0	0	0
Feb 28 2024	40035	0	0	0
Feb 29 2024	40035	0	0	0
Mar 01 2024	40035	0	0	0
Mar 02 2024	40035	0	0	0
Mar 03 2024	40035	0	0	0
Mar 04 2024	40035	0	0	0
Mar 05 2024	40495	2	462	0
Mar 06 2024	40495	0	0	0
Mar 07 2024	40495	0	0	0
Mar 08 2024	40495	0	0	0
Mar 09 2024	40495	0	0	0
Mar 10 2024	40938	3	446	0
Mar 11 2024	40938	0	0	0
Mar 12 2024	40938	0	0	0
Mar 13 2024	40938	0	0	0
Mar 14 2024	40938	0	0	0
Mar 15 2024	40938	0	0	0
Mar 16 2024	40938	0	0	0
Mar 17 2024	40938	0	0	0
Mar 18 2024	41435	4	501	0
Mar 19 2024	41435	0	0	0
Mar 20 2024	41435	0	0	0
Mar 21 2024	41435	0	0	0
Mar 22 2024	41435	0	0	0
Mar 23 2024	41435	0	0	0
Mar 24 2024	41435	0	0	0
Mar 25 2024	42060	5	630	0
Mar 26 2024	42060	0	0	0
Mar 27 2024	42060	0	0	0
Mar 28 2024	42060	0	0	0
Mar 29 2024	42060	0	0	0
Mar 30 2024	42060	0	0	0
Mar 31 2024	42060	0	0	0
Apr 01 2024	42060	0	0	0
Apr 02 2024	42060	0	0	0
Apr 03 2024	42060	0	0	0
Apr 04 2024	42060	0	0	0
Apr 05 2024	42060	0	0	0
Apr 06 2024	42060	0	0	0
