Date	Active Cases	Daily Death	New cases	Recoverd Cases
Feb 15 2020	0	0	0	0
Feb 16 2020	0	0	0	0
Feb 17 2020	0	0	0	0
Feb 18 2020	0	0	0	0
Feb 19 2020	0	0	0	0
Feb 20 2020	0	0	0	0
Feb 21 2020	0	0	0	0
Feb 22 2020	0	0	0	0
Feb 23 2020	0	0	0	0
Feb 24 2020	0	0	0	0
Feb 25 2020	0	0	0	0
Feb 26 2020	2	0	0	0
Feb 27 2020	2	0	0	0
Feb 28 2020	2	0	0	0
Feb 29 2020	4	0	2	0
Mar 01 2020	4	0	0	0
Mar 02 2020	4	0	0	0
Mar 03 2020	5	0	1	0
Mar 04 2020	5	0	0	0
Mar 05 2020	5	0	0	0
Mar 06 2020	5	0	1	1
Mar 07 2020	5	0	0	0
Mar 08 2020	6	0	1	0
Mar 09 2020	15	0	9	0
Mar 10 2020	17	0	3	1
Mar 11 2020	18	0	1	0
Mar 12 2020	19	0	1	0
Mar 13 2020	26	0	7	0
Mar 14 2020	31	0	5	0
Mar 15 2020	51	0	20	0
Mar 16 2020	182	0	131	0
Mar 17 2020	245	0	63	0
Mar 18 2020	292	2	60	11
Mar 19 2020	439	0	147	0
Mar 20 2020	485	1	47	0
Mar 21 2020	629	0	144	0
Mar 22 2020	758	2	131	0
Mar 23 2020	856	1	99	0
Mar 24 2020	947	1	97	5
Mar 25 2020	1034	1	91	3
Mar 26 2020	1171	1	138	0
Mar 27 2020	1339	2	172	2
Mar 28 2020	1454	1	122	6
Mar 29 2020	1554	2	102	0
Mar 30 2020	1620	7	120	47
Mar 31 2020	1836	5	221	0
Apr 01 2020	1997	1	180	18
Apr 02 2020	2262	7	303	31
Apr 03 2020	2520	6	265	1
Apr 04 2020	2646	1	132	5
Apr 05 2020	2899	6	339	80
Apr 06 2020	3454	6	609	48
Apr 07 2020	3549	4	269	170
Apr 08 2020	3735	4	228	38
Apr 09 2020	3852	4	226	105
Apr 10 2020	3902	1	206	155
Apr 11 2020	4162	21	316	35
Apr 12 2020	4110	5	219	266
Apr 13 2020	4307	2	266	67
Apr 14 2020	4362	3	341	283
Apr 15 2020	4824	16	546	68
Apr 16 2020	5143	18	536	199
Apr 17 2020	5122	7	106	120
Apr 18 2020	5660	8	613	67
Apr 19 2020	6308	26	710	36
Apr 20 2020	6742	8	544	102
Apr 21 2020	7286	26	673	103
Apr 22 2020	7703	11	511	83
Apr 23 2020	8479	24	981	181
Apr 24 2020	8925	19	883	418
Apr 25 2020	9580	17	783	111
Apr 26 2020	10103	12	605	70
Apr 27 2020	10586	11	587	93
Apr 28 2020	11058	21	697	204
Apr 29 2020	11747	32	913	192
Apr 30 2020	11996	19	948	680
May 01 2020	13311	58	1619	246
May 02 2020	13818	21	930	402
May 03 2020	14498	21	1062	361
May 04 2020	14814	20	857	521
May 05 2020	15716	40	1108	166
May 06 2020	16370	31	1165	480
May 07 2020	17574	43	1430	183
May 08 2020	18284	15	1791	1066
May 09 2020	20267	39	2301	279
May 10 2020	21587	24	1598	254
May 11 2020	22037	8	607	149
May 12 2020	23368	59	1733	343
May 13 2020	25609	39	2624	344
May 14 2020	25294	9	490	796
May 15 2020	26230	34	1430	460
May 16 2020	27054	32	1581	725
May 17 2020	27904	41	1352	461
May 18 2020	29266	31	1974	581
May 19 2020	30503	37	1841	567
May 20 2020	31775	48	1932	612
May 21 2020	32881	33	2193	1054
May 22 2020	34386	52	2603	1046
May 23 2020	34642	35	1743	1452
May 24 2020	36228	33	2164	545
May 25 2020	37657	35	1748	284
May 26 2020	38150	31	1356	832
May 27 2020	38739	29	1446	828
May 28 2020	39690	36	2076	1089
May 29 2020	40358	59	2801	2074
May 30 2020	40880	81	2429	1826
May 31 2020	42687	92	3039	1140
Jun 01 2020	44777	62	2964	812
Jun 02 2020	47607	81	3938	1027
Jun 03 2020	49789	70	4065	1813
Jun 04 2020	53300	85	4801	1205
Jun 05 2020	56144	71	3985	1070
Jun 06 2020	59394	101	4734	1383
Jun 07 2020	63400	70	4960	884
Jun 08 2020	67170	68	4728	890
Jun 09 2020	71044	109	4646	663
Jun 10 2020	75053	86	5385	1290
Jun 11 2020	78699	105	5834	2083
Jun 12 2020	83129	111	6397	1856
Jun 13 2020	79700	92	6472	9809
Jun 14 2020	84762	84	6825	1679
Jun 15 2020	87923	101	5248	1986
Jun 16 2020	89583	114	4443	2669
Jun 17 2020	93233	142	5839	2047
Jun 18 2020	97690	123	5358	778
Jun 19 2020	100324	142	4944	2168
Jun 20 2020	104648	159	6604	2121
Jun 21 2020	105087	124	4951	4388
Jun 22 2020	105899	93	4471	3566
Jun 23 2020	107723	109	3946	2013
Jun 24 2020	107270	62	3892	4283
Jun 25 2020	107607	154	4044	3553
Jun 26 2020	107460	61	2775	2861
Jun 27 2020	107784	76	3138	2738
Jun 28 2020	106052	86	4072	5718
Jun 29 2020	106775	51	3557	2783
Jun 30 2020	106361	143	2825	3096
Jul 01 2020	108100	95	4133	2299
Jul 02 2020	108466	81	4339	3892
Jul 03 2020	103543	81	4087	8929
Jul 04 2020	95388	71	3387	11471
Jul 05 2020	93746	97	3191	4736
Jul 06 2020	95219	52	3344	1819
Jul 07 2020	94522	80	2691	3308
Jul 08 2020	91408	86	2980	6008
Jul 09 2020	90358	63	3359	4346
Jul 10 2020	89250	78	2751	3781
Jul 11 2020	87892	68	2752	4042
Jul 12 2020	86770	77	2521	3566
Jul 13 2020	84234	72	2753	5217
Jul 14 2020	77418	56	1979	8739
Jul 15 2020	77360	69	2165	2154
Jul 16 2020	73536	42	2145	5927
Jul 17 2020	70570	51	2085	5000
Jul 18 2020	57666	49	1917	14772
Jul 19 2020	53431	48	1580	5767
Jul 20 2020	53333	32	1587	1653
Jul 21 2020	52203	42	1013	2101
Jul 22 2020	51057	40	1332	2438
Jul 23 2020	50080	33	1763	2707
Jul 24 2020	44625	56	1209	6608
Jul 25 2020	29274	25	1487	16813
Jul 26 2020	29626	36	1226	838
Jul 27 2020	27189	21	1176	3592
Jul 28 2020	26691	24	936	1410
Jul 29 2020	25279	28	1063	2447
Jul 30 2020	25112	33	1114	1248
Jul 31 2020	24941	28	903	1046
Aug 01 2020	24912	20	841	850
Aug 02 2020	24908	6	552	550
Aug 03 2020	24935	8	331	296
Aug 04 2020	24827	16	432	524
Aug 05 2020	20597	16	675	4889
Aug 06 2020	19530	22	727	1772
Aug 07 2020	18253	18	782	2041
Aug 08 2020	17573	17	842	1505
Aug 09 2020	17548	15	634	644
Aug 10 2020	17555	16	539	516
Aug 11 2020	17588	16	531	482
Aug 12 2020	16353	18	730	1947
Aug 13 2020	16229	10	753	867
Aug 14 2020	15685	15	626	1155
Aug 15 2020	16014	9	747	409
Aug 16 2020	16001	6	670	677
Aug 17 2020	13706	7	498	2786
Aug 18 2020	13385	16	617	922
Aug 19 2020	11868	11	613	2119
Aug 20 2020	11697	8	513	676
Aug 21 2020	11542	10	630	775
Aug 22 2020	10378	12	586	1738
Aug 23 2020	10446	4	591	519
Aug 24 2020	9940	9	496	993
Aug 25 2020	8783	11	450	1596
Aug 26 2020	8739	12	482	514
Aug 27 2020	8555	7	445	622
Aug 28 2020	8585	9	415	376
Aug 29 2020	8500	1	319	403
Aug 30 2020	8553	4	264	207
Aug 31 2020	8625	6	213	135
Sep 01 2020	8633	4	300	288
Sep 02 2020	8564	21	441	489
Sep 03 2020	8512	10	424	466
Sep 04 2020	8660	7	498	343
Sep 05 2020	8883	5	513	285
Sep 06 2020	6020	2	484	3345
Sep 07 2020	6293	3	394	118
Sep 08 2020	6477	5	330	141
Sep 09 2020	6545	9	426	349
Sep 10 2020	5291	6	196	1444
Sep 11 2020	5546	5	516	256
Sep 12 2020	5797	3	584	330
Sep 13 2020	5424	6	526	893
Sep 14 2020	5582	4	539	377
Sep 15 2020	5525	6	404	455
Sep 16 2020	5687	4	665	499
Sep 17 2020	5817	6	545	409
Sep 18 2020	6046	9	752	514
Sep 19 2020	6323	7	645	361
Sep 20 2020	6703	1	640	259
Sep 21 2020	6766	4	633	566
Sep 22 2020	7054	4	582	290
Sep 23 2020	6821	8	532	757
Sep 24 2020	7139	5	799	476
Sep 25 2020	7582	7	798	348
Sep 26 2020	7548	7	566	593
Sep 27 2020	7956	6	694	280
Sep 28 2020	8104	9	566	409
Sep 29 2020	8453	8	675	318
Sep 30 2020	8654	5	747	541
Oct 01 2020	8576	5	543	616
Oct 02 2020	8627	16	625	558
Oct 03 2020	8634	8	553	538
Oct 04 2020	8885	6	632	375
Oct 05 2020	8657	4	644	868
Oct 06 2020	8338	6	467	780
Oct 07 2020	8278	12	624	672
Oct 08 2020	7765	9	583	1087
Oct 09 2020	8085	8	661	333
Oct 10 2020	8396	6	671	354
Oct 11 2020	8654	12	666	396
Oct 12 2020	8302	10	385	727
Oct 13 2020	8401	8	531	424
Oct 14 2020	8531	14	615	471
Oct 15 2020	8957	14	755	315
Oct 16 2020	9169	7	659	440
Oct 17 2020	8921	18	575	805
Oct 18 2020	9042	17	567	429
Oct 19 2020	9137	5	440	340
Oct 20 2020	9129	15	618	611
Oct 21 2020	9122	20	667	654
Oct 22 2020	9386	10	736	462
Oct 23 2020	9598	14	736	510
Oct 24 2020	9978	12	847	455
Oct 25 2020	10411	9	832	390
Oct 26 2020	10531	3	707	584
Oct 27 2020	10933	6	773	365
Oct 28 2020	11369	15	825	374
Oct 29 2020	11436	17	908	824
Oct 30 2020	11604	21	1078	889
Oct 31 2020	11861	11	807	539
Nov 01 2020	12331	18	977	489
Nov 02 2020	12981	12	1123	461
Nov 03 2020	13703	15	1167	430
Nov 04 2020	14383	19	1313	614
Nov 05 2020	15053	27	1302	605
Nov 06 2020	15977	31	1376	421
Nov 07 2020	16646	21	1502	812
Nov 08 2020	17537	26	1436	519
Nov 09 2020	18714	9	1650	464
Nov 10 2020	19777	24	1637	550
Nov 11 2020	20829	22	1708	634
Nov 12 2020	21818	35	1808	784
Nov 13 2020	23369	39	2304	714
Nov 14 2020	24665	18	2165	851
Nov 15 2020	26264	33	2443	811
Nov 16 2020	27773	20	2128	599
Nov 17 2020	28779	34	2050	1010
Nov 18 2020	30085	38	2298	954
Nov 19 2020	31728	18	2547	886
Nov 20 2020	33562	36	2738	868
Nov 21 2020	34974	42	2843	1389
Nov 22 2020	36683	59	2665	897
Nov 23 2020	38348	34	2756	1057
Nov 24 2020	40379	48	2954	875
Nov 25 2020	42115	59	3009	1214
Nov 26 2020	43963	40	3306	1418
Nov 27 2020	45533	54	3113	1489
Nov 28 2020	46861	45	3045	1672
Nov 29 2020	47390	43	2829	2257
Nov 30 2020	48576	40	2839	1613
Dec 01 2020	49105	66	2458	1863
Dec 02 2020	49780	75	2829	2079
Dec 03 2020	51654	39	3499	1586
Dec 04 2020	51507	55	3262	3354
Dec 05 2020	52359	43	3119	2224
Dec 06 2020	53126	58	3308	2483
Dec 07 2020	55354	37	3795	1530
Dec 08 2020	44218	89	2885	13932
Dec 09 2020	45324	60	2963	1797
Dec 10 2020	46376	56	3138	2030
Dec 11 2020	44582	50	3047	4791
Dec 12 2020	45124	71	2729	2116
Dec 13 2020	46629	72	3369	1792
Dec 14 2020	47236	36	2362	1719
Dec 15 2020	48008	73	2459	1614
Dec 16 2020	48369	105	2731	2265
Dec 17 2020	42851	70	2545	7993
Dec 18 2020	42478	84	2972	3261
Dec 19 2020	40922	86	3179	4649
Dec 20 2020	40441	80	2503	2904
Dec 21 2020	40491	62	1792	1680
Dec 22 2020	40261	82	1704	1852
Dec 23 2020	37905	83	2142	4415
Dec 24 2020	38268	111	2256	1782
Dec 25 2020	38511	85	2152	1824
Dec 26 2020	39177	63	2260	1531
Dec 27 2020	39329	58	1853	1643
Dec 28 2020	39488	55	1974	1760
Dec 29 2020	39599	63	1776	1602
Dec 30 2020	37080	55	2155	4619
Dec 31 2020	34537	58	2475	4960
Jan 01 2021	34773	71	2463	2156
Jan 02 2021	35130	82	2184	1745
Jan 03 2021	35663	53	2272	1686
Jan 04 2021	35722	39	1895	1797
Jan 05 2021	35707	59	1947	1903
Jan 06 2021	33740	52	2118	4033
Jan 07 2021	34049	50	2481	2122
Jan 08 2021	33124	47	2435	3313
Jan 09 2021	33474	40	2007	1617
Jan 10 2021	34803	46	2899	1524
Jan 11 2021	35246	32	1877	1402
Jan 12 2021	34007	41	2408	3606
Jan 13 2021	33102	55	2123	2973
Jan 14 2021	33869	46	3097	2284
Jan 15 2021	34169	45	2417	2072
Jan 16 2021	33763	45	2432	2793
Jan 17 2021	34701	43	2521	1540
Jan 18 2021	34986	46	1920	1589
Jan 19 2021	35485	58	1800	1243
Jan 20 2021	35163	48	1772	2046
Jan 21 2021	35293	54	2363	2179
Jan 22 2021	34916	47	1745	2075
Jan 23 2021	35063	43	1927	1737
Jan 24 2021	34628	48	1594	1981
Jan 25 2021	33820	23	1629	2414
Jan 26 2021	34412	58	1873	1223
Jan 27 2021	33820	74	1563	2081
Jan 28 2021	33295	64	1910	2371
Jan 29 2021	32726	46	1644	2167
Jan 30 2021	33439	63	2183	1407
Jan 31 2021	33182	34	1599	1822
Feb 01 2021	33493	26	1615	1278
Feb 02 2021	33365	63	1220	1285
Feb 03 2021	33184	56	1384	1509
Feb 04 2021	32889	31	1508	1772
Feb 05 2021	32454	53	1302	1684
Feb 06 2021	32514	28	1286	1198
Feb 07 2021	32265	53	1346	1542
Feb 08 2021	31983	59	1037	1260
Feb 09 2021	31510	40	1008	1441
Feb 10 2021	30512	62	1072	2008
Feb 11 2021	30225	57	1502	1732
Feb 12 2021	29981	33	1270	1481
Feb 13 2021	25649	58	1262	5536
Feb 14 2021	25635	31	1404	1387
Feb 15 2021	25747	26	1048	910
Feb 16 2021	25383	47	747	1064
Feb 17 2021	25008	56	1165	1484
Feb 18 2021	24176	52	1272	2052
Feb 19 2021	24139	39	1245	1243
Feb 20 2021	24081	36	1340	1362
Feb 21 2021	24466	38	1328	905
Feb 22 2021	24226	16	1160	1384
Feb 23 2021	24483	41	1050	752
Feb 24 2021	23665	50	1196	1964
Feb 25 2021	23281	64	1361	1681
Feb 26 2021	22285	32	1541	2505
Feb 27 2021	21554	33	1315	2013
Feb 28 2021	21836	23	1176	871
Mar 01 2021	22098	36	1392	1094
Mar 02 2021	22184	42	1163	1035
Mar 03 2021	16678	75	1388	6819
Mar 04 2021	17117	63	1519	1017
Mar 05 2021	17117	52	1579	1527
Mar 06 2021	17352	38	1714	1441
Mar 07 2021	18055	39	1780	1038
Mar 08 2021	18415	22	1592	1210
Mar 09 2021	16349	54	1353	3365
Mar 10 2021	16699	43	1786	1393
Mar 11 2021	17627	53	2258	1277
Mar 12 2021	18703	53	2701	1572
Mar 13 2021	19764	46	2338	1231
Mar 14 2021	21121	32	2664	1275
Mar 15 2021	22038	29	2253	1307
Mar 16 2021	23355	58	2511	1136
Mar 17 2021	22792	61	2351	2853
Mar 18 2021	24592	61	3495	1634
Mar 19 2021	27188	40	3449	813
Mar 20 2021	29576	42	3876	1446
Mar 21 2021	31107	44	3667	2092
Mar 22 2021	33070	20	3669	1686
Mar 23 2021	34535	72	3270	1733
Mar 24 2021	36849	30	3301	957
Mar 25 2021	37985	63	3946	2747
Mar 26 2021	40120	63	4368	2170
Mar 27 2021	42384	67	4468	2137
Mar 28 2021	44447	57	4767	2647
Mar 29 2021	46663	41	4525	2268
Mar 30 2021	48566	100	4084	2081
Mar 31 2021	50397	78	4757	2848
Apr 01 2021	53127	96	4974	2148
Apr 02 2021	56347	83	5234	1931
Apr 03 2021	58500	84	4723	2486
Apr 04 2021	60072	81	5020	3367
Apr 05 2021	61450	43	4323	2902
Apr 06 2021	63102	103	3953	2198
Apr 07 2021	64373	102	4004	2631
Apr 08 2021	66994	98	5329	2610
Apr 09 2021	69811	105	5312	2390
Apr 10 2021	73078	100	5139	1772
Apr 11 2021	73875	114	5050	4139
Apr 12 2021	75266	58	4584	3135
Apr 13 2021	76034	118	4318	3432
Apr 14 2021	76757	135	4503	3645
Apr 15 2021	77294	118	5395	4740
Apr 16 2021	78425	110	5364	4123
Apr 17 2021	79108	112	4976	4181
Apr 18 2021	80559	149	6127	4527
Apr 19 2021	82276	73	5152	3362
Apr 20 2021	83298	137	5445	4286
Apr 21 2021	83162	147	5499	5488
Apr 22 2021	84935	98	5857	3986
Apr 23 2021	84976	144	5870	5685
Apr 24 2021	86529	157	5908	4198
Apr 25 2021	88698	118	5611	3324
Apr 26 2021	89219	70	4825	4234
Apr 27 2021	87794	142	4487	5770
Apr 28 2021	88207	201	5292	4678
Apr 29 2021	89838	150	5480	3699
Apr 30 2021	91547	131	5112	3272
May 01 2021	90553	146	4696	5544
May 02 2021	89661	113	4414	5193
May 03 2021	87953	79	4213	5842
May 04 2021	86151	161	3377	5018
May 05 2021	84480	119	4113	5665
May 06 2021	84172	108	4197	4397
May 07 2021	83699	140	4298	4631
May 08 2021	82731	120	4109	4957
May 09 2021	81830	118	3786	4569
May 10 2021	80375	78	3447	4824
May 11 2021	78959	113	3084	4387
May 12 2021	76536	104	2881	5200
May 13 2021	75052	126	3265	4623
May 14 2021	73398	48	2517	4123
May 15 2021	71804	83	1531	3042
May 16 2021	68819	76	2379	5288
May 17 2021	68223	74	3232	3754
May 18 2021	67665	135	2566	2989
May 19 2021	66377	104	3256	4440
May 20 2021	66282	131	4207	4171
May 21 2021	63229	102	3070	6021
May 22 2021	63436	88	4007	3712
May 23 2021	62620	74	3084	3826
May 24 2021	62917	57	3047	2693
May 25 2021	62295	92	2253	2783
May 26 2021	60268	65	2724	4686
May 27 2021	59018	75	2726	3901
May 28 2021	58611	67	2482	2822
May 29 2021	58857	73	2455	2136
May 30 2021	58878	56	2697	2620
May 31 2021	59033	43	2117	1919
Jun 01 2021	57336	71	1771	3397
Jun 02 2021	55052	80	1843	4047
Jun 03 2021	53099	92	2028	3889
Jun 04 2021	51478	83	1893	3431
Jun 05 2021	48937	84	1923	4380
Jun 06 2021	47764	76	1629	2726
Jun 07 2021	47376	58	1490	1820
Jun 08 2021	46190	53	1383	2516
Jun 09 2021	44987	77	1118	2244
Jun 10 2021	44236	76	1303	1978
Jun 11 2021	43618	47	1303	1874
Jun 12 2021	42717	57	1194	2038
Jun 13 2021	42290	56	1239	1610
Jun 14 2021	41726	34	1019	1549
Jun 15 2021	40929	59	838	1576
Jun 16 2021	39905	46	1038	2016
Jun 17 2021	36215	46	1119	4763
Jun 18 2021	35809	39	1043	1410
Jun 19 2021	35491	27	991	1282
Jun 20 2021	33972	37	1050	2532
Jun 21 2021	34020	30	907	829
Jun 22 2021	33452	27	663	1204
Jun 23 2021	33005	39	930	1338
Jun 24 2021	32936	35	1097	1131
Jun 25 2021	32921	44	1042	1013
Jun 26 2021	32710	36	935	1110
Jun 27 2021	32241	23	901	1347
Jun 28 2021	32225	20	914	910
Jun 29 2021	32153	23	735	784
Jun 30 2021	31606	27	979	1499
Jul 01 2021	31767	40	1037	836
Jul 02 2021	31910	24	1277	1110
Jul 03 2021	32319	34	1400	957
Jul 04 2021	32621	29	1228	897
Jul 05 2021	33299	19	1347	650
Jul 06 2021	33390	25	830	714
Jul 07 2021	34013	17	1517	877
Jul 08 2021	34531	24	1626	1084
Jul 09 2021	35573	27	1843	774
Jul 10 2021	36454	35	1828	912
Jul 11 2021	37499	27	1980	908
Jul 12 2021	38622	15	1808	670
Jul 13 2021	39644	21	1775	732
Jul 14 2021	40862	24	1980	738
Jul 15 2021	42330	47	2545	1030
Jul 16 2021	43670	31	2327	956
Jul 17 2021	45579	40	2949	1000
Jul 18 2021	47331	21	2607	834
Jul 19 2021	48850	30	2452	903
Jul 20 2021	49929	37	2145	1029
Jul 21 2021	51529	40	2579	939
Jul 22 2021	52752	40	2158	895
Jul 23 2021	53623	11	1425	543
Jul 24 2021	54122	32	1841	1310
Jul 25 2021	55720	45	2819	1176
Jul 26 2021	57799	32	3752	1641
Jul 27 2021	59899	39	3262	1123
Jul 28 2021	56952	46	4119	7020
Jul 29 2021	59761	76	4497	1612
Jul 30 2021	62723	86	4537	1489
Jul 31 2021	66287	65	4950	1321
Aug 01 2021	69756	62	5026	1495
Aug 02 2021	73213	40	4858	1361
Aug 03 2021	75373	67	3582	1355
Aug 04 2021	78595	46	4722	1454
Aug 05 2021	77409	60	5661	6787
Aug 06 2021	79992	67	4745	2095
Aug 07 2021	79837	95	4720	4780
Aug 08 2021	82076	68	4455	2148
Aug 09 2021	83298	53	4040	2765
Aug 10 2021	84427	86	3884	2669
Aug 11 2021	84177	81	4856	5025
Aug 12 2021	85633	102	4934	3376
Aug 13 2021	86236	79	4619	3937
Aug 14 2021	86606	73	4786	4343
Aug 15 2021	87209	67	3711	3041
Aug 16 2021	88588	72	3669	2218
Aug 17 2021	87423	95	3221	4291
Aug 18 2021	88209	66	3974	3122
Aug 19 2021	89531	74	4373	2977
Aug 20 2021	89673	70	3239	3027
Aug 21 2021	89044	65	3084	3648
Aug 22 2021	89334	75	3842	3477
Aug 23 2021	89919	80	3772	3107
Aug 24 2021	91046	91	4075	2857
Aug 25 2021	91204	126	4199	3915
Aug 26 2021	92244	100	4553	3413
Aug 27 2021	92844	95	3930	3235
Aug 28 2021	93107	120	4231	3848
Aug 29 2021	93504	69	3909	3443
Aug 30 2021	93690	66	3800	3548
Aug 31 2021	94573	118	3838	2837
Sep 01 2021	93901	101	3569	4140
Sep 02 2021	92941	89	4103	4974
Sep 03 2021	90076	57	3787	6595
Sep 04 2021	91503	79	3980	2474
Sep 05 2021	92249	61	3747	2940
Sep 06 2021	92367	57	3613	3438
Sep 07 2021	92315	98	3316	3270
Sep 08 2021	91747	83	3902	4387
Sep 09 2021	91589	84	4062	4136
Sep 10 2021	91440	83	3689	3755
Sep 11 2021	91717	82	3480	3121
Sep 12 2021	91015	58	3153	3797
Sep 13 2021	90545	67	2988	3391
Sep 14 2021	85801	78	2574	7240
Sep 15 2021	77532	73	2727	10923
Sep 16 2021	76581	66	3012	3897
Sep 17 2021	65725	68	2928	13716
Sep 18 2021	64564	63	2512	3610
Sep 19 2021	63909	71	2580	3164
Sep 20 2021	63724	40	2167	2312
Sep 21 2021	62922	81	1897	2618
Sep 22 2021	61947	47	2333	3261
Sep 23 2021	61558	58	2357	2688
Sep 24 2021	60952	50	2233	2789
Sep 25 2021	52042	42	2060	10928
Sep 26 2021	50690	42	1780	3090
Sep 27 2021	50651	31	1757	1765
Sep 28 2021	49968	41	1400	2042
Sep 29 2021	48506	52	1560	2970
Sep 30 2021	47832	39	1742	2377
Oct 01 2021	48163	56	1411	1024
Oct 02 2021	46934	46	1664	2847
Oct 03 2021	46503	35	1656	2052
Oct 04 2021	46206	27	1490	1760
Oct 05 2021	45826	54	1308	1634
Oct 06 2021	44828	39	1212	2171
Oct 07 2021	44395	46	1453	1840
Oct 08 2021	43648	26	912	1633
Oct 09 2021	43352	29	955	1222
Oct 10 2021	42541	19	767	1559
Oct 11 2021	42263	28	1004	1254
Oct 12 2021	41754	18	689	1180
Oct 13 2021	41071	21	1021	1683
Oct 14 2021	40309	28	1016	1750
Oct 15 2021	39953	27	1086	1415
Oct 16 2021	26974	24	893	13848
Oct 17 2021	26237	17	720	1440
Oct 18 2021	25870	11	663	1019
Oct 19 2021	25640	20	603	813
Oct 20 2021	25205	12	554	977
Oct 21 2021	24699	16	622	1112
Oct 22 2021	24386	16	567	864
Oct 23 2021	24081	15	552	842
Oct 24 2021	23917	18	591	737
Oct 25 2021	23940	9	698	666
Oct 26 2021	24196	6	572	310
Oct 27 2021	23982	13	516	717
Oct 28 2021	23439	9	705	1239
Oct 29 2021	23151	17	660	931
Oct 30 2021	22965	8	658	836
Oct 31 2021	23094	10	733	594
Nov 01 2021	22545	7	482	1024
Nov 02 2021	22564	10	457	428
Nov 03 2021	22570	11	561	544
Nov 04 2021	22577	19	580	554
Nov 05 2021	22741	11	515	340
Nov 06 2021	22852	11	567	445
Nov 07 2021	22810	20	471	493
Nov 08 2021	22733	9	449	517
Nov 09 2021	22845	11	400	277
Nov 10 2021	22958	8	554	433
Nov 11 2021	23270	9	637	316
Nov 12 2021	23330	9	391	322
Nov 13 2021	23090	11	231	460
Nov 14 2021	22855	11	263	487
Nov 15 2021	22791	6	240	298
Nov 16 2021	22626	6	216	375
Nov 17 2021	22387	10	270	499
Nov 18 2021	22501	10	460	336
Nov 19 2021	22498	10	418	411
Nov 20 2021	22479	7	319	331
Nov 21 2021	22479	4	313	309
Nov 22 2021	22562	4	323	236
Nov 23 2021	14862	5	315	8010
Nov 24 2021	14188	9	350	1015
Nov 25 2021	13538	13	363	1000
Nov 26 2021	13489	7	252	294
Nov 27 2021	13593	7	411	300
Nov 28 2021	13719	5	303	172
Nov 29 2021	13738	9	176	148
Nov 30 2021	13876	10	475	327
Dec 01 2021	14163	9	414	118
Dec 02 2021	14168	8	377	364
Dec 03 2021	12114	8	391	2437
Dec 04 2021	12348	8	431	189
Dec 05 2021	12452	6	372	262
Dec 06 2021	11920	10	336	858
Dec 07 2021	11826	7	232	319
Dec 08 2021	11844	9	310	283
Dec 09 2021	9829	10	350	2355
Dec 10 2021	9485	9	313	648
Dec 11 2021	9511	11	395	358
Dec 12 2021	9118	7	288	674
Dec 13 2021	9048	6	244	308
Dec 14 2021	9120	3	250	175
Dec 15 2021	9292	4	370	194
Dec 16 2021	9451	6	301	136
Dec 17 2021	9471	14	277	243
Dec 18 2021	9582	7	357	239
Dec 19 2021	9589	2	260	251
Dec 20 2021	9588	6	359	354
Dec 21 2021	9557	4	270	297
Dec 22 2021	9561	10	310	296
Dec 23 2021	9408	2	359	510
Dec 24 2021	9529	4	322	197
Dec 25 2021	9763	7	353	112
Dec 26 2021	9674	2	359	446
Dec 27 2021	9831	2	275	116
Dec 28 2021	9915	3	316	229
Dec 29 2021	10065	6	348	192
Dec 30 2021	10009	3	482	535
Dec 31 2021	10112	6	515	406
Jan 01 2022	10184	6	557	479
Jan 02 2022	10562	8	594	208
Jan 03 2022	11124	2	708	144
Jan 04 2022	11565	2	630	187
Jan 05 2022	12213	5	898	245
Jan 06 2022	13046	5	1085	247
Jan 07 2022	14094	6	1293	239
Jan 08 2022	15192	1	1345	246
Jan 09 2022	16432	7	1572	325
Jan 10 2022	17748	3	1649	330
Jan 11 2022	18947	2	1467	266
Jan 12 2022	20562	13	2074	446
Jan 13 2022	23230	5	3019	346
Jan 14 2022	26428	7	3567	362
Jan 15 2022	28112	4	4286	2598
Jan 16 2022	31551	9	4027	579
Jan 17 2022	35677	7	4340	207
Jan 18 2022	39881	10	5034	820
Jan 19 2022	44717	8	5472	628
Jan 20 2022	51094	5	6808	426
Jan 21 2022	57935	23	7678	814
Jan 22 2022	63344	12	6540	1119
Jan 23 2022	70263	20	7586	647
Jan 24 2022	76617	8	7195	833
Jan 25 2022	82396	17	6352	556
Jan 26 2022	86124	15	5196	1453
Jan 27 2022	91854	25	7539	1784
Jan 28 2022	98221	30	8183	1786
Jan 29 2022	104095	27	7963	2062
Jan 30 2022	100005	29	7958	12019
Jan 31 2022	104045	21	7048	2987
Feb 01 2022	105675	32	5327	3665
Feb 02 2022	102103	29	6047	9590
Feb 03 2022	100072	42	5850	7839
Feb 04 2022	101858	48	6400	4566
Feb 05 2022	91620	28	6137	16347
Feb 06 2022	90797	30	4973	5766
Feb 07 2022	89192	38	3338	4905
Feb 08 2022	87168	37	2799	4786
Feb 09 2022	86262	48	4251	5109
Feb 10 2022	84670	47	3914	5459
Feb 11 2022	82368	39	3498	5761
Feb 12 2022	80168	44	3019	5175
Feb 13 2022	78398	41	3206	4935
Feb 14 2022	76639	29	2563	4293
Feb 15 2022	75405	27	2597	3804
Feb 16 2022	73029	49	2465	4792
Feb 17 2022	71167	40	2870	4692
Feb 18 2022	70525	33	2400	3009
Feb 19 2022	69700	26	1983	2782
Feb 20 2022	67658	33	1644	3653
Feb 21 2022	67672	31	1360	1315
Feb 22 2022	66227	13	961	2393
Feb 23 2022	64262	43	1232	3154
Feb 24 2022	62785	18	1455	2914
Feb 25 2022	61332	25	1122	2550
Feb 26 2022	37212	14	1207	25313
Feb 27 2022	36803	20	847	1236
Feb 28 2022	35898	5	856	1756
Mar 01 2022	36741	18	861	0
Mar 02 2022	35523	22	765	1961
Mar 03 2022	32457	19	768	3815
Mar 04 2022	30794	11	953	2605
Mar 05 2022	29749	10	796	1831
Mar 06 2022	29611	7	755	886
Mar 07 2022	29580	7	756	780
Mar 08 2022	29346	9	378	603
Mar 09 2022	17995	6	758	12103
Mar 10 2022	18049	4	639	581
Mar 11 2022	17809	7	723	956
Mar 12 2022	17849	6	571	525
Mar 13 2022	17961	3	609	494
Mar 14 2022	18023	2	462	398
Mar 15 2022	18026	4	473	466
Mar 16 2022	17512	4	493	1003
Mar 17 2022	17487	2	514	537
Mar 18 2022	16875	7	183	788
Mar 19 2022	15712	2	696	1857
Mar 20 2022	15800	1	375	286
Mar 21 2022	15740	2	303	361
Mar 22 2022	15290	2	228	676
Mar 23 2022	8033	0	443	7700
Mar 24 2022	8063	0	210	180
Mar 25 2022	8347	3	329	42
Mar 26 2022	8165	4	189	367
Mar 27 2022	8239	5	310	231
Mar 28 2022	8314	1	186	110
Mar 29 2022	8535	1	269	47
Mar 30 2022	8591	2	194	136
Mar 31 2022	8703	6	244	126
Apr 01 2022	8690	4	180	189
Apr 02 2022	8825	1	208	72
Apr 03 2022	8992	1	285	117
Apr 04 2022	9068	0	154	78
Apr 05 2022	9162	0	155	61
Apr 06 2022	9098	0	148	212
Apr 07 2022	9198	0	170	70
Apr 08 2022	9223	0	141	116
Apr 09 2022	9382	0	238	79
Apr 10 2022	9387	0	96	91
Apr 11 2022	9426	0	98	59
Apr 12 2022	9406	1	62	81
Apr 13 2022	9394	0	101	113
Apr 14 2022	9446	0	123	71
Apr 15 2022	9568	1	123	0
Apr 16 2022	5841	0	76	3803
Apr 17 2022	3279	0	97	2659
Apr 18 2022	3300	1	78	56
Apr 19 2022	3340	0	85	45
Apr 20 2022	3322	4	75	89
Apr 21 2022	3351	0	103	74
Apr 22 2022	3368	0	80	63
Apr 23 2022	3384	1	82	65
Apr 24 2022	3489	0	105	0
Apr 25 2022	3446	0	100	143
Apr 26 2022	3551	0	105	0
Apr 27 2022	3666	2	117	0
Apr 28 2022	3760	0	94	0
Apr 29 2022	3835	0	75	0
Apr 30 2022	3900	0	65	0
May 01 2022	3966	0	66	0
May 02 2022	4005	1	40	0
May 03 2022	4051	0	46	0
May 04 2022	4090	0	39	0
May 05 2022	4111	0	21	0
May 06 2022	4141	0	30	0
May 07 2022	4177	0	36	0
May 08 2022	4220	3	46	0
May 09 2022	4284	0	64	0
May 10 2022	4315	0	31	0
May 11 2022	4380	1	66	0
May 12 2022	4470	0	90	0
May 13 2022	4563	0	93	0
May 14 2022	4648	0	85	0
May 15 2022	4732	0	84	0
May 16 2022	4834	0	102	0
May 17 2022	4884	2	52	0
May 18 2022	4950	0	66	0
May 19 2022	5038	1	89	0
May 20 2022	5119	0	81	0
May 21 2022	5189	0	70	0
May 22 2022	3352	0	76	1913
May 23 2022	3332	0	49	69
May 24 2022	3394	0	62	0
May 25 2022	3486	0	92	0
May 26 2022	3562	0	76	0
May 27 2022	3641	0	79	0
May 28 2022	3731	0	90	0
May 29 2022	3781	0	50	0
May 30 2022	3829	0	48	0
May 31 2022	3883	0	54	0
Jun 01 2022	3949	0	66	0
Jun 02 2022	4016	0	67	0
Jun 03 2022	4052	0	36	0
Jun 04 2022	4146	0	94	0
Jun 05 2022	4201	0	55	0
Jun 06 2022	4260	0	59	0
Jun 07 2022	4310	0	50	0
Jun 08 2022	4374	0	64	0
Jun 09 2022	4463	0	89	0
Jun 10 2022	4533	2	72	0
Jun 11 2022	4606	0	73	0
Jun 12 2022	4673	0	67	0
Jun 13 2022	4767	0	94	0
Jun 14 2022	4821	0	54	0
Jun 15 2022	4927	0	106	0
Jun 16 2022	3044	1	144	2026
Jun 17 2022	3073	1	98	68
Jun 18 2022	3224	0	151	0
Jun 19 2022	3376	0	152	0
Jun 20 2022	3363	0	171	184
Jun 21 2022	3475	1	113	0
Jun 22 2022	3679	0	204	0
Jun 23 2022	3649	1	268	297
Jun 24 2022	3797	0	315	167
Jun 25 2022	4115	1	435	116
Jun 26 2022	4519	2	406	0
Jun 27 2022	4899	2	382	0
Jun 28 2022	5230	2	333	0
Jun 29 2022	5269	1	541	501
Jun 30 2022	5749	2	641	159
Jul 01 2022	6443	0	694	0
Jul 02 2022	6958	4	818	299
Jul 03 2022	7500	2	650	106
Jul 04 2022	8173	2	675	0
Jul 05 2022	8826	0	653	0
Jul 06 2022	9147	1	805	483
Jul 07 2022	9032	9	872	978
Jul 08 2022	9346	0	693	379
Jul 09 2022	9697	7	732	374
Jul 10 2022	10198	1	502	0
Jul 11 2022	10567	2	371	0
Jul 12 2022	10284	1	255	537
Jul 13 2022	10294	0	236	226
Jul 14 2022	10202	2	390	480
Jul 15 2022	9665	2	779	1314
Jul 16 2022	10003	10	737	389
Jul 17 2022	10177	2	605	429
Jul 18 2022	10664	5	492	0
Jul 19 2022	9620	0	459	1503
Jul 20 2022	9673	7	592	532
Jul 21 2022	10004	3	599	265
Jul 22 2022	10676	7	679	0
Jul 23 2022	11367	2	693	0
Jul 24 2022	7272	3	532	4624
Jul 25 2022	7570	2	582	282
Jul 26 2022	7632	1	371	308
Jul 27 2022	7660	4	620	588
Jul 28 2022	8413	8	761	0
Jul 29 2022	8307	1	693	798
Jul 30 2022	7997	3	605	912
Jul 31 2022	8096	1	661	561
Aug 01 2022	8751	1	656	0
Aug 02 2022	9141	2	392	0
Aug 03 2022	8914	9	806	1024
Aug 04 2022	9239	4	789	460
Aug 05 2022	9987	2	750	0
Aug 06 2022	9499	0	673	1161
Aug 07 2022	9738	0	644	405
Aug 08 2022	10363	3	628	0
Aug 09 2022	10784	0	421	0
Aug 10 2022	9670	0	352	1466
Aug 11 2022	9711	1	253	211
Aug 12 2022	9256	11	624	1068
Aug 13 2022	9981	3	728	0
Aug 14 2022	10558	4	581	0
Aug 15 2022	11015	2	459	0
Aug 16 2022	11365	8	358	0
Aug 17 2022	11886	5	526	0
Aug 18 2022	12462	2	578	0
Aug 19 2022	12968	4	510	0
Aug 20 2022	13415	2	449	0
Aug 21 2022	13881	2	468	0
Aug 22 2022	14294	3	416	0
Aug 23 2022	9383	2	217	5126
Aug 24 2022	9195	2	278	464
Aug 25 2022	9084	4	313	420
Aug 26 2022	9179	6	433	332
Aug 27 2022	9095	2	290	372
Aug 28 2022	8972	3	270	390
Aug 29 2022	9197	1	226	0
Aug 30 2022	8797	0	170	570
Aug 31 2022	8677	6	227	341
Sep 01 2022	8895	1	219	0
Sep 02 2022	8343	4	242	790
Sep 03 2022	8238	2	251	354
Sep 04 2022	8242	3	228	221
Sep 05 2022	8430	2	190	0
Sep 06 2022	8430	0	0	0
Sep 07 2022	8587	1	158	0
Sep 08 2022	8761	0	174	0
Sep 09 2022	5937	4	160	2980
Sep 10 2022	5886	1	156	206
Sep 11 2022	5554	0	139	471
Sep 12 2022	5636	0	203	121
Sep 13 2022	5734	1	99	0
Sep 14 2022	5701	3	118	148
Sep 15 2022	5538	1	117	279
Sep 16 2022	5305	0	98	331
Sep 17 2022	5408	1	104	0
Sep 18 2022	5321	1	90	176
Sep 19 2022	5392	1	72	0
Sep 20 2022	5434	0	42	0
Sep 21 2022	5211	0	52	275
Sep 22 2022	5330	2	121	0
Sep 23 2022	4857	2	93	564
Sep 24 2022	4826	1	67	97
Sep 25 2022	4780	0	47	93
Sep 26 2022	4835	0	55	0
Sep 27 2022	4874	0	39	0
Sep 28 2022	4952	0	78	0
Sep 29 2022	4206	1	67	812
Sep 30 2022	4169	3	43	77
Oct 01 2022	4242	2	75	0
Oct 02 2022	4280	1	39	0
Oct 03 2022	4330	0	50	0
Oct 04 2022	3482	0	16	864
Oct 05 2022	3538	1	57	0
Oct 06 2022	3574	0	48	12
Oct 07 2022	3612	0	38	0
Oct 08 2022	3663	0	51	0
Oct 09 2022	3717	0	54	0
Oct 10 2022	3772	0	55	0
Oct 11 2022	3806	0	34	0
Oct 12 2022	3855	0	49	0
Oct 13 2022	3912	0	57	0
Oct 14 2022	3974	0	62	0
Oct 15 2022	4010	0	36	0
Oct 16 2022	4056	0	46	0
Oct 17 2022	4093	1	38	0
Oct 18 2022	4125	0	32	0
Oct 19 2022	4177	3	55	0
Oct 20 2022	4231	0	54	0
Oct 21 2022	4276	0	45	0
Oct 22 2022	4328	0	52	0
Oct 23 2022	4377	0	49	0
Oct 24 2022	4412	0	35	0
Oct 25 2022	4442	0	30	0
Oct 26 2022	4493	1	52	0
Oct 27 2022	4539	0	46	0
Oct 28 2022	4608	0	69	0
Oct 29 2022	4671	1	64	0
Oct 30 2022	4714	0	43	0
Oct 31 2022	4752	0	38	0
Nov 01 2022	4779	0	27	0
Nov 02 2022	4851	1	73	0
Nov 03 2022	4919	0	68	0
Nov 04 2022	4959	0	40	0
Nov 05 2022	5005	0	46	0
Nov 06 2022	5043	0	38	0
Nov 07 2022	5091	0	48	0
Nov 08 2022	5116	0	25	0
Nov 09 2022	5153	1	38	0
Nov 10 2022	5190	1	38	0
Nov 11 2022	5231	0	41	0
Nov 12 2022	5279	0	48	0
Nov 13 2022	5321	0	42	0
Nov 14 2022	5362	0	41	0
Nov 15 2022	5394	0	32	0
Nov 16 2022	5426	0	32	0
Nov 17 2022	5482	1	57	0
Nov 18 2022	5507	0	25	0
Nov 19 2022	5549	0	42	0
Nov 20 2022	5578	0	29	0
Nov 21 2022	5595	0	17	0
Nov 22 2022	5620	0	25	0
Nov 23 2022	5647	0	27	0
Nov 24 2022	5690	0	43	0
Nov 25 2022	5720	0	30	0
Nov 26 2022	5747	0	27	0
Nov 27 2022	5778	0	31	0
Nov 28 2022	5806	0	28	0
Nov 29 2022	5827	1	22	0
Nov 30 2022	5866	0	39	0
Dec 01 2022	5905	1	40	0
Dec 02 2022	5929	0	24	0
Dec 03 2022	5953	0	24	0
Dec 04 2022	5970	0	17	0
Dec 05 2022	6009	0	39	0
Dec 06 2022	6034	0	25	0
Dec 07 2022	6060	2	28	0
Dec 08 2022	6084	0	24	0
Dec 09 2022	6101	1	18	0
Dec 10 2022	6117	0	16	0
Dec 11 2022	6147	0	30	0
Dec 12 2022	6156	0	9	0
Dec 13 2022	6163	0	7	0
Dec 14 2022	6177	0	14	0
Dec 15 2022	6208	0	31	0
Dec 16 2022	6238	0	30	0
Dec 17 2022	6248	0	10	0
Dec 18 2022	6261	0	13	0
Dec 19 2022	6265	0	4	0
Dec 20 2022	6273	0	8	0
Dec 21 2022	6294	0	21	0
Dec 22 2022	6313	0	19	0
Dec 23 2022	6328	0	15	0
Dec 24 2022	6340	1	13	0
Dec 25 2022	6355	0	15	0
Dec 26 2022	6373	0	18	0
Dec 27 2022	6385	0	12	0
Dec 28 2022	6411	0	26	0
Dec 29 2022	6423	0	12	0
Dec 30 2022	6448	0	25	0
Dec 31 2022	6460	0	12	0
Jan 01 2023	6481	0	21	0
Jan 02 2023	6493	0	12	0
Jan 03 2023	6508	0	15	0
Jan 04 2023	6528	2	22	0
Jan 05 2023	6561	0	33	0
Jan 06 2023	6584	0	23	0
Jan 07 2023	6608	0	24	0
Jan 08 2023	6626	0	18	0
Jan 09 2023	6642	1	17	0
Jan 10 2023	6649	0	7	0
Jan 11 2023	6664	0	15	0
Jan 12 2023	6690	0	26	0
Jan 13 2023	6710	0	20	0
Jan 14 2023	6725	1	16	0
Jan 15 2023	6741	0	16	0
Jan 16 2023	6752	0	11	0
Jan 17 2023	6757	0	5	0
Jan 18 2023	6781	0	24	0
Jan 19 2023	6798	0	17	0
Jan 20 2023	6819	0	21	0
Jan 21 2023	6838	0	19	0
Jan 22 2023	6847	0	9	0
Jan 23 2023	6857	0	10	0
Jan 24 2023	6860	0	3	0
Jan 25 2023	6872	0	12	0
Jan 26 2023	6893	0	21	0
Jan 27 2023	6907	0	14	0
Jan 28 2023	6924	0	17	0
Jan 29 2023	6942	0	18	0
Jan 30 2023	6957	0	15	0
Jan 31 2023	6965	0	8	0
Feb 01 2023	6984	0	19	0
Feb 02 2023	7003	0	19	0
Feb 03 2023	7015	0	12	0
Feb 04 2023	7033	0	18	0
Feb 05 2023	7050	0	17	0
Feb 06 2023	7069	0	19	0
Feb 07 2023	7082	0	13	0
Feb 08 2023	7098	0	16	0
Feb 09 2023	7115	0	17	0
Feb 10 2023	7136	0	21	0
Feb 11 2023	7166	0	30	0
Feb 12 2023	7188	0	22	0
Feb 13 2023	7210	0	22	0
Feb 14 2023	7223	0	13	0
Feb 15 2023	7244	0	21	0
Feb 16 2023	7274	1	31	0
Feb 17 2023	7311	0	37	0
Feb 18 2023	7328	0	17	0
Feb 19 2023	7358	0	30	0
Feb 20 2023	7375	0	17	0
Feb 21 2023	7407	0	32	0
Feb 22 2023	7430	0	23	0
Feb 23 2023	7466	0	36	0
Feb 24 2023	7508	0	42	0
Feb 25 2023	7548	2	42	0
Feb 26 2023	7584	0	36	0
Feb 27 2023	7607	0	23	0
Feb 28 2023	7630	0	23	0
Mar 01 2023	7667	0	37	0
Mar 02 2023	7699	0	32	0
Mar 03 2023	7741	0	42	0
Mar 04 2023	7787	0	46	0
Mar 05 2023	7832	0	45	0
Mar 06 2023	7882	0	50	0
Mar 07 2023	7912	0	30	0
Mar 08 2023	7956	1	45	0
Mar 09 2023	8006	0	50	0
Mar 10 2023	8079	0	73	0
Mar 11 2023	8150	0	71	0
Mar 12 2023	8226	1	77	0
Mar 13 2023	8313	0	87	0
Mar 14 2023	8366	0	53	0
Mar 15 2023	8451	0	85	0
Mar 16 2023	8580	0	129	0
Mar 17 2023	8713	0	133	0
Mar 18 2023	8822	0	109	0
Mar 19 2023	8925	0	103	0
Mar 20 2023	9025	0	100	0
Mar 21 2023	9130	0	105	0
Mar 22 2023	9265	1	136	0
Mar 23 2023	9432	1	168	0
Mar 24 2023	9581	1	150	0
Mar 25 2023	9670	0	89	0
Mar 26 2023	9775	1	106	0
Mar 27 2023	9908	0	133	0
Mar 28 2023	9958	0	50	0
Mar 29 2023	10067	0	109	0
Mar 30 2023	10182	0	115	0
Mar 31 2023	10280	0	98	0
Apr 01 2023	10367	0	87	0
Apr 02 2023	10422	0	55	0
Apr 03 2023	10477	0	55	0
Apr 04 2023	10523	1	47	0
Apr 05 2023	10572	0	49	0
Apr 06 2023	10629	1	58	0
Apr 07 2023	10681	1	53	0
Apr 08 2023	10728	0	47	0
Apr 09 2023	10784	0	56	0
Apr 10 2023	10812	0	28	0
Apr 11 2023	10863	0	51	0
Apr 12 2023	10901	2	40	0
Apr 13 2023	10929	0	28	0
Apr 14 2023	10999	0	70	0
Apr 15 2023	11065	1	67	0
Apr 16 2023	11085	0	20	0
Apr 17 2023	11109	1	25	0
Apr 18 2023	11135	0	26	0
Apr 19 2023	11166	0	31	0
Apr 20 2023	11192	0	26	0
Apr 21 2023	11212	0	20	0
Apr 22 2023	11212	0	0	0
Apr 23 2023	11225	0	13	0
Apr 24 2023	11242	0	17	0
Apr 25 2023	11251	0	9	0
Apr 26 2023	11258	0	7	0
Apr 27 2023	11279	0	21	0
Apr 28 2023	11301	1	23	0
Apr 29 2023	11338	0	37	0
Apr 30 2023	11369	0	31	0
May 01 2023	11403	0	34	0
May 02 2023	11414	0	11	0
May 03 2023	11435	0	21	0
May 04 2023	11454	1	20	0
May 05 2023	11476	0	22	0
May 06 2023	11504	1	29	0
May 07 2023	11520	0	16	0
May 08 2023	11535	1	16	0
May 09 2023	11551	0	16	0
May 10 2023	11551	0	0	0
May 11 2023	11551	0	0	0
May 12 2023	11551	0	0	0
May 13 2023	11551	0	0	0
May 14 2023	11551	0	0	0
May 15 2023	11551	0	0	0
May 16 2023	11557	0	6	0
May 17 2023	11564	0	7	0
May 18 2023	11573	0	9	0
May 19 2023	11586	0	13	0
May 20 2023	11596	0	10	0
May 21 2023	11606	0	10	0
May 22 2023	11611	0	5	0
May 23 2023	11613	0	2	0
May 24 2023	11618	0	5	0
May 25 2023	11631	0	13	0
May 26 2023	11643	0	12	0
May 27 2023	11646	0	3	0
May 28 2023	11652	0	6	0
May 29 2023	11660	0	8	0
May 30 2023	11671	0	11	0
May 31 2023	11684	0	13	0
Jun 01 2023	11689	0	5	0
Jun 02 2023	11696	0	7	0
Jun 03 2023	11704	0	8	0
Jun 04 2023	11716	0	12	0
Jun 05 2023	11720	0	4	0
Jun 06 2023	11724	0	4	0
Jun 07 2023	11729	0	5	0
Jun 08 2023	11731	0	2	0
Jun 09 2023	11732	0	1	0
Jun 10 2023	11736	0	4	0
Jun 11 2023	11743	0	7	0
Jun 12 2023	11746	0	3	0
Jun 13 2023	11748	0	2	0
Jun 14 2023	11755	0	7	0
Jun 15 2023	11757	0	2	0
Jun 16 2023	11757	0	0	0
Jun 17 2023	11757	0	0	0
Jun 18 2023	11757	0	0	0
Jun 19 2023	11757	0	0	0
Jun 20 2023	11805	1	49	0
Jun 21 2023	11805	0	0	0
Jun 22 2023	11805	0	0	0
Jun 23 2023	11805	0	0	0
Jun 24 2023	11805	0	0	0
Jun 25 2023	11805	0	0	0
Jun 26 2023	11805	0	0	0
Jun 27 2023	11861	0	56	0
Jun 28 2023	11861	0	0	0
Jun 29 2023	11861	0	0	0
Jun 30 2023	11861	0	0	0
Jul 01 2023	11861	0	0	0
Jul 02 2023	11861	0	0	0
Jul 03 2023	11861	0	0	0
Jul 04 2023	11882	0	21	0
Jul 05 2023	11882	0	0	0
Jul 06 2023	11882	0	0	0
Jul 07 2023	11882	0	0	0
Jul 08 2023	11882	0	0	0
Jul 09 2023	11882	0	0	0
Jul 10 2023	11882	0	0	0
Jul 11 2023	11954	0	72	0
Jul 12 2023	11954	0	0	0
Jul 13 2023	11954	0	0	0
Jul 14 2023	11954	0	0	0
Jul 15 2023	11954	0	0	0
Jul 16 2023	11954	0	0	0
Jul 17 2023	11954	0	0	0
Jul 18 2023	12015	0	61	0
Jul 19 2023	12015	0	0	0
Jul 20 2023	12015	0	0	0
Jul 21 2023	12015	0	0	0
Jul 22 2023	12015	0	0	0
Jul 23 2023	12015	0	0	0
Jul 24 2023	12015	0	0	0
Jul 25 2023	12054	1	40	0
Jul 26 2023	12054	0	0	0
Jul 27 2023	12054	0	0	0
Jul 28 2023	12054	0	0	0
Jul 29 2023	12054	0	0	0
Jul 30 2023	12054	0	0	0
Jul 31 2023	12054	0	0	0
Aug 01 2023	12071	1	18	0
Aug 02 2023	12071	0	0	0
Aug 03 2023	12071	0	0	0
Aug 04 2023	12071	0	0	0
Aug 05 2023	12071	0	0	0
Aug 06 2023	12071	0	0	0
Aug 07 2023	12071	0	0	0
Aug 08 2023	12108	0	37	0
Aug 09 2023	12108	0	0	0
Aug 10 2023	12108	0	0	0
Aug 11 2023	12108	0	0	0
Aug 12 2023	12108	0	0	0
Aug 13 2023	12108	0	0	0
Aug 14 2023	12108	0	0	0
Aug 15 2023	12145	0	37	0
Aug 16 2023	12145	0	0	0
Aug 17 2023	12145	0	0	0
Aug 18 2023	12145	0	0	0
Aug 19 2023	12145	0	0	0
Aug 20 2023	12145	0	0	0
Aug 21 2023	12145	0	0	0
Aug 22 2023	12175	0	30	0
Aug 23 2023	12175	0	0	0
Aug 24 2023	12175	0	0	0
Aug 25 2023	12175	0	0	0
Aug 26 2023	12175	0	0	0
Aug 27 2023	12175	0	0	0
Aug 28 2023	12175	0	0	0
Aug 29 2023	12175	0	0	0
Aug 30 2023	12251	0	76	0
Aug 31 2023	12251	0	0	0
Sep 01 2023	12251	0	0	0
Sep 02 2023	12251	0	0	0
Sep 03 2023	12251	0	0	0
Sep 04 2023	12251	0	0	0
Sep 05 2023	12345	1	95	0
Sep 06 2023	12345	0	0	0
Sep 07 2023	12345	0	0	0
Sep 08 2023	12345	0	0	0
Sep 09 2023	12345	0	0	0
Sep 10 2023	12345	0	0	0
Sep 11 2023	12345	0	0	0
Sep 12 2023	12417	0	72	0
Sep 13 2023	12417	0	0	0
Sep 14 2023	12417	0	0	0
Sep 15 2023	12417	0	0	0
Sep 16 2023	12417	0	0	0
Sep 17 2023	12417	0	0	0
Sep 18 2023	12417	0	0	0
Sep 19 2023	12464	0	47	0
Sep 20 2023	12464	0	0	0
Sep 21 2023	12464	0	0	0
Sep 22 2023	12464	0	0	0
Sep 23 2023	12464	0	0	0
Sep 24 2023	12464	0	0	0
Sep 25 2023	12464	0	0	0
Sep 26 2023	12497	0	33	0
Sep 27 2023	12497	0	0	0
Sep 28 2023	12497	0	0	0
Sep 29 2023	12497	0	0	0
Sep 30 2023	12497	0	0	0
Oct 01 2023	12497	0	0	0
Oct 02 2023	12497	0	0	0
Oct 03 2023	12514	0	17	0
Oct 04 2023	12514	0	0	0
Oct 05 2023	12514	0	0	0
Oct 06 2023	12514	0	0	0
Oct 07 2023	12514	0	0	0
Oct 08 2023	12514	0	0	0
Oct 09 2023	12514	0	0	0
Oct 10 2023	12530	0	16	0
Oct 11 2023	12530	0	0	0
Oct 12 2023	12530	0	0	0
Oct 13 2023	12530	0	0	0
Oct 14 2023	12530	0	0	0
Oct 15 2023	12530	0	0	0
Oct 16 2023	12530	0	0	0
Oct 17 2023	12544	0	14	0
Oct 18 2023	12544	0	0	0
Oct 19 2023	12544	0	0	0
Oct 20 2023	12544	0	0	0
Oct 21 2023	12544	0	0	0
Oct 22 2023	12544	0	0	0
Oct 23 2023	12544	0	0	0
Oct 24 2023	12557	0	13	0
Oct 25 2023	12557	0	0	0
Oct 26 2023	12557	0	0	0
Oct 27 2023	12557	0	0	0
Oct 28 2023	12557	0	0	0
Oct 29 2023	12557	0	0	0
Oct 30 2023	12557	0	0	0
Oct 31 2023	12573	0	16	0
Nov 01 2023	12573	0	0	0
Nov 02 2023	12573	0	0	0
Nov 03 2023	12573	0	0	0
Nov 04 2023	12573	0	0	0
Nov 05 2023	12573	0	0	0
Nov 06 2023	12573	0	0	0
Nov 07 2023	12579	0	6	0
Nov 08 2023	12579	0	0	0
Nov 09 2023	12579	0	0	0
Nov 10 2023	12579	0	0	0
Nov 11 2023	12579	0	0	0
Nov 12 2023	12579	0	0	0
Nov 13 2023	12579	0	0	0
Nov 14 2023	12583	0	4	0
Nov 15 2023	12583	0	0	0
Nov 16 2023	12583	0	0	0
Nov 17 2023	12583	0	0	0
Nov 18 2023	12583	0	0	0
Nov 19 2023	12583	0	0	0
Nov 20 2023	12583	0	0	0
Nov 21 2023	12583	0	0	0
Nov 22 2023	12583	0	0	0
Nov 23 2023	12583	0	0	0
Nov 24 2023	12583	0	0	0
Nov 25 2023	12583	0	0	0
Nov 26 2023	12583	0	0	0
Nov 27 2023	12583	0	0	0
Nov 28 2023	12583	0	0	0
Nov 29 2023	12583	0	0	0
Nov 30 2023	12583	0	0	0
Dec 01 2023	12583	0	0	0
Dec 02 2023	12583	0	0	0
Dec 03 2023	12583	0	0	0
Dec 04 2023	12583	0	0	0
Dec 05 2023	12583	0	0	0
Dec 06 2023	12583	0	0	0
Dec 07 2023	12583	0	0	0
Dec 08 2023	12583	0	0	0
Dec 09 2023	12583	0	0	0
Dec 10 2023	12583	0	0	0
Dec 11 2023	12583	0	0	0
Dec 12 2023	12583	0	0	0
Dec 13 2023	12583	0	0	0
Dec 14 2023	12583	0	0	0
Dec 15 2023	12583	0	0	0
Dec 16 2023	12583	0	0	0
Dec 17 2023	12583	0	0	0
Dec 18 2023	12583	0	0	0
Dec 19 2023	12583	0	0	0
Dec 20 2023	12583	0	0	0
Dec 21 2023	12583	0	0	0
Dec 22 2023	12583	0	0	0
Dec 23 2023	12583	0	0	0
Dec 24 2023	12583	0	0	0
Dec 25 2023	12583	0	0	0
Dec 26 2023	12583	0	0	0
Dec 27 2023	12583	0	0	0
Dec 28 2023	12583	0	0	0
Dec 29 2023	12583	0	0	0
Dec 30 2023	12583	0	0	0
Dec 31 2023	12583	0	0	0
Jan 01 2024	12583	0	0	0
Jan 02 2024	12583	0	0	0
Jan 03 2024	12583	0	0	0
Jan 04 2024	12583	0	0	0
Jan 05 2024	12583	0	0	0
Jan 06 2024	12583	0	0	0
Jan 07 2024	12583	0	0	0
Jan 08 2024	12583	0	0	0
Jan 09 2024	12583	0	0	0
Jan 10 2024	12583	0	0	0
Jan 11 2024	12583	0	0	0
Jan 12 2024	12583	0	0	0
Jan 13 2024	12583	0	0	0
Jan 14 2024	12583	0	0	0
Jan 15 2024	12583	0	0	0
Jan 16 2024	12583	0	0	0
Jan 17 2024	12583	0	0	0
Jan 18 2024	12583	0	0	0
Jan 19 2024	12583	0	0	0
Jan 20 2024	12583	0	0	0
Jan 21 2024	12583	0	0	0
Jan 22 2024	12583	0	0	0
Jan 23 2024	12583	0	0	0
Jan 24 2024	12583	0	0	0
Jan 25 2024	12583	0	0	0
Jan 26 2024	12583	0	0	0
Jan 27 2024	12583	0	0	0
Jan 28 2024	12583	0	0	0
Jan 29 2024	12583	0	0	0
Jan 30 2024	12583	0	0	0
Jan 31 2024	12583	0	0	0
Feb 01 2024	12583	0	0	0
Feb 02 2024	12583	0	0	0
Feb 03 2024	12583	0	0	0
Feb 04 2024	12583	0	0	0
Feb 05 2024	12583	0	0	0
Feb 06 2024	12583	0	0	0
Feb 07 2024	12583	0	0	0
Feb 08 2024	12583	0	0	0
Feb 09 2024	12583	0	0	0
Feb 10 2024	12583	0	0	0
Feb 11 2024	12583	0	0	0
Feb 12 2024	12583	0	0	0
Feb 13 2024	12583	0	0	0
Feb 14 2024	12583	0	0	0
Feb 15 2024	12583	0	0	0
Feb 16 2024	12583	0	0	0
Feb 17 2024	12583	0	0	0
Feb 18 2024	12583	0	0	0
Feb 19 2024	12583	0	0	0
Feb 20 2024	12583	0	0	0
Feb 21 2024	12583	0	0	0
Feb 22 2024	12583	0	0	0
Feb 23 2024	12583	0	0	0
Feb 24 2024	12583	0	0	0
Feb 25 2024	12583	0	0	0
Feb 26 2024	12583	0	0	0
Feb 27 2024	12583	0	0	0
Feb 28 2024	12583	0	0	0
Feb 29 2024	12583	0	0	0
Mar 01 2024	12583	0	0	0
Mar 02 2024	12583	0	0	0
Mar 03 2024	12583	0	0	0
Mar 04 2024	12583	0	0	0
Mar 05 2024	12583	0	0	0
Mar 06 2024	12583	0	0	0
Mar 07 2024	12583	0	0	0
Mar 08 2024	12583	0	0	0
Mar 09 2024	12583	0	0	0
Mar 10 2024	12583	0	0	0
Mar 11 2024	12583	0	0	0
Mar 12 2024	12583	0	0	0
Mar 13 2024	12583	0	0	0
Mar 14 2024	12583	0	0	0
Mar 15 2024	12583	0	0	0
Mar 16 2024	12583	0	0	0
Mar 17 2024	12583	0	0	0
Mar 18 2024	12583	0	0	0
Mar 19 2024	12583	0	0	0
Mar 20 2024	12583	0	0	0
Mar 21 2024	12583	0	0	0
Mar 22 2024	12583	0	0	0
Mar 23 2024	12583	0	0	0
Mar 24 2024	12583	0	0	0
Mar 25 2024	12583	0	0	0
Mar 26 2024	12583	0	0	0
Mar 27 2024	12583	0	0	0
