Date	Active Cases	Daily Death	New cases	Recoverd Cases
Feb 15 2020	0	0	0	0
Feb 16 2020	0	0	0	0
Feb 17 2020	0	0	0	0
Feb 18 2020	0	0	0	0
Feb 19 2020	0	0	0	0
Feb 20 2020	0	0	0	0
Feb 21 2020	0	0	0	0
Feb 22 2020	0	0	0	0
Feb 23 2020	0	0	0	0
Feb 24 2020	0	0	0	0
Feb 25 2020	0	0	0	0
Feb 26 2020	0	0	0	0
Feb 27 2020	0	0	0	0
Feb 28 2020	0	0	0	0
Feb 29 2020	0	0	0	0
Mar 01 2020	0	0	0	0
Mar 02 2020	0	0	0	0
Mar 03 2020	0	0	0	0
Mar 04 2020	0	0	0	0
Mar 05 2020	0	0	0	0
Mar 06 2020	0	0	0	0
Mar 07 2020	0	0	0	0
Mar 08 2020	0	0	0	0
Mar 09 2020	0	0	0	0
Mar 10 2020	0	0	0	0
Mar 11 2020	0	0	0	0
Mar 12 2020	0	0	0	0
Mar 13 2020	0	0	11	0
Mar 14 2020	0	0	3	0
Mar 15 2020	0	0	33	0
Mar 16 2020	0	0	79	0
Mar 17 2020	0	0	139	0
Mar 18 2020	0	1	253	0
Mar 19 2020	0	2	457	0
Mar 20 2020	0	5	846	0
Mar 21 2020	0	12	753	0
Mar 22 2020	0	9	786	0
Mar 23 2020	0	7	797	0
Mar 24 2020	0	7	933	0
Mar 25 2020	0	15	1526	0
Mar 26 2020	0	16	3253	0
Mar 27 2020	0	17	5628	0
Mar 28 2020	0	16	4635	0
Mar 29 2020	0	23	4937	0
Mar 30 2020	0	37	4379	0
Mar 31 2020	0	46	7355	0
Apr 01 2020	0	63	5843	0
Apr 02 2020	0	79	6680	0
Apr 03 2020	0	69	7578	0
Apr 04 2020	0	76	8196	0
Apr 05 2020	0	73	8527	0
Apr 06 2020	0	75	8563	0
Apr 07 2020	0	76	10586	0
Apr 08 2020	0	87	11198	0
Apr 09 2020	0	96	11033	0
Apr 10 2020	0	98	12912	0
Apr 11 2020	0	95	13976	0
Apr 12 2020	0	97	13026	0
Apr 13 2020	0	98	11133	0
Apr 14 2020	0	107	11049	0
Apr 15 2020	0	115	11645	0
Apr 16 2020	0	125	13059	0
Apr 17 2020	0	126	11840	0
Apr 18 2020	0	121	10290	0
Apr 19 2020	0	127	10818	0
Apr 20 2020	0	123	12714	0
Apr 21 2020	0	119	12542	0
Apr 22 2020	0	117	8386	0
Apr 23 2020	0	115	8476	0
Apr 24 2020	0	109	8492	0
Apr 25 2020	0	106	7782	0
Apr 26 2020	0	99	6411	0
Apr 27 2020	0	95	5796	0
Apr 28 2020	0	92	6506	0
Apr 29 2020	0	89	7986	0
Apr 30 2020	0	93	7113	0
May 01 2020	0	84	5951	0
May 02 2020	0	78	5394	0
May 03 2020	0	61	4542	0
May 04 2020	0	64	4390	0
May 05 2020	0	59	4983	0
May 06 2020	0	64	6128	0
May 07 2020	0	57	5378	0
May 08 2020	0	48	5027	0
May 09 2020	0	50	4205	0
May 10 2020	0	47	4194	0
May 11 2020	0	55	3030	0
May 12 2020	0	53	4635	0
May 13 2020	0	58	4458	0
May 14 2020	0	55	4447	0
May 15 2020	0	48	4646	0
May 16 2020	0	41	4379	0
May 17 2020	0	44	3721	0
May 18 2020	0	31	3150	0
May 19 2020	0	28	2780	0
May 20 2020	0	23	2644	0
May 21 2020	0	27	2614	0
May 22 2020	0	27	2589	0
May 23 2020	0	32	3226	0
May 24 2020	0	32	3104	0
May 25 2020	0	29	2685	0
May 26 2020	0	28	2579	0
May 27 2020	0	34	2815	0
May 28 2020	0	30	3215	0
May 29 2020	0	28	3104	0
May 30 2020	0	26	2674	0
May 31 2020	0	25	2282	0
Jun 01 2020	0	23	2249	0
Jun 02 2020	0	22	2138	0
Jun 03 2020	0	24	2358	0
Jun 04 2020	0	21	2687	0
Jun 05 2020	0	18	2530	0
Jun 06 2020	0	21	2388	0
Jun 07 2020	0	23	2486	0
Jun 08 2020	0	19	2690	0
Jun 09 2020	0	18	2701	0
Jun 10 2020	0	17	2508	0
Jun 11 2020	0	17	2685	0
Jun 12 2020	0	15	3250	0
Jun 13 2020	0	14	3969	0
Jun 14 2020	0	15	4249	0
Jun 15 2020	0	18	4330	0
Jun 16 2020	0	17	3990	0
Jun 17 2020	0	19	3887	0
Jun 18 2020	0	21	3547	0
Jun 19 2020	0	23	3302	0
Jun 20 2020	0	22	3395	0
Jun 21 2020	0	23	3242	0
Jun 22 2020	0	24	3297	0
Jun 23 2020	0	27	3449	0
Jun 24 2020	0	24	4058	0
Jun 25 2020	0	21	3966	0
Jun 26 2020	0	19	3797	0
Jun 27 2020	0	17	3732	0
Jun 28 2020	0	15	3688	0
Jun 29 2020	0	18	3737	0
Jun 30 2020	0	16	3517	0
Jul 01 2020	0	19	3242	0
Jul 02 2020	0	17	3226	0
Jul 03 2020	0	19	3188	0
Jul 04 2020	0	20	3139	0
Jul 05 2020	0	19	3123	0
Jul 06 2020	0	16	2954	0
Jul 07 2020	0	19	2864	0
Jul 08 2020	0	22	2832	0
Jul 09 2020	0	18	2785	0
Jul 10 2020	0	23	2728	0
Jul 11 2020	0	21	2764	0
Jul 12 2020	0	19	2753	0
Jul 13 2020	0	19	2742	0
Jul 14 2020	0	20	2698	0
Jul 15 2020	0	17	2576	0
Jul 16 2020	0	21	2538	0
Jul 17 2020	0	18	2519	0
Jul 18 2020	0	17	2497	0
Jul 19 2020	0	16	2513	0
Jul 20 2020	0	17	2532	0
Jul 21 2020	0	18	2524	0
Jul 22 2020	0	19	2453	0
Jul 23 2020	0	18	2483	0
Jul 24 2020	0	17	2549	0
Jul 25 2020	0	16	2505	0
Jul 26 2020	0	17	2521	0
Jul 27 2020	0	17	2500	0
Jul 28 2020	0	15	2619	0
Jul 29 2020	0	14	2562	0
Jul 30 2020	0	15	2630	0
Jul 31 2020	0	17	2671	0
Aug 01 2020	0	19	2709	0
Aug 02 2020	0	18	2685	0
Aug 03 2020	0	19	2706	0
Aug 04 2020	0	18	2946	0
Aug 05 2020	0	19	3204	0
Aug 06 2020	0	14	3136	0
Aug 07 2020	0	15	3223	0
Aug 08 2020	0	16	3188	0
Aug 09 2020	0	15	3215	0
Aug 10 2020	0	14	3245	0
Aug 11 2020	0	15	3218	0
Aug 12 2020	0	18	3297	0
Aug 13 2020	0	21	3381	0
Aug 14 2020	0	22	3335	0
Aug 15 2020	0	21	3416	0
Aug 16 2020	0	19	3242	0
Aug 17 2020	0	22	3354	0
Aug 18 2020	0	20	3435	0
Aug 19 2020	0	23	3544	0
Aug 20 2020	0	19	3841	0
Aug 21 2020	0	22	3272	0
Aug 22 2020	0	22	3561	0
Aug 23 2020	0	19	3310	0
Aug 24 2020	0	18	3925	0
Aug 25 2020	0	24	4086	0
Aug 26 2020	0	20	3571	0
Aug 27 2020	0	26	4056	0
Aug 28 2020	0	36	4126	0
Aug 29 2020	0	39	4213	0
Aug 30 2020	0	42	4031	0
Aug 31 2020	0	44	4317	0
Sep 01 2020	0	47	4276	0
Sep 02 2020	0	45	4341	0
Sep 03 2020	0	49	4466	0
Sep 04 2020	0	53	4385	0
Sep 05 2020	0	56	4551	0
Sep 06 2020	0	53	4292	0
Sep 07 2020	0	57	4632	0
Sep 08 2020	0	52	4790	0
Sep 09 2020	0	55	4551	0
Sep 10 2020	0	58	4113	0
Sep 11 2020	0	56	4545	0
Sep 12 2020	0	48	4105	0
Sep 13 2020	0	57	4154	0
Sep 14 2020	0	63	4668	0
Sep 15 2020	0	67	4738	0
Sep 16 2020	0	63	4817	0
Sep 17 2020	0	66	4483	0
Sep 18 2020	0	62	4817	0
Sep 19 2020	0	68	4183	0
Sep 20 2020	0	61	4132	0
Sep 21 2020	0	68	4741	0
Sep 22 2020	0	65	4602	0
Sep 23 2020	0	72	4806	0
Sep 24 2020	0	74	4681	0
Sep 25 2020	0	73	4529	0
Sep 26 2020	0	71	4110	0
Sep 27 2020	0	68	3990	0
Sep 28 2020	0	65	3841	0
Sep 29 2020	0	68	3882	0
Sep 30 2020	0	65	3784	0
Oct 01 2020	0	67	3827	0
Oct 02 2020	0	63	3922	0
Oct 03 2020	0	59	4086	0
Oct 04 2020	0	57	3887	0
Oct 05 2020	0	57	4360	0
Oct 06 2020	0	55	4110	0
Oct 07 2020	0	56	4300	0
Oct 08 2020	0	58	4393	0
Oct 09 2020	0	55	4431	0
Oct 10 2020	0	56	4485	0
Oct 11 2020	0	59	4086	0
Oct 12 2020	0	58	4390	0
Oct 13 2020	0	62	4439	0
Oct 14 2020	0	57	4545	0
Oct 15 2020	0	66	4605	0
Oct 16 2020	0	73	4929	0
Oct 17 2020	0	71	4687	0
Oct 18 2020	0	72	4937	0
Oct 19 2020	0	75	5511	0
Oct 20 2020	0	74	5152	0
Oct 21 2020	0	68	5475	0
Oct 22 2020	0	71	5718	0
Oct 23 2020	0	74	5889	0
Oct 24 2020	0	69	5688	0
Oct 25 2020	0	72	5486	0
Oct 26 2020	0	75	5979	0
Oct 27 2020	0	76	6009	0
Oct 28 2020	0	77	6270	0
Oct 29 2020	0	72	6308	0
Oct 30 2020	0	78	6316	0
Oct 31 2020	0	75	6019	0
Nov 01 2020	0	74	5728	0
Nov 02 2020	0	76	6262	0
Nov 03 2020	0	79	6373	0
Nov 04 2020	0	77	6504	0
Nov 05 2020	0	81	6286	0
Nov 06 2020	0	83	6626	0
Nov 07 2020	0	81	6754	0
Nov 08 2020	0	84	6844	0
Nov 09 2020	0	85	7007	0
Nov 10 2020	0	87	6879	0
Nov 11 2020	0	86	7325	0
Nov 12 2020	0	88	7728	0
Nov 13 2020	0	93	8283	0
Nov 14 2020	0	92	8476	0
Nov 15 2020	0	89	8767	0
Nov 16 2020	0	94	9020	0
Nov 17 2020	0	103	10388	0
Nov 18 2020	0	116	11465	0
Nov 19 2020	0	123	12354	0
Nov 20 2020	0	141	13880	0
Nov 21 2020	0	135	15047	0
Nov 22 2020	0	139	16367	0
Nov 23 2020	0	153	18260	0
Nov 24 2020	0	161	20079	0
Nov 25 2020	0	168	28351	0
Nov 26 2020	0	174	29132	0
Nov 27 2020	0	177	29845	0
Nov 28 2020	0	182	30103	0
Nov 29 2020	0	185	29281	0
Nov 30 2020	0	188	31219	0
Dec 01 2020	0	190	30110	0
Dec 02 2020	0	193	31923	0
Dec 03 2020	0	187	32381	0
Dec 04 2020	0	193	32736	0
Dec 05 2020	0	196	31896	0
Dec 06 2020	0	195	30402	0
Dec 07 2020	0	203	32137	0
Dec 08 2020	0	211	33198	0
Dec 09 2020	0	217	31712	0
Dec 10 2020	0	220	30424	0
Dec 11 2020	0	226	32106	0
Dec 12 2020	0	222	29136	0
Dec 13 2020	0	218	26919	0
Dec 14 2020	0	229	29617	0
Dec 15 2020	0	235	32102	0
Dec 16 2020	0	240	29718	0
Dec 17 2020	0	243	27515	0
Dec 18 2020	0	246	26410	0
Dec 19 2020	0	241	22195	0
Dec 20 2020	0	246	20316	0
Dec 21 2020	0	254	19103	0
Dec 22 2020	0	251	19256	0
Dec 23 2020	0	259	19650	0
Dec 24 2020	0	254	18102	0
Dec 25 2020	0	256	17543	0
Dec 26 2020	0	253	15118	0
Dec 27 2020	0	254	14205	0
Dec 28 2020	0	257	15197	0
Dec 29 2020	0	253	15805	0
Dec 30 2020	0	254	15692	0
Dec 31 2020	0	239	14380	0
Jan 01 2021	0	212	12203	0
Jan 02 2021	0	202	11180	0
Jan 03 2021	0	193	9877	0
Jan 04 2021	0	197	13695	0
Jan 05 2021	0	194	14494	0
Jan 06 2021	0	191	13830	0
Jan 07 2021	0	194	12171	0
Jan 08 2021	0	186	11479	0
Jan 09 2021	0	181	9537	0
Jan 10 2021	0	176	9138	0
Jan 11 2021	0	174	10220	0
Jan 12 2021	0	171	9809	0
Jan 13 2021	0	173	9554	0
Jan 14 2021	0	170	8962	0
Jan 15 2021	0	169	8314	0
Jan 16 2021	0	168	7550	0
Jan 17 2021	0	165	6436	0
Jan 18 2021	0	164	5862	0
Jan 19 2021	0	167	6818	0
Jan 20 2021	0	159	6435	0
Jan 21 2021	0	153	6289	0
Jan 22 2021	0	149	5967	0
Jan 23 2021	0	144	5856	0
Jan 24 2021	0	140	5277	0
Jan 25 2021	0	137	5642	0
Jan 26 2021	0	134	7103	0
Jan 27 2021	0	132	7489	0
Jan 28 2021	0	129	7279	0
Jan 29 2021	0	131	6912	0
Jan 30 2021	0	129	6871	0
Jan 31 2021	0	128	6562	0
Feb 01 2021	0	124	7719	0
Feb 02 2021	0	120	7795	0
Feb 03 2021	0	117	8102	0
Feb 04 2021	0	113	7909	0
Feb 05 2021	0	110	7901	0
Feb 06 2021	0	108	7897	0
Feb 07 2021	0	112	6670	0
Feb 08 2021	0	103	8103	0
Feb 09 2021	0	98	8636	0
Feb 10 2021	0	95	8642	0
Feb 11 2021	0	94	7590	0
Feb 12 2021	0	97	7763	0
Feb 13 2021	0	93	7706	0
Feb 14 2021	0	94	6287	0
Feb 15 2021	0	91	7945	0
Feb 16 2021	0	90	7906	0
Feb 17 2021	0	86	7325	0
Feb 18 2021	0	83	7241	0
Feb 19 2021	0	82	7419	0
Feb 20 2021	0	80	7857	0
Feb 21 2021	0	77	6546	0
Feb 22 2021	0	78	8104	0
Feb 23 2021	0	75	9107	0
Feb 24 2021	0	72	9561	0
Feb 25 2021	0	73	9572	0
Feb 26 2021	0	74	9205	0
Feb 27 2021	0	71	9193	0
Feb 28 2021	0	66	8424	0
Mar 01 2021	0	69	9891	0
Mar 02 2021	0	68	11837	0
Mar 03 2021	0	65	11520	0
Mar 04 2021	0	68	11322	0
Mar 05 2021	0	62	11302	0
Mar 06 2021	0	64	11770	0
Mar 07 2021	0	65	11187	0
Mar 08 2021	0	64	13215	0
Mar 09 2021	0	66	13755	0
Mar 10 2021	0	67	14556	0
Mar 11 2021	0	63	14046	0
Mar 12 2021	0	66	14941	0
Mar 13 2021	0	65	15082	0
Mar 14 2021	0	68	13378	0
Mar 15 2021	0	63	15503	0
Mar 16 2021	0	71	16749	0
Mar 17 2021	0	73	18912	0
Mar 18 2021	0	81	20049	0
Mar 19 2021	0	87	21030	0
Mar 20 2021	0	95	21061	0
Mar 21 2021	0	102	20428	0
Mar 22 2021	0	117	22216	0
Mar 23 2021	0	138	26182	0
Mar 24 2021	0	146	29762	0
Mar 25 2021	0	157	28731	0
Mar 26 2021	0	153	29081	0
Mar 27 2021	0	151	30021	0
Mar 28 2021	0	153	29058	0
Mar 29 2021	0	154	32404	0
Mar 30 2021	0	155	37303	0
Mar 31 2021	0	152	39302	0
Apr 01 2021	0	176	40806	0
Apr 02 2021	0	179	42308	0
Apr 03 2021	0	186	44756	0
Apr 04 2021	0	185	41998	0
Apr 05 2021	0	193	42551	0
Apr 06 2021	0	211	49584	0
Apr 07 2021	0	276	54740	0
Apr 08 2021	0	258	55941	0
Apr 09 2021	0	253	55791	0
Apr 10 2021	0	248	52676	0
Apr 11 2021	0	237	50678	0
Apr 12 2021	0	243	54562	0
Apr 13 2021	0	273	59187	0
Apr 14 2021	0	279	62797	0
Apr 15 2021	0	297	61400	0
Apr 16 2021	0	289	63082	0
Apr 17 2021	0	288	62606	0
Apr 18 2021	0	318	55802	0
Apr 19 2021	0	341	55149	0
Apr 20 2021	0	346	61028	0
Apr 21 2021	0	362	61967	0
Apr 22 2021	0	354	54791	0
Apr 23 2021	0	343	49438	0
Apr 24 2021	0	339	40596	0
Apr 25 2021	0	347	38553	0
Apr 26 2021	0	353	37312	0
Apr 27 2021	0	346	43301	0
Apr 28 2021	0	341	40444	0
Apr 29 2021	0	339	37674	0
Apr 30 2021	0	394	31891	0
May 01 2021	0	373	28817	0
May 02 2021	0	340	25980	0
May 03 2021	0	347	24733	0
May 04 2021	0	336	28997	0
May 05 2021	0	356	26476	0
May 06 2021	0	304	22388	0
May 07 2021	0	278	20107	0
May 08 2021	0	281	18052	0
May 09 2021	0	283	15191	0
May 10 2021	0	282	13604	0
May 11 2021	0	278	14497	0
May 12 2021	0	232	13029	0
May 13 2021	0	238	11534	0
May 14 2021	0	242	11394	0
May 15 2021	0	236	11472	0
May 16 2021	0	223	10512	0
May 17 2021	0	223	10174	0
May 18 2021	0	203	11937	0
May 19 2021	0	233	11553	0
May 20 2021	0	207	9385	0
May 21 2021	0	214	9528	0
May 22 2021	0	231	8697	0
May 23 2021	0	197	7839	0
May 24 2021	0	178	7523	0
May 25 2021	0	175	9375	0
May 26 2021	0	166	8738	0
May 27 2021	0	183	8426	0
May 28 2021	0	164	7773	0
May 29 2021	0	137	7656	0
May 30 2021	0	134	6933	0
May 31 2021	0	122	6493	0
Jun 01 2021	0	129	7112	0
Jun 02 2021	0	112	7181	0
Jun 03 2021	0	114	6602	0
Jun 04 2021	0	94	6169	0
Jun 05 2021	0	92	6126	0
Jun 06 2021	0	96	5386	0
Jun 07 2021	0	91	5647	0
Jun 08 2021	0	86	6609	0
Jun 09 2021	0	87	6454	0
Jun 10 2021	0	96	6408	0
Jun 11 2021	0	69	6261	0
Jun 12 2021	0	75	6076	0
Jun 13 2021	0	53	5012	0
Jun 14 2021	0	74	5626	0
Jun 15 2021	0	84	5955	0
Jun 16 2021	0	71	6221	0
Jun 17 2021	0	62	5904	0
Jun 18 2021	0	59	5575	0
Jun 19 2021	0	51	5480	0
Jun 20 2021	0	63	5091	0
Jun 21 2021	0	51	5294	0
Jun 22 2021	0	57	6143	0
Jun 23 2021	0	65	5809	0
Jun 24 2021	0	59	5703	0
Jun 25 2021	0	56	5630	0
Jun 26 2021	0	51	5266	0
Jun 27 2021	0	52	4883	0
Jun 28 2021	0	58	5283	0
Jun 29 2021	0	53	5846	0
Jun 30 2021	0	45	5496	0
Jul 01 2021	0	42	5288	0
Jul 02 2021	0	55	4891	0
Jul 03 2021	0	45	4537	0
Jul 04 2021	0	50	4418	0
Jul 05 2021	0	35	4678	0
Jul 06 2021	0	37	5299	0
Jul 07 2021	0	52	5160	0
Jul 08 2021	0	48	5171	0
Jul 09 2021	0	59	5670	0
Jul 10 2021	0	37	5530	0
Jul 11 2021	0	37	5261	0
Jul 12 2021	0	49	5404	0
Jul 13 2021	0	46	6285	0
Jul 14 2021	0	43	6907	0
Jul 15 2021	0	48	7304	0
Jul 16 2021	0	35	6918	0
Jul 17 2021	0	38	7666	0
Jul 18 2021	0	66	7680	0
Jul 19 2021	0	50	7667	0
Jul 20 2021	0	46	8780	0
Jul 21 2021	0	59	8151	0
Jul 22 2021	0	52	9586	0
Jul 23 2021	0	60	11094	0
Jul 24 2021	0	58	12381	0
Jul 25 2021	0	55	14230	0
Jul 26 2021	0	63	16809	0
Jul 27 2021	0	51	19761	0
Jul 28 2021	0	76	22291	0
Jul 29 2021	0	60	22161	0
Jul 30 2021	0	69	22083	0
Jul 31 2021	0	79	22332	0
Aug 01 2021	0	96	20890	0
Aug 02 2021	0	91	22898	0
Aug 03 2021	0	126	24832	0
Aug 04 2021	0	122	26822	0
Aug 05 2021	0	108	24297	0
Aug 06 2021	0	101	23957	0
Aug 07 2021	0	112	25100	0
Aug 08 2021	0	108	22699	0
Aug 09 2021	0	117	23731	0
Aug 10 2021	0	124	26597	0
Aug 11 2021	0	128	27356	0
Aug 12 2021	0	138	22261	0
Aug 13 2021	0	157	21372	0
Aug 14 2021	0	145	19949	0
Aug 15 2021	0	154	18847	0
Aug 16 2021	0	165	18163	0
Aug 17 2021	0	183	21692	0
Aug 18 2021	0	168	19944	0
Aug 19 2021	0	216	19320	0
Aug 20 2021	0	204	19918	0
Aug 21 2021	0	232	19351	0
Aug 22 2021	0	206	18622	0
Aug 23 2021	0	232	18857	0
Aug 24 2021	0	230	19191	0
Aug 25 2021	0	217	19970	0
Aug 26 2021	0	257	19616	0
Aug 27 2021	0	244	18340	0
Aug 28 2021	0	245	17912	0
Aug 29 2021	0	255	17332	0
Aug 30 2021	0	245	19557	0
Aug 31 2021	0	252	21893	0
Sep 01 2021	0	290	23946	0
Sep 02 2021	0	283	23496	0
Sep 03 2021	0	276	22857	0
Sep 04 2021	0	278	20033	0
Sep 05 2021	0	269	19391	0
Sep 06 2021	0	271	20962	0
Sep 07 2021	0	274	23638	0
Sep 08 2021	0	262	23914	0
Sep 09 2021	0	257	23846	0
Sep 10 2021	0	214	23562	0
Sep 11 2021	0	259	22923	0
Sep 12 2021	0	243	21352	0
Sep 13 2021	0	231	24613	0
Sep 14 2021	0	276	27802	0
Sep 15 2021	0	248	28224	0
Sep 16 2021	0	262	28118	0
Sep 17 2021	0	237	27692	0
Sep 18 2021	0	221	26161	0
Sep 19 2021	0	213	26398	0
Sep 20 2021	0	231	27688	0
Sep 21 2021	0	260	29338	0
Sep 22 2021	0	242	28168	0
Sep 23 2021	0	217	27844	0
Sep 24 2021	0	221	27197	0
Sep 25 2021	0	193	26145	0
Sep 26 2021	0	228	25861	0
Sep 27 2021	0	206	27188	0
Sep 28 2021	0	239	28892	0
Sep 29 2021	0	227	29386	0
Sep 30 2021	0	216	29104	0
Oct 01 2021	0	210	28873	0
Oct 02 2021	0	203	27973	0
Oct 03 2021	0	194	27351	0
Oct 04 2021	0	248	28810	0
Oct 05 2021	0	228	29802	0
Oct 06 2021	0	236	30438	0
Oct 07 2021	0	217	30019	0
Oct 08 2021	0	188	30201	0
Oct 09 2021	0	206	28645	0
Oct 10 2021	0	196	28370	0
Oct 11 2021	0	188	30563	0
Oct 12 2021	0	237	33860	0
Oct 13 2021	0	236	31248	0
Oct 14 2021	0	203	30709	0
Oct 15 2021	0	181	30694	0
Oct 16 2021	0	212	28537	0
Oct 17 2021	0	186	24114	0
Oct 18 2021	0	214	29240	0
Oct 19 2021	0	223	30862	0
Oct 20 2021	0	214	29760	0
Oct 21 2021	0	198	28465	0
Oct 22 2021	0	228	28192	0
Oct 23 2021	0	217	26217	0
Oct 24 2021	0	195	24792	0
Oct 25 2021	0	232	27663	0
Oct 26 2021	0	215	29643	0
Oct 27 2021	0	210	26896	0
Oct 28 2021	0	229	25528	0
Oct 29 2021	0	209	24409	0
Oct 30 2021	0	203	23096	0
Oct 31 2021	0	201	23948	0
Nov 01 2021	0	217	28678	0
Nov 02 2021	0	224	29796	0
Nov 03 2021	0	246	29764	0
Nov 04 2021	0	228	29482	0
Nov 05 2021	0	198	28193	0
Nov 06 2021	0	203	27474	0
Nov 07 2021	0	200	25304	0
Nov 08 2021	0	187	27824	0
Nov 09 2021	0	196	28662	0
Nov 10 2021	0	203	27259	0
Nov 11 2021	0	197	24898	0
Nov 12 2021	0	217	23637	0
Nov 13 2021	0	215	22583	0
Nov 14 2021	0	189	21624	0
Nov 15 2021	0	215	23852	0
Nov 16 2021	0	227	25101	0
Nov 17 2021	0	229	23867	0
Nov 18 2021	0	226	22234	0
Nov 19 2021	0	218	23810	0
Nov 20 2021	0	201	23347	0
Nov 21 2021	0	195	21177	0
Nov 22 2021	0	193	24856	0
Nov 23 2021	0	208	28170	0
Nov 24 2021	0	175	27592	0
Nov 25 2021	0	222	24467	0
Nov 26 2021	0	201	24002	0
Nov 27 2021	0	192	23759	0
Nov 28 2021	0	213	21655	0
Nov 29 2021	0	189	24317	0
Nov 30 2021	0	207	25216	0
Dec 01 2021	0	196	22556	0
Dec 02 2021	0	192	21747	0
Dec 03 2021	0	187	21495	0
Dec 04 2021	0	228	20374	0
Dec 05 2021	0	185	19357	0
Dec 06 2021	0	187	20033	0
Dec 07 2021	0	198	22687	0
Dec 08 2021	0	192	20874	0
Dec 09 2021	0	195	19696	0
Dec 10 2021	0	176	18561	0
Dec 11 2021	0	191	19255	0
Dec 12 2021	0	182	17956	0
Dec 13 2021	0	171	18796	0
Dec 14 2021	0	181	21477	0
Dec 15 2021	0	193	19872	0
Dec 16 2021	0	167	18100	0
Dec 17 2021	0	190	18141	0
Dec 18 2021	0	191	17644	0
Dec 19 2021	0	171	16910	0
Dec 20 2021	0	176	18762	0
Dec 21 2021	0	187	19859	0
Dec 22 2021	0	179	19095	0
Dec 23 2021	0	168	18771	0
Dec 24 2021	0	133	18910	0
Dec 25 2021	0	145	20470	0
Dec 26 2021	0	173	20138	0
Dec 27 2021	0	157	26099	0
Dec 28 2021	0	184	32176	0
Dec 29 2021	0	142	36684	0
Dec 30 2021	0	139	39681	0
Dec 31 2021	0	163	40786	0
Jan 01 2022	0	145	36731	0
Jan 02 2022	0	129	33520	0
Jan 03 2022	0	160	44869	0
Jan 04 2022	0	137	54724	0
Jan 05 2022	0	143	66467	0
Jan 06 2022	0	156	68413	0
Jan 07 2022	0	157	63214	0
Jan 08 2022	0	141	66237	0
Jan 09 2022	0	173	61727	0
Jan 10 2022	0	141	65236	0
Jan 11 2022	0	137	74266	0
Jan 12 2022	0	145	77722	0
Jan 13 2022	0	153	75564	0
Jan 14 2022	0	167	67857	0
Jan 15 2022	0	177	63967	0
Jan 16 2022	0	136	54100	0
Jan 17 2022	0	162	64935	0
Jan 18 2022	0	157	69658	0
Jan 19 2022	0	176	72615	0
Jan 20 2022	0	166	71843	0
Jan 21 2022	0	181	72555	0
Jan 22 2022	0	184	72856	0
Jan 23 2022	0	185	65503	0
Jan 24 2022	0	156	67023	0
Jan 25 2022	0	174	76341	0
Jan 26 2022	0	188	77434	0
Jan 27 2022	0	174	82180	0
Jan 28 2022	0	210	93586	0
Jan 29 2022	0	174	94783	0
Jan 30 2022	0	189	88145	0
Jan 31 2022	0	182	93261	0
Feb 01 2022	0	198	102601	0
Feb 02 2022	0	217	110682	0
Feb 03 2022	0	233	107530	0
Feb 04 2022	0	248	111157	0
Feb 05 2022	0	221	98715	0
Feb 06 2022	0	201	87934	0
Feb 07 2022	0	236	96514	0
Feb 08 2022	0	241	111096	0
Feb 09 2022	0	266	108563	0
Feb 10 2022	0	264	98602	0
Feb 11 2022	0	253	95065	0
Feb 12 2022	0	272	86193	0
Feb 13 2022	0	276	73787	0
Feb 14 2022	0	266	76632	0
Feb 15 2022	0	309	94730	0
Feb 16 2022	0	271	94176	0
Feb 17 2022	0	258	92406	0
Feb 18 2022	0	264	87411	0
Feb 19 2022	0	278	80454	0
Feb 20 2022	0	263	70355	0
Feb 21 2022	0	268	85026	0
Feb 22 2022	0	271	86070	0
Feb 23 2022	0	268	86600	0
Feb 24 2022	0	281	79708	0
Feb 25 2022	0	266	71736	0
Feb 26 2022	0	221	61764	0
Feb 27 2022	0	206	49792	0
Feb 28 2022	0	213	64275	0
Mar 01 2022	0	203	59885	0
Mar 02 2022	0	189	56780	0
Mar 03 2022	0	188	49424	0
Mar 04 2022	0	180	38283	0
Mar 05 2022	0	174	32389	0
Mar 06 2022	0	170	27671	0
Mar 07 2022	0	132	34343	0
Mar 08 2022	0	130	37407	0
Mar 09 2022	0	143	33243	0
Mar 10 2022	0	140	29492	0
Mar 11 2022	0	123	25401	0
Mar 12 2022	0	132	20465	0
Mar 13 2022	0	138	17426	0
Mar 14 2022	0	133	24404	0
Mar 15 2022	0	115	24614	0
Mar 16 2022	0	118	22345	0
Mar 17 2022	0	101	21354	0
Mar 18 2022	0	123	19126	0
Mar 19 2022	0	105	17328	0
Mar 20 2022	0	85	13081	0
Mar 21 2022	0	80	14933	0
Mar 22 2022	0	90	17426	0
Mar 23 2022	0	84	17161	0
Mar 24 2022	0	77	16894	0
Mar 25 2022	0	68	15303	0
Mar 26 2022	0	70	13849	0
Mar 27 2022	0	64	11194	0
Mar 28 2022	0	61	14364	0
Mar 29 2022	0	63	16190	0
Mar 30 2022	0	53	14993	0
Mar 31 2022	0	56	14336	0
Apr 01 2022	0	45	13367	0
Apr 02 2022	0	41	11783	0
Apr 03 2022	0	38	9021	0
Apr 04 2022	0	40	12647	0
Apr 05 2022	0	37	12213	0
Apr 06 2022	0	41	10314	0
Apr 07 2022	0	36	9354	0
Apr 08 2022	0	31	7120	0
Apr 09 2022	0	35	6986	0
Apr 10 2022	0	32	5609	0
Apr 11 2022	0	28	6893	0
Apr 12 2022	0	25	6635	0
Apr 13 2022	0	31	5529	0
Apr 14 2022	0	21	5127	0
Apr 15 2022	0	18	4425	0
Apr 16 2022	0	19	4086	0
Apr 17 2022	0	17	3268	0
Apr 18 2022	0	19	4542	0
Apr 19 2022	0	23	4217	0
Apr 20 2022	0	18	3668	0
Apr 21 2022	0	17	3354	0
Apr 22 2022	0	15	2898	0
Apr 23 2022	0	16	2654	0
Apr 24 2022	0	15	2277	0
Apr 25 2022	0	15	2604	0
Apr 26 2022	0	14	2511	0
Apr 27 2022	0	16	2479	0
Apr 28 2022	0	15	2256	0
Apr 29 2022	0	9	1924	0
Apr 30 2022	0	11	1772	0
May 01 2022	0	12	1480	0
May 02 2022	0	8	1344	0
May 03 2022	0	10	1193	0
May 04 2022	0	7	1132	0
May 05 2022	0	11	1253	0
May 06 2022	0	7	1743	0
May 07 2022	0	11	1661	0
May 08 2022	0	9	1480	0
May 09 2022	0	8	1542	0
May 10 2022	0	7	1858	0
May 11 2022	0	9	1670	0
May 12 2022	0	8	1778	0
May 13 2022	0	7	1534	0
May 14 2022	0	5	1407	0
May 15 2022	0	10	1154	0
May 16 2022	0	4	1254	0
May 17 2022	0	7	1608	0
May 18 2022	0	3	1443	0
May 19 2022	0	4	1485	0
May 20 2022	0	4	1017	0
May 21 2022	0	3	1264	0
May 22 2022	0	5	905	0
May 23 2022	0	3	922	0
May 24 2022	0	6	1304	0
May 25 2022	0	4	1260	0
May 26 2022	0	5	1310	0
May 27 2022	0	4	940	0
May 28 2022	0	3	966	0
May 29 2022	0	2	864	0
May 30 2022	0	4	908	0
May 31 2022	0	4	975	0
Jun 01 2022	0	4	975	0
Jun 02 2022	0	0	1116	0
Jun 03 2022	0	0	1116	0
Jun 04 2022	0	0	1116	0
Jun 05 2022	0	7	1116	0
Jun 06 2022	0	2	1079	0
Jun 07 2022	0	3	1079	0
Jun 08 2022	0	3	1079	0
Jun 09 2022	0	3	1079	0
Jun 10 2022	0	3	1080	0
Jun 11 2022	0	3	1080	0
Jun 12 2022	0	3	1080	0
Jun 13 2022	0	2	1564	0
Jun 14 2022	0	2	1564	0
Jun 15 2022	0	3	1564	0
Jun 16 2022	0	3	1564	0
Jun 17 2022	0	3	1564	0
Jun 18 2022	0	3	1564	0
Jun 19 2022	0	3	1570	0
Jun 20 2022	0	3	3805	0
Jun 21 2022	0	3	3805	0
Jun 22 2022	0	3	3805	0
Jun 23 2022	0	2	3805	0
Jun 24 2022	0	2	3805	0
Jun 25 2022	0	2	3805	0
Jun 26 2022	0	2	3805	0
Jun 27 2022	0	4	8159	0
Jun 28 2022	0	4	8159	0
Jun 29 2022	0	4	8159	0
Jun 30 2022	0	3	8159	0
Jul 01 2022	0	3	8159	0
Jul 02 2022	0	3	8159	0
Jul 03 2022	0	4	8159	0
Jul 04 2022	0	5	16727	0
Jul 05 2022	0	5	16727	0
Jul 06 2022	0	5	16727	0
Jul 07 2022	0	4	16727	0
Jul 08 2022	0	4	16727	0
Jul 09 2022	0	4	16727	0
Jul 10 2022	0	4	16733	0
Jul 11 2022	0	13	32361	0
Jul 12 2022	0	13	32361	0
Jul 13 2022	0	14	32362	0
Jul 14 2022	0	14	32362	0
Jul 15 2022	0	14	32362	0
Jul 16 2022	0	14	32362	0
Jul 17 2022	0	14	32362	0
Jul 18 2022	0	22	52203	0
Jul 19 2022	0	22	52203	0
Jul 20 2022	0	22	52203	0
Jul 21 2022	0	22	52203	0
Jul 22 2022	0	23	52204	0
Jul 23 2022	0	23	52204	0
Jul 24 2022	0	23	52204	0
Jul 25 2022	0	42	50790	0
Jul 26 2022	0	42	50790	0
Jul 27 2022	0	42	50790	0
Jul 28 2022	0	42	50790	0
Jul 29 2022	0	42	50790	0
Jul 30 2022	0	42	50790	0
Jul 31 2022	0	42	50791	0
Aug 01 2022	0	43	50791	0
Aug 02 2022	0	54	33179	0
Aug 03 2022	0	54	33179	0
Aug 04 2022	0	54	33179	0
Aug 05 2022	0	54	33179	0
Aug 06 2022	0	54	33179	0
Aug 07 2022	0	55	33179	0
Aug 08 2022	0	55	33179	0
Aug 09 2022	0	48	20539	0
Aug 10 2022	0	49	20539	0
Aug 11 2022	0	49	20540	0
Aug 12 2022	0	49	20540	0
Aug 13 2022	0	49	20540	0
Aug 14 2022	0	49	20540	0
Aug 15 2022	0	49	20540	0
Aug 16 2022	0	33	11431	0
Aug 17 2022	0	33	11431	0
Aug 18 2022	0	33	11431	0
Aug 19 2022	0	33	11431	0
Aug 20 2022	0	33	11432	0
Aug 21 2022	0	33	11432	0
Aug 22 2022	0	33	11432	0
Aug 23 2022	0	29	6554	0
Aug 24 2022	0	30	6554	0
Aug 25 2022	0	30	6554	0
Aug 26 2022	0	30	6555	0
Aug 27 2022	0	30	6555	0
Aug 28 2022	0	30	6555	0
Aug 29 2022	0	30	6555	0
Aug 30 2022	0	20	4598	0
Aug 31 2022	0	19	4598	0
Sep 01 2022	0	20	4598	0
Sep 02 2022	0	21	4598	0
Sep 03 2022	0	20	4598	0
Sep 04 2022	0	20	4598	0
Sep 05 2022	0	19	4603	0
Sep 06 2022	0	13	3205	0
Sep 07 2022	0	13	3205	0
Sep 08 2022	0	13	3205	0
Sep 09 2022	0	12	3205	0
Sep 10 2022	0	14	3205	0
Sep 11 2022	0	12	3205	0
Sep 12 2022	0	12	3211	0
Sep 13 2022	0	10	3058	0
Sep 14 2022	0	10	3058	0
Sep 15 2022	0	10	3059	0
Sep 16 2022	0	10	3059	0
Sep 17 2022	0	10	3059	0
Sep 18 2022	0	10	3059	0
Sep 19 2022	0	11	3059	0
Sep 20 2022	0	5	3247	0
Sep 21 2022	0	5	3247	0
Sep 22 2022	0	6	3247	0
Sep 23 2022	0	6	3247	0
Sep 24 2022	0	6	3247	0
Sep 25 2022	0	6	3247	0
Sep 26 2022	0	6	3247	0
Sep 27 2022	0	3	3302	0
Sep 28 2022	0	3	3302	0
Sep 29 2022	0	3	3302	0
Sep 30 2022	0	3	3302	0
Oct 01 2022	0	4	3302	0
Oct 02 2022	0	4	3303	0
Oct 03 2022	0	4	3303	0
Oct 04 2022	0	4	2443	0
Oct 05 2022	0	4	2443	0
Oct 06 2022	0	4	2443	0
Oct 07 2022	0	4	2443	0
Oct 08 2022	0	4	2443	0
Oct 09 2022	0	4	2443	0
Oct 10 2022	0	4	2443	0
Oct 11 2022	0	4	2443	0
Oct 12 2022	0	4	2443	0
Oct 13 2022	0	4	2443	0
Oct 14 2022	0	5	2443	0
Oct 15 2022	0	5	2443	0
Oct 16 2022	0	5	2444	0
Oct 17 2022	0	5	2444	0
Oct 18 2022	0	4	1634	0
Oct 19 2022	0	4	1634	0
Oct 20 2022	0	4	1634	0
Oct 21 2022	0	4	1635	0
Oct 22 2022	0	4	1635	0
Oct 23 2022	0	4	1635	0
Oct 24 2022	0	5	1635	0
Oct 25 2022	0	5	1635	0
Oct 26 2022	0	5	1635	0
Oct 27 2022	0	5	1635	0
Oct 28 2022	0	5	1635	0
Oct 29 2022	0	5	1635	0
Oct 30 2022	0	5	1635	0
Oct 31 2022	0	5	1635	0
Nov 01 2022	0	6	2216	0
Nov 02 2022	0	6	2216	0
Nov 03 2022	0	6	2216	0
Nov 04 2022	0	6	2216	0
Nov 05 2022	0	6	2216	0
Nov 06 2022	0	6	2216	0
Nov 07 2022	0	6	2216	0
Nov 08 2022	0	6	2216	0
Nov 09 2022	0	5	2216	0
Nov 10 2022	0	5	2216	0
Nov 11 2022	0	5	2216	0
Nov 12 2022	0	5	2216	0
Nov 13 2022	0	5	2216	0
Nov 14 2022	0	6	2656	0
Nov 15 2022	0	6	2656	0
Nov 16 2022	0	6	2656	0
Nov 17 2022	0	6	2656	0
Nov 18 2022	0	6	2656	0
Nov 19 2022	0	6	2656	0
Nov 20 2022	0	7	2656	0
Nov 21 2022	0	7	2656	0
Nov 22 2022	0	7	2656	0
Nov 23 2022	0	7	2656	0
Nov 24 2022	0	7	2656	0
Nov 25 2022	0	7	2656	0
Nov 26 2022	0	7	2656	0
Nov 27 2022	0	7	2657	0
Nov 28 2022	0	6	3325	0
Nov 29 2022	0	6	3324	0
Nov 30 2022	0	7	3324	0
Dec 01 2022	0	9	2862	0
Dec 02 2022	0	9	2862	0
Dec 03 2022	0	9	2862	0
Dec 04 2022	0	9	2862	0
Dec 05 2022	0	8	2862	0
Dec 06 2022	0	8	2862	0
Dec 07 2022	0	8	2862	0
Dec 08 2022	0	8	2862	0
Dec 09 2022	0	8	2862	0
Dec 10 2022	0	8	2862	0
Dec 11 2022	0	8	2862	0
Dec 12 2022	0	8	2862	0
Dec 13 2022	0	8	2862	0
Dec 14 2022	0	8	2862	0
Dec 15 2022	0	8	2861	0
Dec 16 2022	0	8	2861	0
Dec 17 2022	0	8	2861	0
Dec 18 2022	0	8	2861	0
Dec 19 2022	0	8	2861	0
Dec 20 2022	0	8	2861	0
Dec 21 2022	0	8	2861	0
Dec 22 2022	0	8	2861	0
Dec 23 2022	0	8	2861	0
Dec 24 2022	0	8	2861	0
Dec 25 2022	0	8	2861	0
Dec 26 2022	0	8	2861	0
Dec 27 2022	0	8	2861	0
Dec 28 2022	0	8	2861	0
Dec 29 2022	0	8	2861	0
Dec 30 2022	0	8	2861	0
Dec 31 2022	0	8	2861	0
Jan 01 2023	0	8	1413	0
Jan 02 2023	0	8	1413	0
Jan 03 2023	0	8	1413	0
Jan 04 2023	0	8	1413	0
Jan 05 2023	0	8	1413	0
Jan 06 2023	0	8	1413	0
Jan 07 2023	0	8	1413	0
Jan 08 2023	0	8	1413	0
Jan 09 2023	0	8	1413	0
Jan 10 2023	0	8	1413	0
Jan 11 2023	0	8	1413	0
Jan 12 2023	0	8	1413	0
Jan 13 2023	0	8	1413	0
Jan 14 2023	0	8	1413	0
Jan 15 2023	0	7	1413	0
Jan 16 2023	0	7	1413	0
Jan 17 2023	0	7	1413	0
Jan 18 2023	0	7	1413	0
Jan 19 2023	0	7	1413	0
Jan 20 2023	0	7	1413	0
Jan 21 2023	0	7	1413	0
Jan 22 2023	0	7	1413	0
Jan 23 2023	0	7	1413	0
Jan 24 2023	0	7	1413	0
Jan 25 2023	0	7	1413	0
Jan 26 2023	0	7	1413	0
Jan 27 2023	0	7	1413	0
Jan 28 2023	0	7	1413	0
Jan 29 2023	0	7	1413	0
Jan 30 2023	0	7	1412	0
Jan 31 2023	0	7	1412	0
Feb 01 2023	0	4	565	0
Feb 02 2023	0	4	565	0
Feb 03 2023	0	4	565	0
Feb 04 2023	0	4	565	0
Feb 05 2023	0	4	565	0
Feb 06 2023	0	4	565	0
Feb 07 2023	0	4	565	0
Feb 08 2023	0	4	565	0
Feb 09 2023	0	4	565	0
Feb 10 2023	0	4	565	0
Feb 11 2023	0	4	565	0
Feb 12 2023	0	3	565	0
Feb 13 2023	0	3	565	0
Feb 14 2023	0	3	565	0
Feb 15 2023	0	3	565	0
Feb 16 2023	0	3	565	0
Feb 17 2023	0	3	565	0
Feb 18 2023	0	3	565	0
Feb 19 2023	0	3	565	0
Feb 20 2023	0	3	564	0
Feb 21 2023	0	3	564	0
Feb 22 2023	0	3	564	0
Feb 23 2023	0	3	564	0
Feb 24 2023	0	3	564	0
Feb 25 2023	0	3	564	0
Feb 26 2023	0	3	564	0
Feb 27 2023	0	3	564	0
Feb 28 2023	0	3	564	0
Mar 01 2023	0	3	1002	0
Mar 02 2023	0	3	1002	0
Mar 03 2023	0	3	1002	0
Mar 04 2023	0	3	1002	0
Mar 05 2023	0	3	1002	0
Mar 06 2023	0	3	1002	0
Mar 07 2023	0	3	1002	0
Mar 08 2023	0	3	1002	0
Mar 09 2023	0	3	1002	0
Mar 10 2023	0	3	1002	0
Mar 11 2023	0	3	1002	0
Mar 12 2023	0	3	1002	0
Mar 13 2023	0	3	1002	0
Mar 14 2023	0	3	1002	0
Mar 15 2023	0	3	1002	0
Mar 16 2023	0	3	1002	0
Mar 17 2023	0	3	1002	0
Mar 18 2023	0	3	1002	0
Mar 19 2023	0	3	1002	0
Mar 20 2023	0	3	1002	0
Mar 21 2023	0	3	1002	0
Mar 22 2023	0	3	1002	0
Mar 23 2023	0	3	1002	0
Mar 24 2023	0	2	1001	0
Mar 25 2023	0	2	1001	0
Mar 26 2023	0	2	1001	0
Mar 27 2023	0	2	1001	0
Mar 28 2023	0	2	1001	0
Mar 29 2023	0	2	1001	0
Mar 30 2023	0	2	1001	0
Mar 31 2023	0	2	1001	0
Apr 01 2023	0	0	0	0
Apr 02 2023	0	0	0	0
Apr 03 2023	0	0	0	0
Apr 04 2023	0	0	0	0
Apr 05 2023	0	0	0	0
Apr 06 2023	0	0	0	0
Apr 07 2023	0	0	0	0
Apr 08 2023	0	0	0	0
Apr 09 2023	0	0	0	0
Apr 10 2023	0	0	0	0
Apr 11 2023	0	0	0	0
Apr 12 2023	0	0	0	0
Apr 13 2023	0	0	0	0
Apr 14 2023	0	0	0	0
Apr 15 2023	0	0	0	0
Apr 16 2023	0	0	0	0
Apr 17 2023	0	0	0	0
Apr 18 2023	0	0	0	0
Apr 19 2023	0	0	0	0
Apr 20 2023	0	0	0	0
Apr 21 2023	0	0	0	0
Apr 22 2023	0	0	0	0
Apr 23 2023	0	0	0	0
Apr 24 2023	0	0	0	0
Apr 25 2023	0	0	0	0
Apr 26 2023	0	0	0	0
Apr 27 2023	0	0	0	0
Apr 28 2023	0	0	0	0
Apr 29 2023	0	0	0	0
Apr 30 2023	0	0	0	0
May 01 2023	0	0	0	0
May 02 2023	0	0	0	0
May 03 2023	0	0	0	0
May 04 2023	0	0	0	0
May 05 2023	0	0	0	0
May 06 2023	0	0	0	0
May 07 2023	0	0	0	0
May 08 2023	0	0	0	0
May 09 2023	0	0	0	0
May 10 2023	0	0	0	0
May 11 2023	0	0	0	0
May 12 2023	0	0	0	0
May 13 2023	0	0	0	0
May 14 2023	0	0	0	0
May 15 2023	0	0	0	0
May 16 2023	0	0	0	0
May 17 2023	0	0	0	0
May 18 2023	0	0	0	0
May 19 2023	0	0	0	0
May 20 2023	0	0	0	0
May 21 2023	0	0	0	0
May 22 2023	0	0	0	0
May 23 2023	0	0	0	0
May 24 2023	0	0	0	0
May 25 2023	0	0	0	0
May 26 2023	0	0	0	0
May 27 2023	0	0	0	0
May 28 2023	0	0	0	0
May 29 2023	0	0	0	0
May 30 2023	0	0	0	0
May 31 2023	0	0	0	0
Jun 01 2023	0	0	0	0
Jun 02 2023	0	0	0	0
Jun 03 2023	0	0	0	0
Jun 04 2023	0	0	0	0
Jun 05 2023	0	0	0	0
Jun 06 2023	0	0	0	0
Jun 07 2023	0	0	0	0
Jun 08 2023	0	0	0	0
Jun 09 2023	0	0	0	0
Jun 10 2023	0	0	0	0
Jun 11 2023	0	0	0	0
Jun 12 2023	0	0	0	0
Jun 13 2023	0	0	0	0
Jun 14 2023	0	0	0	0
Jun 15 2023	0	0	0	0
Jun 16 2023	0	0	0	0
Jun 17 2023	0	0	0	0
Jun 18 2023	0	0	0	0
Jun 19 2023	0	0	0	0
Jun 20 2023	0	0	0	0
Jun 21 2023	0	0	0	0
Jun 22 2023	0	0	0	0
Jun 23 2023	0	0	0	0
Jun 24 2023	0	0	0	0
Jun 25 2023	0	0	0	0
Jun 26 2023	0	0	0	0
Jun 27 2023	0	0	0	0
Jun 28 2023	0	0	0	0
Jun 29 2023	0	0	0	0
Jun 30 2023	0	0	0	0
Jul 01 2023	0	0	0	0
Jul 02 2023	0	0	0	0
Jul 03 2023	0	0	0	0
Jul 04 2023	0	0	0	0
Jul 05 2023	0	0	0	0
Jul 06 2023	0	0	0	0
Jul 07 2023	0	0	0	0
Jul 08 2023	0	0	0	0
Jul 09 2023	0	0	0	0
Jul 10 2023	0	0	0	0
Jul 11 2023	0	0	0	0
Jul 12 2023	0	0	0	0
Jul 13 2023	0	0	0	0
Jul 14 2023	0	0	0	0
Jul 15 2023	0	0	0	0
Jul 16 2023	0	0	0	0
Jul 17 2023	0	0	0	0
Jul 18 2023	0	0	0	0
Jul 19 2023	0	0	0	0
Jul 20 2023	0	0	0	0
Jul 21 2023	0	0	0	0
Jul 22 2023	0	0	0	0
Jul 23 2023	0	0	0	0
Jul 24 2023	0	0	0	0
Jul 25 2023	0	0	0	0
Jul 26 2023	0	0	0	0
Jul 27 2023	0	0	0	0
Jul 28 2023	0	0	0	0
Jul 29 2023	0	0	0	0
Jul 30 2023	0	0	0	0
Jul 31 2023	0	0	0	0
Aug 01 2023	0	0	0	0
Aug 02 2023	0	0	0	0
Aug 03 2023	0	0	0	0
Aug 04 2023	0	0	0	0
Aug 05 2023	0	0	0	0
Aug 06 2023	0	0	0	0
Aug 07 2023	0	0	0	0
Aug 08 2023	0	0	0	0
Aug 09 2023	0	0	0	0
Aug 10 2023	0	0	0	0
Aug 11 2023	0	0	0	0
Aug 12 2023	0	0	0	0
Aug 13 2023	0	0	0	0
Aug 14 2023	0	0	0	0
Aug 15 2023	0	0	0	0
Aug 16 2023	0	0	0	0
Aug 17 2023	0	0	0	0
Aug 18 2023	0	0	0	0
Aug 19 2023	0	0	0	0
Aug 20 2023	0	0	0	0
Aug 21 2023	0	0	0	0
Aug 22 2023	0	0	0	0
Aug 23 2023	0	0	0	0
Aug 24 2023	0	0	0	0
Aug 25 2023	0	0	0	0
Aug 26 2023	0	0	0	0
Aug 27 2023	0	0	0	0
Aug 28 2023	0	0	0	0
Aug 29 2023	0	0	0	0
Aug 30 2023	0	0	0	0
Aug 31 2023	0	0	0	0
Sep 01 2023	0	0	0	0
Sep 02 2023	0	0	0	0
Sep 03 2023	0	0	0	0
Sep 04 2023	0	0	0	0
Sep 05 2023	0	0	0	0
Sep 06 2023	0	0	0	0
Sep 07 2023	0	0	0	0
Sep 08 2023	0	0	0	0
Sep 09 2023	0	0	0	0
Sep 10 2023	0	0	0	0
Sep 11 2023	0	0	0	0
Sep 12 2023	0	0	0	0
Sep 13 2023	0	0	0	0
Sep 14 2023	0	0	0	0
Sep 15 2023	0	0	0	0
Sep 16 2023	0	0	0	0
Sep 17 2023	0	0	0	0
Sep 18 2023	0	0	0	0
Sep 19 2023	0	0	0	0
Sep 20 2023	0	0	0	0
Sep 21 2023	0	0	0	0
Sep 22 2023	0	0	0	0
Sep 23 2023	0	0	0	0
Sep 24 2023	0	0	0	0
Sep 25 2023	0	0	0	0
Sep 26 2023	0	0	0	0
Sep 27 2023	0	0	0	0
Sep 28 2023	0	0	0	0
Sep 29 2023	0	0	0	0
Sep 30 2023	0	0	0	0
Oct 01 2023	0	0	0	0
Oct 02 2023	0	0	0	0
Oct 03 2023	0	0	0	0
Oct 04 2023	0	0	0	0
Oct 05 2023	0	0	0	0
Oct 06 2023	0	0	0	0
Oct 07 2023	0	0	0	0
Oct 08 2023	0	0	0	0
Oct 09 2023	0	0	0	0
Oct 10 2023	0	0	0	0
Oct 11 2023	0	0	0	0
Oct 12 2023	0	0	0	0
Oct 13 2023	0	0	0	0
Oct 14 2023	0	0	0	0
Oct 15 2023	0	0	0	0
Oct 16 2023	0	0	0	0
Oct 17 2023	0	0	0	0
Oct 18 2023	0	0	0	0
Oct 19 2023	0	0	0	0
Oct 20 2023	0	0	0	0
Oct 21 2023	0	0	0	0
Oct 22 2023	0	0	0	0
Oct 23 2023	0	0	0	0
Oct 24 2023	0	0	0	0
Oct 25 2023	0	0	0	0
Oct 26 2023	0	0	0	0
Oct 27 2023	0	0	0	0
Oct 28 2023	0	0	0	0
Oct 29 2023	0	0	0	0
Oct 30 2023	0	0	0	0
Oct 31 2023	0	0	0	0
Nov 01 2023	0	0	0	0
Nov 02 2023	0	0	0	0
Nov 03 2023	0	0	0	0
Nov 04 2023	0	0	0	0
Nov 05 2023	0	0	0	0
Nov 06 2023	0	0	0	0
Nov 07 2023	0	0	0	0
Nov 08 2023	0	0	0	0
Nov 09 2023	0	0	0	0
Nov 10 2023	0	0	0	0
Nov 11 2023	0	0	0	0
Nov 12 2023	0	0	0	0
Nov 13 2023	0	0	0	0
Nov 14 2023	0	0	0	0
Nov 15 2023	0	0	0	0
Nov 16 2023	0	0	0	0
Nov 17 2023	0	0	0	0
Nov 18 2023	0	0	0	0
Nov 19 2023	0	0	0	0
Nov 20 2023	0	0	0	0
Nov 21 2023	0	0	0	0
Nov 22 2023	0	0	0	0
Nov 23 2023	0	0	0	0
Nov 24 2023	0	0	0	0
Nov 25 2023	0	0	0	0
Nov 26 2023	0	0	0	0
Nov 27 2023	0	0	0	0
Nov 28 2023	0	0	0	0
Nov 29 2023	0	0	0	0
Nov 30 2023	0	0	0	0
Dec 01 2023	0	0	0	0
Dec 02 2023	0	0	0	0
Dec 03 2023	0	0	0	0
Dec 04 2023	0	0	0	0
Dec 05 2023	0	0	0	0
Dec 06 2023	0	0	0	0
Dec 07 2023	0	0	0	0
Dec 08 2023	0	0	0	0
Dec 09 2023	0	0	0	0
Dec 10 2023	0	0	0	0
Dec 11 2023	0	0	0	0
Dec 12 2023	0	0	0	0
Dec 13 2023	0	0	0	0
Dec 14 2023	0	0	0	0
Dec 15 2023	0	0	0	0
Dec 16 2023	0	0	0	0
Dec 17 2023	0	0	0	0
Dec 18 2023	0	0	0	0
Dec 19 2023	0	0	0	0
Dec 20 2023	0	0	0	0
Dec 21 2023	0	0	0	0
Dec 22 2023	0	0	0	0
Dec 23 2023	0	0	0	0
Dec 24 2023	0	0	0	0
Dec 25 2023	0	0	0	0
Dec 26 2023	0	0	0	0
Dec 27 2023	0	0	0	0
Dec 28 2023	0	0	0	0
Dec 29 2023	0	0	0	0
Dec 30 2023	0	0	0	0
Dec 31 2023	0	0	0	0
Jan 01 2024	0	0	0	0
Jan 02 2024	0	0	0	0
Jan 03 2024	0	0	0	0
Jan 04 2024	0	0	0	0
Jan 05 2024	0	0	0	0
Jan 06 2024	0	0	0	0
Jan 07 2024	0	0	0	0
Jan 08 2024	0	0	0	0
Jan 09 2024	0	0	0	0
Jan 10 2024	0	0	0	0
Jan 11 2024	0	0	0	0
Jan 12 2024	0	0	0	0
Jan 13 2024	0	0	0	0
Jan 14 2024	0	0	0	0
Jan 15 2024	0	0	0	0
Jan 16 2024	0	0	0	0
Jan 17 2024	0	0	0	0
Jan 18 2024	0	0	0	0
Jan 19 2024	0	0	0	0
Jan 20 2024	0	0	0	0
Jan 21 2024	0	0	0	0
Jan 22 2024	0	0	0	0
Jan 23 2024	0	0	0	0
Jan 24 2024	0	0	0	0
Jan 25 2024	0	0	0	0
Jan 26 2024	0	0	0	0
Jan 27 2024	0	0	0	0
Jan 28 2024	0	0	0	0
Jan 29 2024	0	0	0	0
Jan 30 2024	0	0	0	0
Jan 31 2024	0	0	0	0
Feb 01 2024	0	0	0	0
Feb 02 2024	0	0	0	0
Feb 03 2024	0	0	0	0
Feb 04 2024	0	0	0	0
Feb 05 2024	0	0	0	0
Feb 06 2024	0	0	0	0
Feb 07 2024	0	0	0	0
Feb 08 2024	0	0	0	0
Feb 09 2024	0	0	0	0
Feb 10 2024	0	0	0	0
Feb 11 2024	0	0	0	0
Feb 12 2024	0	0	0	0
Feb 13 2024	0	0	0	0
Feb 14 2024	0	0	0	0
Feb 15 2024	0	0	0	0
Feb 16 2024	0	0	0	0
Feb 17 2024	0	0	0	0
Feb 18 2024	0	0	0	0
Feb 19 2024	0	0	0	0
Feb 20 2024	0	0	0	0
Feb 21 2024	0	0	0	0
Feb 22 2024	0	0	0	0
Feb 23 2024	0	0	0	0
Feb 24 2024	0	0	0	0
Feb 25 2024	0	0	0	0
Feb 26 2024	0	0	0	0
Feb 27 2024	0	0	0	0
Feb 28 2024	0	0	0	0
Feb 29 2024	0	0	0	0
Mar 01 2024	0	0	0	0
Mar 02 2024	0	0	0	0
Mar 03 2024	0	0	0	0
Mar 04 2024	0	0	0	0
Mar 05 2024	0	0	0	0
Mar 06 2024	0	0	0	0
Mar 07 2024	0	0	0	0
Mar 08 2024	0	0	0	0
Mar 09 2024	0	0	0	0
Mar 10 2024	0	0	0	0
Mar 11 2024	0	0	0	0
Mar 12 2024	0	0	0	0
Mar 13 2024	0	0	0	0
Mar 14 2024	0	0	0	0
Mar 15 2024	0	0	0	0
Mar 16 2024	0	0	0	0
Mar 17 2024	0	0	0	0
Mar 18 2024	0	0	0	0
Mar 19 2024	0	0	0	0
Mar 20 2024	0	0	0	0
Mar 21 2024	0	0	0	0
Mar 22 2024	0	0	0	0
Mar 23 2024	0	0	0	0
Mar 24 2024	0	0	0	0
Mar 25 2024	0	0	0	0
Mar 26 2024	0	0	0	0
Mar 27 2024	0	0	0	0
