Date	Active Cases	Daily Death	New cases	Recoverd Cases
Feb 15 2020	22	0	0	0
Feb 16 2020	22	0	0	0
Feb 17 2020	22	0	0	0
Feb 18 2020	23	0	1	0
Feb 19 2020	23	0	0	0
Feb 20 2020	23	0	0	0
Feb 21 2020	23	0	0	0
Feb 22 2020	25	0	2	0
Feb 23 2020	24	1	0	0
Feb 24 2020	30	0	6	0
Feb 25 2020	32	0	2	0
Feb 26 2020	35	0	3	0
Feb 27 2020	37	0	2	0
Feb 28 2020	45	0	8	0
Feb 29 2020	57	0	12	0
Mar 01 2020	61	0	4	0
Mar 02 2020	81	0	20	0
Mar 03 2020	121	1	41	0
Mar 04 2020	179	0	58	0
Mar 05 2020	224	1	56	0
Mar 06 2020	271	2	49	0
Mar 07 2020	352	2	83	0
Mar 08 2020	420	0	68	0
Mar 09 2020	473	2	55	0
Mar 10 2020	616	5	148	0
Mar 11 2020	878	3	265	0
Mar 12 2020	1274	7	403	0
Mar 13 2020	1745	13	484	0
Mar 14 2020	2207	16	478	0
Mar 15 2020	2536	21	352	0
Mar 16 2020	2915	30	441	0
Mar 17 2020	3454	50	602	0
Mar 18 2020	4179	58	783	0
Mar 19 2020	5090	73	984	0
Mar 20 2020	6051	79	1040	0
Mar 21 2020	7158	118	1253	0
Mar 22 2020	8198	143	1183	0
Mar 23 2020	9334	183	1361	0
Mar 24 2020	11417	206	2289	0
Mar 25 2020	13507	263	2353	0
Mar 26 2020	15836	337	2666	0
Mar 27 2020	18465	410	3039	0
Mar 28 2020	21157	463	3155	0
Mar 29 2020	23415	516	2774	0
Mar 30 2020	25648	585	2818	0
Mar 31 2020	29133	710	4195	0
Apr 01 2020	32769	827	4463	0
Apr 02 2020	36738	922	4891	0
Apr 03 2020	40556	1006	4824	0
Apr 04 2020	44353	1056	4853	0
Apr 05 2020	47183	1146	3976	0
Apr 06 2020	49520	1219	3556	0
Apr 07 2020	53625	1168	5273	0
Apr 08 2020	57810	1292	5477	0
Apr 09 2020	61497	1459	5146	0
Apr 10 2020	64792	1371	4875	0
Apr 11 2020	67800	1319	4327	0
Apr 12 2020	70023	1362	3585	0
Apr 13 2020	72154	1376	3507	0
Apr 14 2020	75127	1230	4203	0
Apr 15 2020	78210	1252	4335	0
Apr 16 2020	82005	1275	5070	0
Apr 17 2020	85977	1320	5292	0
Apr 18 2020	89687	1267	4977	0
Apr 19 2020	93243	1188	4744	0
Apr 20 2020	96002	1122	3881	0
Apr 21 2020	99284	1159	4441	0
Apr 22 2020	102998	1082	4796	0
Apr 23 2020	107414	1101	5517	0
Apr 24 2020	111543	1037	5166	0
Apr 25 2020	115500	1004	4961	0
Apr 26 2020	118339	918	3757	0
Apr 27 2020	120921	894	3476	0
Apr 28 2020	124794	866	4739	0
Apr 29 2020	128713	800	4719	0
Apr 30 2020	133329	817	5433	0
May 01 2020	137510	780	4961	0
May 02 2020	141491	785	4766	0
May 03 2020	144044	705	3258	0
May 04 2020	146385	661	3002	0
May 05 2020	149107	676	3398	0
May 06 2020	152151	642	3686	0
May 07 2020	155356	627	3832	0
May 08 2020	158514	629	3787	0
May 09 2020	161010	568	3064	0
May 10 2020	162641	539	2170	0
May 11 2020	164485	493	2337	0
May 12 2020	167670	427	3612	0
May 13 2020	170639	441	3410	0
May 14 2020	173515	454	3330	0
May 15 2020	175680	465	2630	0
May 16 2020	177789	421	2530	0
May 17 2020	179452	419	2082	0
May 18 2020	180912	377	1837	0
May 19 2020	183086	407	2581	0
May 20 2020	185778	371	3063	0
May 21 2020	188144	353	2719	0
May 22 2020	186773	342	2567	0
May 23 2020	185207	300	2057	0
May 24 2020	183658	284	1532	0
May 25 2020	179693	281	1373	0
May 26 2020	177873	279	1625	0
May 27 2020	177027	299	2070	0
May 28 2020	174208	281	1825	0
May 29 2020	172234	288	1757	0
May 30 2020	166240	254	1531	0
May 31 2020	162701	219	1132	0
Jun 01 2020	159036	195	1080	0
Jun 02 2020	156537	199	1439	0
Jun 03 2020	153601	233	1492	0
Jun 04 2020	151040	203	1369	0
Jun 05 2020	148299	183	1249	0
Jun 06 2020	144493	184	1123	0
Jun 07 2020	140567	151	804	0
Jun 08 2020	135926	163	722	0
Jun 09 2020	132778	161	1099	0
Jun 10 2020	130382	137	1165	0
Jun 11 2020	127688	166	1196	0
Jun 12 2020	124712	121	1013	0
Jun 13 2020	121059	135	1053	0
Jun 14 2020	117623	101	886	0
Jun 15 2020	114655	136	826	0
Jun 16 2020	111793	107	1045	0
Jun 17 2020	109280	120	1103	0
Jun 18 2020	106924	105	1017	0
Jun 19 2020	102736	89	1022	0
Jun 20 2020	98293	88	993	0
Jun 21 2020	94684	87	683	0
Jun 22 2020	91382	80	636	0
Jun 23 2020	88682	83	899	0
Jun 24 2020	85713	97	883	0
Jun 25 2020	81102	101	777	0
Jun 26 2020	76773	108	726	0
Jun 27 2020	73401	79	666	0
Jun 28 2020	70603	73	653	0
Jun 29 2020	67489	70	449	0
Jun 30 2020	64679	69	724	0
Jul 01 2020	62326	81	623	0
Jul 02 2020	60145	54	652	0
Jul 03 2020	57650	61	606	0
Jul 04 2020	55078	48	568	0
Jul 05 2020	52403	52	399	0
Jul 06 2020	49741	52	558	0
Jul 07 2020	47975	54	714	0
Jul 08 2020	46470	43	609	0
Jul 09 2020	45870	47	713	0
Jul 10 2020	44237	61	722	0
Jul 11 2020	41862	44	568	0
Jul 12 2020	39676	38	458	0
Jul 13 2020	37865	32	366	0
Jul 14 2020	37102	45	740	0
Jul 15 2020	36039	42	705	0
Jul 16 2020	35039	41	777	0
Jul 17 2020	34122	21	712	0
Jul 18 2020	32850	34	582	0
Jul 19 2020	31911	31	505	0
Jul 20 2020	30612	24	448	0
Jul 21 2020	30010	31	830	0
Jul 22 2020	29321	31	788	0
Jul 23 2020	28507	34	816	0
Jul 24 2020	27683	36	808	0
Jul 25 2020	26991	19	774	0
Jul 26 2020	26123	23	530	0
Jul 27 2020	25472	32	563	0
Jul 28 2020	25242	18	869	0
Jul 29 2020	24547	26	856	0
Jul 30 2020	24729	28	1062	0
Jul 31 2020	24543	17	946	0
Aug 01 2020	23848	31	698	0
Aug 02 2020	23113	20	559	0
Aug 03 2020	22297	17	564	0
Aug 04 2020	22465	23	1060	0
Aug 05 2020	22392	27	1066	0
Aug 06 2020	22486	13	1091	0
Aug 07 2020	22490	21	1105	0
Aug 08 2020	22246	24	973	0
Aug 09 2020	21770	22	710	0
Aug 10 2020	21283	19	627	0
Aug 11 2020	21899	25	1499	0
Aug 12 2020	22448	20	1378	0
Aug 13 2020	23092	24	1242	0
Aug 14 2020	23221	23	1156	0
Aug 15 2020	23169	18	1185	0
Aug 16 2020	23069	23	714	0
Aug 17 2020	22848	15	602	0
Aug 18 2020	23391	21	1298	0
Aug 19 2020	23889	15	1116	0
Aug 20 2020	24441	13	1282	0
Aug 21 2020	25347	16	1498	0
Aug 22 2020	26052	10	1218	0
Aug 23 2020	26269	12	842	0
Aug 24 2020	26570	17	831	0
Aug 25 2020	27509	9	1300	0
Aug 26 2020	28192	22	1270	0
Aug 27 2020	28946	16	1388	0
Aug 28 2020	29899	12	1591	0
Aug 29 2020	31018	12	1632	0
Aug 30 2020	31421	8	1230	0
Aug 31 2020	31935	11	1171	0
Sep 01 2020	32917	18	1513	0
Sep 02 2020	34810	11	2288	0
Sep 03 2020	37354	15	3077	0
Sep 04 2020	39874	9	3152	0
Sep 05 2020	42275	15	3092	0
Sep 06 2020	43988	14	2551	0
Sep 07 2020	45719	13	2465	0
Sep 08 2020	49049	24	3931	0
Sep 09 2020	51970	16	3370	0
Sep 10 2020	54777	14	3365	0
Sep 11 2020	57626	16	3628	0
Sep 12 2020	60165	19	3324	0
Sep 13 2020	62063	23	2670	0
Sep 14 2020	63458	20	2154	0
Sep 15 2020	66184	21	3428	0
Sep 16 2020	69144	26	3551	0
Sep 17 2020	72765	31	4399	0
Sep 18 2020	76568	38	4675	0
Sep 19 2020	80640	30	4973	0
Sep 20 2020	84745	25	4889	0
Sep 21 2020	89303	40	5340	0
Sep 22 2020	93974	30	5627	0
Sep 23 2020	99709	39	6441	0
Sep 24 2020	105866	58	7096	0
Sep 25 2020	112577	34	7682	0
Sep 26 2020	118994	40	7318	0
Sep 27 2020	125011	47	6810	0
Sep 28 2020	130918	56	7023	0
Sep 29 2020	140033	55	9983	0
Sep 30 2020	149235	48	10366	0
Oct 01 2020	160890	61	12717	0
Oct 02 2020	173061	71	13357	0
Oct 03 2020	185407	74	13854	0
Oct 04 2020	195936	70	11667	0
Oct 05 2020	206791	63	11953	0
Oct 06 2020	222772	68	16753	0
Oct 07 2020	238876	84	17250	0
Oct 08 2020	256547	110	18573	0
Oct 09 2020	273714	97	18425	0
Oct 10 2020	288505	96	15893	0
Oct 11 2020	299785	107	12648	0
Oct 12 2020	310717	128	12202	0
Oct 13 2020	329426	120	19671	0
Oct 14 2020	347276	119	19116	0
Oct 15 2020	366063	122	19920	0
Oct 16 2020	383035	152	18606	0
Oct 17 2020	399547	162	17915	0
Oct 18 2020	413169	186	14882	0
Oct 19 2020	425615	167	14311	0
Oct 20 2020	449901	193	25872	0
Oct 21 2020	474080	210	25613	0
Oct 22 2020	498125	232	25714	0
Oct 23 2020	519682	242	23475	0
Oct 24 2020	539277	225	21694	0
Oct 25 2020	553728	219	16434	0
Oct 26 2020	566413	255	15895	0
Oct 27 2020	590009	282	26807	0
Oct 28 2020	611691	285	24351	0
Oct 29 2020	632722	281	23901	0
Oct 30 2020	653174	320	23614	0
Oct 31 2020	672260	352	22890	0
Nov 01 2020	685177	340	16673	0
Nov 02 2020	697523	359	15970	0
Nov 03 2020	726541	338	31925	0
Nov 04 2020	749145	377	25943	0
Nov 05 2020	768978	340	24027	0
Nov 06 2020	789397	387	24063	0
Nov 07 2020	808453	417	23659	0
Nov 08 2020	822436	417	18766	0
Nov 09 2020	838159	432	20244	0
Nov 10 2020	864821	491	31510	0
Nov 11 2020	887362	410	27789	0
Nov 12 2020	908002	409	27757	0
Nov 13 2020	925230	430	24826	0
Nov 14 2020	941874	450	24388	0
Nov 15 2020	952233	459	18223	0
Nov 16 2020	960448	456	16233	0
Nov 17 2020	982409	431	26952	0
Nov 18 2020	996682	466	23488	0
Nov 19 2020	1007397	514	21076	0
Nov 20 2020	1014186	485	18041	0
Nov 21 2020	1019321	485	17100	0
Nov 22 2020	1024612	498	12533	0
Nov 23 2020	1028176	512	11895	0
Nov 24 2020	1034235	507	19024	0
Nov 25 2020	1036273	496	16679	0
Nov 26 2020	1038918	499	16814	0
Nov 27 2020	1036056	461	14761	0
Nov 28 2020	1036643	459	14554	0
Nov 29 2020	1032492	484	11086	0
Nov 30 2020	1030127	501	10852	0
Dec 01 2020	1034084	465	18198	0
Dec 02 2020	1033644	422	16684	0
Dec 03 2020	1030779	414	16676	0
Dec 04 2020	1027734	503	15860	0
Dec 05 2020	1027796	498	15834	0
Dec 06 2020	1024574	407	12893	0
Dec 07 2020	1021056	436	13731	0
Dec 08 2020	1023584	466	21584	0
Dec 09 2020	1023445	472	21065	0
Dec 10 2020	1018751	448	21909	0
Dec 11 2020	1020429	496	22916	0
Dec 12 2020	1024308	491	24390	0
Dec 13 2020	1020737	488	19588	0
Dec 14 2020	1023131	480	22266	0
Dec 15 2020	1037138	506	35197	0
Dec 16 2020	1048733	506	34378	0
Dec 17 2020	1059671	484	35427	0
Dec 18 2020	1070973	567	34437	0
Dec 19 2020	1082922	586	36419	0
Dec 20 2020	1086527	548	25589	0
Dec 21 2020	1096002	550	33066	0
Dec 22 2020	1124848	601	48192	0
Dec 23 2020	1151280	628	46475	0
Dec 24 2020	1169061	629	42936	0
Dec 25 2020	1177110	616	32392	0
Dec 26 2020	1168091	655	14419	0
Dec 27 2020	1183950	691	41110	0
Dec 28 2020	1211412	717	48520	0
Dec 29 2020	1235920	722	46408	0
Dec 30 2020	1298502	712	83090	0
Dec 31 2020	1347486	760	72161	0
Jan 01 2021	1367657	822	53947	0
Jan 02 2021	1372456	807	32482	0
Jan 03 2021	1406937	832	61654	0
Jan 04 2021	1437648	806	56335	0
Jan 05 2021	1493593	896	77972	0
Jan 06 2021	1539713	973	66638	0
Jan 07 2021	1578487	1013	58784	0
Jan 08 2021	1630621	1053	53187	0
Jan 09 2021	1635528	1052	48105	0
Jan 10 2021	1674472	1091	40035	0
Jan 11 2021	1710474	1172	37174	0
Jan 12 2021	1767822	1244	58592	0
Jan 13 2021	1817151	1318	50647	0
Jan 14 2021	1862354	1306	46509	0
Jan 15 2021	1807798	1341	43472	0
Jan 16 2021	1832476	1322	41452	0
Jan 17 2021	1846681	1415	31250	0
Jan 18 2021	1863074	1360	29592	0
Jan 19 2021	1895705	1398	45957	0
Jan 20 2021	1921727	1487	40525	0
Jan 21 2021	1941143	1382	35986	0
Jan 22 2021	1958383	1347	32502	0
Jan 23 2021	1971694	1334	30330	0
Jan 24 2021	1977658	1287	22344	0
Jan 25 2021	1977155	1239	17554	0
Jan 26 2021	1992364	1262	30737	0
Jan 27 2021	2007470	1172	27730	0
Jan 28 2021	2032541	1232	26303	0
Jan 29 2021	2056090	1224	24773	0
Jan 30 2021	2077368	1156	22434	0
Jan 31 2021	2093510	1025	17167	0
Feb 01 2021	2014263	994	15783	0
Feb 02 2021	2016498	1003	22972	0
Feb 03 2021	2018594	962	20265	0
Feb 04 2021	2013935	976	19914	0
Feb 05 2021	1997467	826	18493	0
Feb 06 2021	1985678	869	16307	0
Feb 07 2021	1971454	787	12320	0
Feb 08 2021	1947109	752	11664	0
Feb 09 2021	1929760	779	16194	0
Feb 10 2021	1908070	721	14225	0
Feb 11 2021	1883841	711	13899	0
Feb 12 2021	1858559	675	13139	0
Feb 13 2021	1839173	635	12573	0
Feb 14 2021	1812438	586	9035	0
Feb 15 2021	1790940	602	8995	0
Feb 16 2021	1764268	614	14735	0
Feb 17 2021	1725135	568	12939	0
Feb 18 2021	1688275	504	11942	0
Feb 19 2021	1644894	521	11793	0
Feb 20 2021	1603114	469	10728	0
Feb 21 2021	1554450	452	8313	0
Feb 22 2021	1507734	411	8098	0
Feb 23 2021	1460635	378	11657	0
Feb 24 2021	1410552	379	9763	0
Feb 25 2021	1358033	366	8847	0
Feb 26 2021	1313999	355	8024	0
Feb 27 2021	1253439	303	6782	0
Feb 28 2021	1198971	308	4949	0
Mar 01 2021	1148997	280	4873	0
Mar 02 2021	1110057	296	7192	0
Mar 03 2021	1116732	243	6918	0
Mar 04 2021	1031842	218	6172	0
Mar 05 2021	989542	234	5937	0
Mar 06 2021	939789	222	5467	0
Mar 07 2021	944208	209	4628	0
Mar 08 2021	869357	197	4410	0
Mar 09 2021	838745	197	6890	0
Mar 10 2021	812494	184	6488	0
Mar 11 2021	780417	161	6250	0
Mar 12 2021	748740	173	5933	0
Mar 13 2021	717906	135	5717	0
Mar 14 2021	685735	135	4381	0
Mar 15 2021	660232	138	4425	0
Mar 16 2021	644780	139	6703	0
Mar 17 2021	630989	114	5863	0
Mar 18 2021	611975	127	5978	0
Mar 19 2021	589150	100	5632	0
Mar 20 2021	565493	104	5180	0
Mar 21 2021	546654	101	4247	0
Mar 22 2021	522547	127	5390	0
Mar 23 2021	453360	107	6459	0
Mar 24 2021	398383	95	5484	0
Mar 25 2021	349743	70	6224	0
Mar 26 2021	347633	79	5616	0
Mar 27 2021	342462	75	4567	0
Mar 28 2021	335572	65	3731	0
Mar 29 2021	327913	50	5030	0
Mar 30 2021	320091	71	4196	0
Mar 31 2021	311884	56	3779	0
Apr 01 2021	305468	73	3966	0
Apr 02 2021	299341	63	3674	0
Apr 03 2021	291457	50	2747	0
Apr 04 2021	285482	42	2508	0
Apr 05 2021	277974	53	2412	0
Apr 06 2021	270753	45	2744	0
Apr 07 2021	265581	45	3313	0
Apr 08 2021	261439	46	3253	0
Apr 09 2021	258573	61	3147	0
Apr 10 2021	256094	38	2953	0
Apr 11 2021	252071	43	2380	0
Apr 12 2021	248058	41	2376	0
Apr 13 2021	244378	38	2881	0
Apr 14 2021	240940	47	2495	0
Apr 15 2021	237430	35	2512	0
Apr 16 2021	234608	43	2345	0
Apr 17 2021	232264	32	2347	0
Apr 18 2021	228210	42	1722	0
Apr 19 2021	224863	31	2584	0
Apr 20 2021	220965	22	2738	0
Apr 21 2021	216990	35	2541	0
Apr 22 2021	214236	36	2708	0
Apr 23 2021	212109	33	2409	0
Apr 24 2021	209127	29	2020	0
Apr 25 2021	205471	24	1564	0
Apr 26 2021	201904	27	2119	0
Apr 27 2021	198325	21	2626	0
Apr 28 2021	195785	25	2178	0
Apr 29 2021	192789	21	2499	0
Apr 30 2021	189792	17	2230	0
May 01 2021	186355	16	1825	0
May 02 2021	182775	16	1433	0
May 03 2021	178764	19	1521	0
May 04 2021	174717	17	2084	0
May 05 2021	171752	15	2553	0
May 06 2021	169675	22	2569	0
May 07 2021	168201	17	2326	0
May 08 2021	165592	18	1982	0
May 09 2021	163211	20	1609	0
May 10 2021	161527	11	2307	0
May 11 2021	159943	8	2809	0
May 12 2021	158915	21	2329	0
May 13 2021	157878	15	2335	0
May 14 2021	157801	15	2182	0
May 15 2021	157014	14	1938	0
May 16 2021	156291	15	1628	0
May 17 2021	155486	14	1923	0
May 18 2021	155358	13	2858	0
May 19 2021	155062	11	2812	0
May 20 2021	155325	4	2813	0
May 21 2021	156138	7	2517	0
May 22 2021	154979	18	2367	0
May 23 2021	154543	4	2000	0
May 24 2021	154401	16	2326	0
May 25 2021	155158	16	3369	0
May 26 2021	155890	11	3427	0
May 27 2021	157651	14	3922	0
May 28 2021	159560	8	3747	0
May 29 2021	160245	14	3589	0
May 30 2021	160772	12	3000	0
May 31 2021	161587	9	3164	0
Jun 01 2021	162807	11	3897	0
Jun 02 2021	165623	10	5431	0
Jun 03 2021	169781	12	6168	0
Jun 04 2021	174358	16	6258	0
Jun 05 2021	178186	14	5861	0
Jun 06 2021	180396	7	4731	0
Jun 07 2021	183912	13	5534	0
Jun 08 2021	189557	6	7946	0
Jun 09 2021	195204	15	7896	0
Jun 10 2021	201761	17	8210	0
Jun 11 2021	208318	16	8043	0
Jun 12 2021	214492	13	7619	0
Jun 13 2021	219059	12	6284	0
Jun 14 2021	224274	12	7135	0
Jun 15 2021	232219	13	10362	0
Jun 16 2021	240674	21	10800	0
Jun 17 2021	249970	16	11052	0
Jun 18 2021	259556	9	11106	0
Jun 19 2021	267781	17	10320	0
Jun 20 2021	274058	20	8447	0
Jun 21 2021	282112	22	10087	0
Jun 22 2021	295921	13	16308	0
Jun 23 2021	311283	18	17402	0
Jun 24 2021	327870	9	18351	0
Jun 25 2021	344650	29	18714	0
Jun 26 2021	316685	22	18169	0
Jun 27 2021	328651	17	16301	0
Jun 28 2021	341858	24	18502	0
Jun 29 2021	364044	18	28418	0
Jun 30 2021	386468	24	28199	0
Jul 01 2021	410046	26	28923	0
Jul 02 2021	433156	28	28794	0
Jul 03 2021	453433	31	26339	0
Jul 04 2021	469888	31	24010	0
Jul 05 2021	487645	30	25170	0
Jul 06 2021	514450	27	34919	0
Jul 07 2021	542771	35	36060	0
Jul 08 2021	573879	35	38597	0
Jul 09 2021	600145	42	34020	0
Jul 10 2021	625258	53	32804	0
Jul 11 2021	644564	45	28379	0
Jul 12 2021	664033	35	30503	0
Jul 13 2021	698077	42	44511	0
Jul 14 2021	735463	50	47707	0
Jul 15 2021	781106	47	54910	0
Jul 16 2021	832469	54	62000	0
Jul 17 2021	876096	55	55264	0
Jul 18 2021	898515	59	38476	0
Jul 19 2021	918136	72	36182	0
Jul 20 2021	951042	87	47924	0
Jul 21 2021	972900	68	39876	0
Jul 22 2021	993912	60	35548	0
Jul 23 2021	1002687	86	31278	0
Jul 24 2021	1010468	83	27817	0
Jul 25 2021	1007647	68	22852	0
Jul 26 2021	1002217	73	22187	0
Jul 27 2021	1005495	79	29981	0
Jul 28 2021	1010578	76	29582	0
Jul 29 2021	1016961	84	30237	0
Jul 30 2021	1018547	88	28432	0
Jul 31 2021	1015020	105	24749	0
Aug 01 2021	1003570	91	20570	0
Aug 02 2021	992433	97	20985	0
Aug 03 2021	987102	92	29840	0
Aug 04 2021	985697	80	30473	0
Aug 05 2021	986751	92	32338	0
Aug 06 2021	984488	101	31660	0
Aug 07 2021	976478	98	28035	0
Aug 08 2021	957309	106	22540	0
Aug 09 2021	932224	83	22887	0
Aug 10 2021	913143	84	32162	0
Aug 11 2021	890482	85	31518	0
Aug 12 2021	876198	88	33350	0
Aug 13 2021	868548	106	31726	0
Aug 14 2021	851639	98	28974	0
Aug 15 2021	833168	103	25057	0
Aug 16 2021	819117	91	25327	0
Aug 17 2021	820253	89	36907	0
Aug 18 2021	826847	102	37920	0
Aug 19 2021	836701	111	38739	0
Aug 20 2021	848510	115	36501	0
Aug 21 2021	857507	127	32231	0
Aug 22 2021	858662	116	28536	0
Aug 23 2021	856568	128	28743	0
Aug 24 2021	867035	120	39715	0
Aug 25 2021	878871	118	37682	0
Aug 26 2021	893494	106	38777	0
Aug 27 2021	909454	125	37613	0
Aug 28 2021	921874	139	33745	0
Aug 29 2021	920461	134	27601	0
Aug 30 2021	916639	139	26136	0
Aug 31 2021	919865	108	34774	0
Sep 01 2021	936807	128	45212	0
Sep 02 2021	953237	125	43532	0
Sep 03 2021	970692	136	42328	0
Sep 04 2021	986130	151	38633	0
Sep 05 2021	988604	145	31810	0
Sep 06 2021	987553	163	31803	0
Sep 07 2021	1000146	157	44929	0
Sep 08 2021	1009532	165	38619	0
Sep 09 2021	1018896	143	35849	0
Sep 10 2021	1024651	180	33974	0
Sep 11 2021	1027279	150	29187	0
Sep 12 2021	1017109	145	23533	0
Sep 13 2021	1004800	141	24060	0
Sep 14 2021	1002463	118	34658	0
Sep 15 2021	1002108	170	31435	0
Sep 16 2021	1000503	168	30414	0
Sep 17 2021	998585	162	29710	0
Sep 18 2021	997521	184	29479	0
Sep 19 2021	988560	137	26645	0
Sep 20 2021	981575	137	31084	0
Sep 21 2021	984606	159	40768	0
Sep 22 2021	991319	139	38848	0
Sep 23 2021	995126	158	36756	0
Sep 24 2021	1004784	149	35851	0
Sep 25 2021	1004869	139	32108	0
Sep 26 2021	998088	127	28567	0
Sep 27 2021	992415	111	32083	0
Sep 28 2021	992563	127	41589	0
Sep 29 2021	991950	121	36548	0
Sep 30 2021	990159	141	34837	0
Oct 01 2021	982001	129	32604	0
Oct 02 2021	974179	139	29058	0
Oct 03 2021	962139	117	26316	0
Oct 04 2021	956813	106	32059	0
Oct 05 2021	963563	113	43733	0
Oct 06 2021	973788	135	39279	0
Oct 07 2021	984427	114	39264	0
Oct 08 2021	992634	133	38465	0
Oct 09 2021	1002178	122	35612	0
Oct 10 2021	1004345	121	32306	0
Oct 11 2021	1014315	114	36418	0
Oct 12 2021	1032572	138	50304	0
Oct 13 2021	1051232	136	48321	0
Oct 14 2021	1069993	137	47775	0
Oct 15 2021	1081058	161	46419	0
Oct 16 2021	1093669	140	43560	0
Oct 17 2021	1097835	150	37878	0
Oct 18 2021	1105486	141	43752	0
Oct 19 2021	1126950	139	57743	0
Oct 20 2021	1148981	142	52529	0
Oct 21 2021	1168892	154	51661	0
Oct 22 2021	1176933	164	45194	0
Oct 23 2021	1184176	150	40664	0
Oct 24 2021	1183326	172	35103	0
Oct 25 2021	1183362	167	35764	0
Oct 26 2021	1196190	149	47466	0
Oct 27 2021	1208839	178	42124	0
Oct 28 2021	1222364	177	43045	0
Oct 29 2021	1229643	199	41390	0
Oct 30 2021	1237096	185	40251	0
Oct 31 2021	1231833	165	33569	0
Nov 01 2021	1226905	195	34814	0
Nov 02 2021	1231333	190	45109	0
Nov 03 2021	1235309	165	38019	0
Nov 04 2021	1237722	184	35986	0
Nov 05 2021	1232070	169	33662	0
Nov 06 2021	1224700	166	30318	0
Nov 07 2021	1209851	170	27436	0
Nov 08 2021	1195845	160	30586	0
Nov 09 2021	1195628	161	44126	0
Nov 10 2021	1194933	157	42246	0
Nov 11 2021	1193236	168	42942	0
Nov 12 2021	1185563	158	40999	0
Nov 13 2021	1180151	145	37763	0
Nov 14 2021	1164159	152	32885	0
Nov 15 2021	1148177	134	35532	0
Nov 16 2021	1150418	171	50948	0
Nov 17 2021	1152449	166	46430	0
Nov 18 2021	1158605	127	45895	0
Nov 19 2021	1166399	131	44062	0
Nov 20 2021	1165473	142	39606	0
Nov 21 2021	1157377	143	35335	0
Nov 22 2021	1194506	121	37250	0
Nov 23 2021	1205738	131	50733	0
Nov 24 2021	1210913	149	48197	0
Nov 25 2021	1216785	123	46772	0
Nov 26 2021	1222610	141	43425	0
Nov 27 2021	1222399	132	39330	0
Nov 28 2021	1222357	124	33303	0
Nov 29 2021	1221201	143	39706	0
Nov 30 2021	1240558	144	56289	0
Dec 01 2021	1262709	122	55695	0
Dec 02 2021	1287246	138	54820	0
Dec 03 2021	1307504	123	50319	0
Dec 04 2021	1320959	147	45667	0
Dec 05 2021	1327086	162	38784	0
Dec 06 2021	1329467	117	41051	0
Dec 07 2021	1347499	143	59694	0
Dec 08 2021	1363934	131	56258	0
Dec 09 2021	1384853	133	58827	0
Dec 10 2021	1405764	132	56995	0
Dec 11 2021	1418822	122	52492	0
Dec 12 2021	1430329	109	48594	0
Dec 13 2021	1445443	137	53158	0
Dec 14 2021	1486268	112	87169	0
Dec 15 2021	1545511	150	102788	0
Dec 16 2021	1617661	119	112703	0
Dec 17 2021	1684314	118	106055	0
Dec 18 2021	1735885	131	95897	0
Dec 19 2021	1783160	107	88883	0
Dec 20 2021	1828992	115	89133	0
Dec 21 2021	1916267	134	133966	0
Dec 22 2021	2017067	111	150293	0
Dec 23 2021	2139602	136	161560	0
Dec 24 2021	2258779	135	160633	0
Dec 25 2021	2354609	117	137268	0
Dec 26 2021	2383540	111	70363	0
Dec 27 2021	2458387	116	116287	0
Dec 28 2021	2600023	133	195011	0
Dec 29 2021	2762667	162	212469	0
Dec 30 2021	2993188	132	272798	0
Dec 31 2021	3186568	176	236576	0
Jan 01 2022	3324444	155	188567	0
Jan 02 2022	3397532	176	118275	0
Jan 03 2022	3528044	170	181068	0
Jan 04 2022	3707805	178	229901	0
Jan 05 2022	3926197	204	275647	0
Jan 06 2022	4095133	182	222174	0
Jan 07 2022	4219971	222	172980	0
Jan 08 2022	4286336	228	120287	0
Jan 09 2022	4321179	215	93615	0
Jan 10 2022	4339116	240	95790	0
Jan 11 2022	4384469	244	132959	0
Jan 12 2022	4407576	232	115245	0
Jan 13 2022	4421383	239	103219	0
Jan 14 2022	4435804	243	96412	0
Jan 15 2022	4431221	235	86325	0
Jan 16 2022	4419105	259	77950	0
Jan 17 2022	4408525	256	98097	0
Jan 18 2022	4420378	232	131514	0
Jan 19 2022	4417710	233	118857	0
Jan 20 2022	4416698	221	111760	0
Jan 21 2022	4410256	201	100324	0
Jan 22 2022	4404447	248	91730	0
Jan 23 2022	4318314	224	81733	0
Jan 24 2022	4237865	218	102365	0
Jan 25 2022	4176724	229	127364	0
Jan 26 2022	4101665	193	113202	0
Jan 27 2022	4029604	196	108668	0
Jan 28 2022	3977736	220	96201	0
Jan 29 2022	3904405	202	84026	0
Jan 30 2022	3759656	181	73512	0
Jan 31 2022	3248748	190	87702	0
Feb 01 2022	2756074	207	105051	0
Feb 02 2022	2849816	207	93949	0
Feb 03 2022	2787472	188	88418	0
Feb 04 2022	2718270	191	76644	0
Feb 05 2022	2636034	160	63264	0
Feb 06 2022	2563660	172	52305	0
Feb 07 2022	2490524	158	60552	0
Feb 08 2022	2453760	140	76483	0
Feb 09 2022	2420102	158	69661	0
Feb 10 2022	2399703	144	64339	0
Feb 11 2022	2289984	124	52293	0
Feb 12 2022	2246516	141	44559	0
Feb 13 2022	2185285	144	37529	0
Feb 14 2022	2114109	127	41755	0
Feb 15 2022	2056325	158	54745	0
Feb 16 2022	2021000	133	52502	0
Feb 17 2022	1952920	133	51572	0
Feb 18 2022	1939879	124	44716	0
Feb 19 2022	1880743	128	33241	0
Feb 20 2022	1816939	122	34647	0
Feb 21 2022	1747736	127	37720	0
Feb 22 2022	1691367	110	45132	0
Feb 23 2022	1637077	120	39188	0
Feb 24 2022	1597126	119	36476	0
Feb 25 2022	1562554	127	30631	0
Feb 26 2022	1491427	120	27837	0
Feb 27 2022	1417569	103	25089	0
Feb 28 2022	1350101	119	31360	0
Mar 01 2022	1307081	105	44649	0
Mar 02 2022	1270785	106	44795	0
Mar 03 2022	1235833	146	46179	0
Mar 04 2022	1198504	105	43761	0
Mar 05 2022	1158815	112	41408	0
Mar 06 2022	1116488	101	38759	0
Mar 07 2022	1084569	95	49026	0
Mar 08 2022	1089247	123	68520	0
Mar 09 2022	1107592	119	70112	0
Mar 10 2022	1136891	106	73531	0
Mar 11 2022	1160452	114	70510	0
Mar 12 2022	1177876	120	67030	0
Mar 13 2022	1190345	123	62078	0
Mar 14 2022	1215886	112	75739	0
Mar 15 2022	1264321	141	99834	0
Mar 16 2022	1313570	122	93708	0
Mar 17 2022	1372144	146	91751	0
Mar 18 2022	1420415	136	82853	0
Mar 19 2022	1455000	171	75285	0
Mar 20 2022	1481723	165	67417	0
Mar 21 2022	1521267	175	81054	0
Mar 22 2022	1594148	163	109286	0
Mar 23 2022	1662591	167	99095	0
Mar 24 2022	1728960	158	94185	0
Mar 25 2022	1786747	166	82905	0
Mar 26 2022	1858995	182	72430	0
Mar 27 2022	1860045	162	61456	0
Mar 28 2022	1867909	160	68336	0
Mar 29 2022	1914500	177	92857	0
Mar 30 2022	1948369	196	80126	0
Mar 31 2022	1980600	181	73643	0
Apr 01 2022	1996610	192	54791	0
Apr 02 2022	1981454	204	47462	0
Apr 03 2022	1956440	192	37592	0
Apr 04 2022	1936021	188	42179	0
Apr 05 2022	1916164	179	53727	0
Apr 06 2022	1894920	202	49101	0
Apr 07 2022	1875465	196	44750	0
Apr 08 2022	1852274	231	38709	0
Apr 09 2022	1795528	238	32988	0
Apr 10 2022	1733744	173	27885	0
Apr 11 2022	1675001	197	30952	0
Apr 12 2022	1620739	185	37371	0
Apr 13 2022	1571837	199	33771	0
Apr 14 2022	1528735	222	31685	0
Apr 15 2022	1555182	192	26639	0
Apr 16 2022	1509636	172	21617	0
Apr 17 2022	1448408	164	19925	0
Apr 18 2022	1359178	162	20144	0
Apr 19 2022	1191166	174	25223	0
Apr 20 2022	1134476	159	25772	0
Apr 21 2022	1083889	161	21457	0
Apr 22 2022	1041423	162	18464	0
Apr 23 2022	1056971	155	15703	0
Apr 24 2022	1002036	146	13210	0
Apr 25 2022	843895	131	14715	0
Apr 26 2022	787614	129	17109	0
Apr 27 2022	747818	125	14560	0
Apr 28 2022	712467	135	13055	0
Apr 29 2022	686365	130	11608	0
Apr 30 2022	696269	108	10012	0
May 01 2022	662526	107	8354	0
May 02 2022	617727	113	9034	0
May 03 2022	536103	110	11907	0
May 04 2022	510806	107	13318	0
May 05 2022	489650	90	11672	0
May 06 2022	472310	87	10221	0
May 07 2022	481166	98	8954	0
May 08 2022	457790	103	7517	0
May 09 2022	395394	85	9062	0
May 10 2022	374458	83	10702	0
May 11 2022	357517	101	9748	0
May 12 2022	344582	79	8725	0
May 13 2022	332541	69	7642	0
May 14 2022	339411	72	6942	0
May 15 2022	300178	66	6120	0
May 16 2022	276773	73	7973	0
May 17 2022	264871	66	9417	0
May 18 2022	273085	72	8286	0
May 19 2022	262228	46	7638	0
May 20 2022	238481	46	6820	0
May 21 2022	244230	72	5821	0
May 22 2022	234574	49	5019	0
May 23 2022	223407	59	5997	0
May 24 2022	203067	63	7313	0
May 25 2022	198353	51	6679	0
May 26 2022	194713	34	6293	0
May 27 2022	192159	45	5753	0
May 28 2022	186148	45	5409	0
May 29 2022	179727	34	4988	0
May 30 2022	177928	30	5680	0
May 31 2022	173364	51	7115	0
Jun 01 2022	170328	51	7093	0
Jun 02 2022	177314	25	7011	0
Jun 03 2022	174649	47	6209	0
Jun 04 2022	173742	28	6635	0
Jun 05 2022	172155	38	7492	0
Jun 06 2022	161651	30	9815	0
Jun 07 2022	164687	43	11747	0
Jun 08 2022	168589	33	11411	0
Jun 09 2022	173531	43	11784	0
Jun 10 2022	178821	27	11319	0
Jun 11 2022	181056	44	10784	0
Jun 12 2022	182596	32	10077	0
Jun 13 2022	186778	43	12693	0
Jun 14 2022	194424	41	15272	0
Jun 15 2022	202830	36	15141	0
Jun 16 2022	211903	45	14837	0
Jun 17 2022	221172	57	14225	0
Jun 18 2022	228533	45	13919	0
Jun 19 2022	235598	44	13623	0
Jun 20 2022	246076	47	16997	0
Jun 21 2022	260622	48	19942	0
Jun 22 2022	278623	58	20896	0
Jun 23 2022	293892	73	20873	0
Jun 24 2022	307888	62	19590	0
Jun 25 2022	326190	48	18350	0
Jun 26 2022	337379	71	16800	0
Jun 27 2022	346775	69	20778	0
Jun 28 2022	365221	64	25104	0
Jun 29 2022	383685	72	25041	0
Jun 30 2022	401698	83	24601	0
Jul 01 2022	419326	75	24240	0
Jul 02 2022	430135	79	23650	0
Jul 03 2022	439244	90	21961	0
Jul 04 2022	454193	69	27780	0
Jul 05 2022	475044	91	33704	0
Jul 06 2022	493592	102	31415	0
Jul 07 2022	523174	116	29698	0
Jul 08 2022	538827	102	26454	0
Jul 09 2022	553291	109	24611	0
Jul 10 2022	561771	109	21246	0
Jul 11 2022	571550	116	25096	0
Jul 12 2022	586187	128	29826	0
Jul 13 2022	598201	154	26946	0
Jul 14 2022	590885	135	23856	0
Jul 15 2022	611859	126	21100	0
Jul 16 2022	616496	105	18359	0
Jul 17 2022	614408	122	15017	0
Jul 18 2022	611546	159	17236	0
Jul 19 2022	609250	127	18718	0
Jul 20 2022	604839	225	16670	0
Jul 21 2022	601245	191	16169	0
Jul 22 2022	598095	126	14158	0
Jul 23 2022	593584	117	12378	0
Jul 24 2022	582626	127	9934	0
Jul 25 2022	568687	132	11275	0
Jul 26 2022	556855	114	13299	0
Jul 27 2022	543879	120	11725	0
Jul 28 2022	507499	115	10544	0
Jul 29 2022	516702	126	9329	0
Jul 30 2022	503148	118	8508	0
Jul 31 2022	482626	77	7325	0
Aug 01 2022	457279	98	8426	0
Aug 02 2022	435636	93	9835	0
Aug 03 2022	415098	102	9170	0
Aug 04 2022	398029	107	8353	0
Aug 05 2022	380676	85	7296	0
Aug 06 2022	365924	87	6548	0
Aug 07 2022	346241	65	5420	0
Aug 08 2022	322944	100	6547	0
Aug 09 2022	304144	100	8068	0
Aug 10 2022	267091	90	7309	0
Aug 11 2022	273791	76	6748	0
Aug 12 2022	261602	98	6193	0
Aug 13 2022	251881	107	5339	0
Aug 14 2022	239108	92	4495	0
Aug 15 2022	225770	90	5363	0
Aug 16 2022	215501	89	6424	0
Aug 17 2022	204882	71	5559	0
Aug 18 2022	195789	56	5032	0
Aug 19 2022	188229	63	4564	0
Aug 20 2022	182294	69	4012	0
Aug 21 2022	174487	76	3502	0
Aug 22 2022	165383	61	4085	0
Aug 23 2022	159007	65	5224	0
Aug 24 2022	144159	78	4778	0
Aug 25 2022	149404	52	4554	0
Aug 26 2022	144750	49	3796	0
Aug 27 2022	140885	44	3451	0
Aug 28 2022	135546	58	3112	0
Aug 29 2022	129205	61	3439	0
Aug 30 2022	124733	54	4662	0
Aug 31 2022	114659	43	5226	0
Sep 01 2022	118780	75	4616	0
Sep 02 2022	116557	44	4350	0
Sep 03 2022	114907	48	3808	0
Sep 04 2022	111739	54	3417	0
Sep 05 2022	107970	45	4288	0
Sep 06 2022	105787	39	5125	0
Sep 07 2022	103609	40	4578	0
Sep 08 2022	101611	61	4235	0
Sep 09 2022	99991	47	3747	0
Sep 10 2022	99564	38	3553	0
Sep 11 2022	97426	48	3268	0
Sep 12 2022	95334	31	4347	0
Sep 13 2022	95069	43	5308	0
Sep 14 2022	95186	50	5148	0
Sep 15 2022	91869	45	4973	0
Sep 16 2022	97954	49	4634	0
Sep 17 2022	98781	39	4134	0
Sep 18 2022	98194	40	3521	0
Sep 19 2022	97345	40	4339	0
Sep 20 2022	98747	49	6166	0
Sep 21 2022	101999	50	7828	0
Sep 22 2022	105741	37	7553	0
Sep 23 2022	109072	50	6815	0
Sep 24 2022	112854	54	6485	0
Sep 25 2022	115095	49	5719	0
Sep 26 2022	117647	41	7240	0
Sep 27 2022	121012	66	8618	0
Sep 28 2022	124630	68	8254	0
Sep 29 2022	128752	62	8414	0
Sep 30 2022	129609	67	7895	0
Oct 01 2022	137030	64	7615	0
Oct 02 2022	139727	81	7065	0
Oct 03 2022	143747	64	9204	0
Oct 04 2022	150788	83	11692	0
Oct 05 2022	157434	92	10965	0
Oct 06 2022	160276	99	10231	0
Oct 07 2022	170139	97	9389	0
Oct 08 2022	175731	101	8950	0
Oct 09 2022	178369	92	7053	0
Oct 10 2022	181605	101	8558	0
Oct 11 2022	186913	93	10497	0
Oct 12 2022	191344	110	9461	0
Oct 13 2022	195384	127	8769	0
Oct 14 2022	199303	112	8134	0
Oct 15 2022	204444	116	7970	0
Oct 16 2022	206455	109	6442	0
Oct 17 2022	207974	107	7780	0
Oct 18 2022	210089	117	10002	0
Oct 19 2022	210787	109	8235	0
Oct 20 2022	211667	101	7598	0
Oct 21 2022	211873	123	6576	0
Oct 22 2022	213518	112	6297	0
Oct 23 2022	211353	112	4968	0
Oct 24 2022	209062	103	5523	0
Oct 25 2022	208741	106	6807	0
Oct 26 2022	209420	117	5665	0
Oct 27 2022	205861	92	5449	0
Oct 28 2022	192775	107	4855	0
Oct 29 2022	195808	88	4401	0
Oct 30 2022	190132	97	3583	0
Oct 31 2022	182644	98	4271	0
Nov 01 2022	176788	83	5129	0
Nov 02 2022	171082	85	4549	0
Nov 03 2022	165659	80	4014	0
Nov 04 2022	153262	84	3678	0
Nov 05 2022	157283	98	3107	0
Nov 06 2022	151314	79	2665	0
Nov 07 2022	144037	58	3267	0
Nov 08 2022	138829	77	4321	0
Nov 09 2022	133838	65	3829	0
Nov 10 2022	129240	64	3576	0
Nov 11 2022	124439	55	3205	0
Nov 12 2022	120832	73	2893	0
Nov 13 2022	116279	46	2433	0
Nov 14 2022	109162	56	2912	0
Nov 15 2022	104810	62	3923	0
Nov 16 2022	100709	67	3534	0
Nov 17 2022	97361	54	3260	0
Nov 18 2022	94077	55	3037	0
Nov 19 2022	91843	58	2773	0
Nov 20 2022	89283	59	2431	0
Nov 21 2022	85323	62	2890	0
Nov 22 2022	83577	53	3938	0
Nov 23 2022	81898	59	3805	0
Nov 24 2022	80603	60	3616	0
Nov 25 2022	75907	52	3329	0
Nov 26 2022	78812	42	2902	0
Nov 27 2022	77052	49	2551	0
Nov 28 2022	75327	56	3448	0
Nov 29 2022	75385	61	4639	0
Nov 30 2022	75717	54	4386	0
Dec 01 2022	75982	47	3980	0
Dec 02 2022	76332	55	3505	0
Dec 03 2022	77252	52	3596	0
Dec 04 2022	77134	57	2748	0
Dec 05 2022	76559	48	3786	0
Dec 06 2022	78001	64	5325	0
Dec 07 2022	79620	75	5241	0
Dec 08 2022	81568	64	5195	0
Dec 09 2022	83155	71	4537	0
Dec 10 2022	84872	71	4216	0
Dec 11 2022	85340	70	3570	0
Dec 12 2022	85984	71	4631	0
Dec 13 2022	89387	70	6986	0
Dec 14 2022	93176	67	7111	0
Dec 15 2022	96584	97	6533	0
Dec 16 2022	99851	59	6094	0
Dec 17 2022	100557	88	6084	0
Dec 18 2022	105728	92	4743	0
Dec 19 2022	107465	100	5772	0
Dec 20 2022	112630	115	9073	0
Dec 21 2022	117544	113	8631	0
Dec 22 2022	121927	110	7802	0
Dec 23 2022	123256	114	6877	0
Dec 24 2022	129426	119	5741	0
Dec 25 2022	129981	145	4132	0
Dec 26 2022	128918	131	3694	0
Dec 27 2022	129363	129	4950	0
Dec 28 2022	131859	142	6605	0
Dec 29 2022	136663	134	8419	0
Dec 30 2022	140669	133	7718	0
Dec 31 2022	143902	157	6126	0
Jan 01 2023	144259	150	4287	0
Jan 02 2023	142475	131	3663	0
Jan 03 2023	142200	129	5057	0
Jan 04 2023	143161	139	6260	0
Jan 05 2023	144107	140	5590	0
Jan 06 2023	144477	146	4683	0
Jan 07 2023	140103	116	3850	0
Jan 08 2023	144569	121	2732	0
Jan 09 2023	140328	125	2821	0
Jan 10 2023	136718	133	3606	0
Jan 11 2023	133212	116	3118	0
Jan 12 2023	129695	97	2645	0
Jan 13 2023	121344	119	2480	0
Jan 14 2023	123590	106	2131	0
Jan 15 2023	119231	103	1498	0
Jan 16 2023	111942	114	1851	0
Jan 17 2023	105827	110	2564	0
Jan 18 2023	100173	93	2206	0
Jan 19 2023	89602	93	2120	0
Jan 20 2023	91547	84	2029	0
Jan 21 2023	85508	82	1868	0
Jan 22 2023	87991	75	1522	0
Jan 23 2023	84884	77	1906	0
Jan 24 2023	80864	76	2655	0
Jan 25 2023	75144	83	2771	0
Jan 26 2023	70023	67	2651	0
Jan 27 2023	66376	72	2544	0
Jan 28 2023	60813	79	2452	0
Jan 29 2023	63622	73	1961	0
Jan 30 2023	60962	77	2454	0
Jan 31 2023	58197	61	3556	0
Feb 01 2023	56109	63	3551	0
Feb 02 2023	54851	72	3476	0
Feb 03 2023	54175	76	3221	0
Feb 04 2023	51573	71	2971	0
Feb 05 2023	54581	66	2397	0
Feb 06 2023	53771	73	2816	0
Feb 07 2023	54594	57	3979	0
Feb 08 2023	55606	67	3717	0
Feb 09 2023	56747	72	3664	0
Feb 10 2023	57937	64	3356	0
Feb 11 2023	57839	76	3296	0
Feb 12 2023	60961	61	2577	0
Feb 13 2023	61524	70	3183	0
Feb 14 2023	64162	54	4885	0
Feb 15 2023	66676	79	4698	0
Feb 16 2023	68837	71	4251	0
Feb 17 2023	69667	76	4290	0
Feb 18 2023	74339	84	4072	0
Feb 19 2023	75505	78	3145	0
Feb 20 2023	76502	60	3700	0
Feb 21 2023	78577	80	4908	0
Feb 22 2023	80596	61	4701	0
Feb 23 2023	82216	84	4212	0
Feb 24 2023	83474	75	3775	0
Feb 25 2023	84850	81	3402	0
Feb 26 2023	85060	77	2737	0
Feb 27 2023	84591	85	3165	0
Feb 28 2023	85716	79	4743	0
Mar 01 2023	86734	74	4548	0
Mar 02 2023	87819	83	4378	0
Mar 03 2023	86328	103	3945	0
Mar 04 2023	90372	81	3722	0
Mar 05 2023	90285	100	2816	0
Mar 06 2023	89721	97	3497	0
Mar 07 2023	91033	91	5093	0
Mar 08 2023	92225	93	4909	0
Mar 09 2023	90307	97	4738	0
Mar 10 2023	95265	94	4350	0
Mar 11 2023	96634	93	4015	0
Mar 12 2023	96795	100	3430	0
Mar 13 2023	96292	102	4445	0
Mar 14 2023	97424	96	5878	0
Mar 15 2023	98726	94	5620	0
Mar 16 2023	99240	106	4875	0
Mar 17 2023	100018	104	4905	0
Mar 18 2023	101710	111	4188	0
Mar 19 2023	101394	99	3457	0
Mar 20 2023	100560	91	4117	0
Mar 21 2023	101117	96	5292	0
Mar 22 2023	102145	128	5298	0
Mar 23 2023	103192	103	4871	0
Mar 24 2023	101508	108	4441	0
Mar 25 2023	106486	114	4173	0
Mar 26 2023	106326	115	3059	0
Mar 27 2023	105393	86	3513	0
Mar 28 2023	105539	98	4414	0
Mar 29 2023	105406	113	4002	0
Mar 30 2023	105562	96	3863	0
Mar 31 2023	105485	108	3461	0
Apr 01 2023	105681	75	2860	0
Apr 02 2023	104796	76	2348	0
Apr 03 2023	102620	78	2517	0
Apr 04 2023	100863	87	2785	0
Apr 05 2023	98994	99	2513	0
Apr 06 2023	97654	67	2603	0
Apr 07 2023	96380	104	2290	0
Apr 08 2023	95129	94	1838	0
Apr 09 2023	92855	84	1715	0
Apr 10 2023	89864	70	1874	0
Apr 11 2023	89367	74	2440	0
Apr 12 2023	91931	75	2640	0
Apr 13 2023	94200	76	2345	0
Apr 14 2023	96250	91	2141	0
Apr 15 2023	97932	80	1762	0
Apr 16 2023	99300	70	1438	0
Apr 17 2023	101210	79	1989	0
Apr 18 2023	103479	65	2334	0
Apr 19 2023	105423	67	2011	0
Apr 20 2023	107227	81	1885	0
Apr 21 2023	108820	72	1665	0
Apr 22 2023	63302	86	1501	0
Apr 23 2023	61054	55	1315	0
Apr 24 2023	58159	73	1585	0
Apr 25 2023	56033	49	1906	0
Apr 26 2023	53919	61	1796	0
Apr 27 2023	52158	62	1740	0
Apr 28 2023	50916	52	1657	0
Apr 29 2023	50031	54	1493	0
Apr 30 2023	48817	53	1349	0
May 01 2023	44968	42	1393	0
May 02 2023	47936	51	1788	0
May 03 2023	47242	59	1963	0
May 04 2023	46587	49	1674	0
May 05 2023	46324	54	1624	0
May 06 2023	45881	46	1312	0
May 07 2023	44989	47	1021	0
May 08 2023	43698	54	1200	0
May 09 2023	42475	38	1441	0
May 10 2023	41684	36	1571	0
May 11 2023	40953	41	1409	0
May 12 2023	40488	55	1304	0
May 13 2023	40071	49	1032	0
May 14 2023	38987	32	871	0
May 15 2023	38125	30	1108	0
May 16 2023	37697	32	1246	0
May 17 2023	37804	50	1161	0
May 18 2023	38866	49	1111	0
May 19 2023	39884	37	1055	0
May 20 2023	40778	47	941	0
May 21 2023	35376	30	782	0
May 22 2023	34399	33	964	0
May 23 2023	33757	39	1192	0
May 24 2023	33119	31	1130	0
May 25 2023	32457	34	1027	0
May 26 2023	31832	25	888	0
May 27 2023	31221	44	776	0
May 28 2023	30418	37	622	0
May 29 2023	29276	25	666	0
May 30 2023	28129	24	818	0
May 31 2023	27316	34	866	0
Jun 01 2023	26606	22	909	0
Jun 02 2023	26033	32	736	0
Jun 03 2023	25648	25	644	0
Jun 04 2023	23701	32	530	0
Jun 05 2023	24729	26	669	0
Jun 06 2023	24021	22	881	0
Jun 07 2023	23443	24	856	0
Jun 08 2023	22890	24	772	0
Jun 09 2023	22479	24	640	0
Jun 10 2023	22140	19	547	0
Jun 11 2023	21445	23	426	0
Jun 12 2023	20765	29	572	0
Jun 13 2023	20263	31	675	0
Jun 14 2023	19734	27	580	0
Jun 15 2023	19203	30	524	0
Jun 16 2023	18709	23	450	0
Jun 17 2023	18317	24	393	0
Jun 18 2023	17750	15	381	0
Jun 19 2023	17060	19	387	0
Jun 20 2023	16569	21	467	0
Jun 21 2023	16458	19	436	0
Jun 22 2023	16850	17	409	0
Jun 23 2023	17239	9	398	0
Jun 24 2023	17550	15	326	0
Jun 25 2023	17822	13	285	0
Jun 26 2023	18134	21	333	0
Jun 27 2023	18471	10	347	0
Jun 28 2023	18783	18	330	0
Jun 29 2023	19115	8	340	0
Jun 30 2023	19390	14	289	0
Jul 01 2023	19641	19	270	0
Jul 02 2023	19867	13	239	0
Jul 03 2023	20153	14	300	0
Jul 04 2023	20535	7	389	0
Jul 05 2023	10049	10	352	0
Jul 06 2023	9796	12	399	0
Jul 07 2023	9618	12	375	0
Jul 08 2023	9586	7	401	0
Jul 09 2023	9349	9	341	0
Jul 10 2023	9106	8	428	0
Jul 11 2023	9019	11	502	0
Jul 12 2023	8998	9	502	0
Jul 13 2023	9026	8	478	0
Jul 14 2023	9099	15	474	0
Jul 15 2023	9111	5	389	0
Jul 16 2023	9111	10	385	0
Jul 17 2023	9151	8	425	0
Jul 18 2023	9481	8	582	0
Jul 19 2023	10069	11	599	0
Jul 20 2023	10000	13	538	0
Jul 21 2023	10251	3	576	0
Jul 22 2023	10471	12	513	0
Jul 23 2023	10600	8	467	0
Jul 24 2023	10801	11	552	0
Jul 25 2023	11185	9	716	0
Jul 26 2023	11600	11	756	0
Jul 27 2023	12028	16	732	0
Jul 28 2023	12464	13	713	0
Jul 29 2023	12959	16	741	0
Jul 30 2023	13373	13	720	0
Jul 31 2023	13880	10	870	0
Aug 01 2023	14621	17	969	0
Aug 02 2023	15528	18	970	0
Aug 03 2023	16369	20	946	0
Aug 04 2023	16257	12	930	0
Aug 05 2023	16813	13	908	0
Aug 06 2023	17159	22	794	0
Aug 07 2023	17602	20	963	0
Aug 08 2023	18274	13	1186	0
Aug 09 2023	19076	14	1294	0
Aug 10 2023	19838	14	1249	0
Aug 11 2023	20604	34	1185	0
Aug 12 2023	20885	24	1106	0
Aug 13 2023	21971	37	1027	0
Aug 14 2023	22495	22	1127	0
Aug 15 2023	23207	27	1335	0
Aug 16 2023	23964	24	1315	0
Aug 17 2023	24665	33	1307	0
Aug 18 2023	25382	35	1261	0
Aug 19 2023	26067	28	1174	0
Aug 20 2023	26502	46	1027	0
Aug 21 2023	26195	33	1168	0
Aug 22 2023	27632	30	1454	0
Aug 23 2023	28319	33	1448	0
Aug 24 2023	28225	26	1361	0
Aug 25 2023	29551	29	1317	0
Aug 26 2023	30013	31	1213	0
Aug 27 2023	30156	23	1033	0
Aug 28 2023	30270	31	1111	0
Aug 29 2023	30624	22	1337	0
Aug 30 2023	31322	38	1654	0
Aug 31 2023	32229	36	1818	0
Sep 01 2023	33103	22	1750	0
Sep 02 2023	34069	25	1768	0
Sep 03 2023	34654	35	1569	0
Sep 04 2023	35385	37	1916	0
Sep 05 2023	36426	33	2304	0
Sep 06 2023	37457	46	2240	0
Sep 07 2023	38523	44	2153	0
Sep 08 2023	39069	40	1962	0
Sep 09 2023	39787	52	1789	0
Sep 10 2023	40156	44	1534	0
Sep 11 2023	40544	47	1767	0
Sep 12 2023	41294	38	2098	0
Sep 13 2023	41861	39	1899	0
Sep 14 2023	42272	48	1705	0
Sep 15 2023	42782	44	1717	0
Sep 16 2023	43278	43	1553	0
Sep 17 2023	43528	27	1434	0
Sep 18 2023	42412	36	1754	0
Sep 19 2023	44544	43	2161	0
Sep 20 2023	45348	43	2202	0
Sep 21 2023	46113	42	2120	0
Sep 22 2023	46887	34	2006	0
Sep 23 2023	47704	41	1885	0
Sep 24 2023	48281	37	1718	0
Sep 25 2023	49099	40	2185	0
Sep 26 2023	50203	41	2783	0
Sep 27 2023	51341	33	2970	0
Sep 28 2023	52466	50	2895	0
Sep 29 2023	53250	48	2544	0
Sep 30 2023	54017	40	2327	0
Oct 01 2023	54227	48	2095	0
Oct 02 2023	54850	50	2559	0
Oct 03 2023	55909	46	2716	0
Oct 04 2023	57536	40	2735	0
Oct 05 2023	59990	50	2504	0
Oct 06 2023	56534	54	2300	0
Oct 07 2023	57187	56	2174	0
Oct 08 2023	57127	61	1695	0
Oct 09 2023	56519	54	2111	0
Oct 10 2023	57532	51	2310	0
Oct 11 2023	57880	53	2087	0
Oct 12 2023	58058	63	1952	0
Oct 13 2023	58050	48	1581	0
Oct 14 2023	58120	34	1524	0
Oct 15 2023	57473	50	1144	0
Oct 16 2023	56525	53	1237	0
Oct 17 2023	55803	44	1482	0
Oct 18 2023	55107	58	1446	0
Oct 19 2023	52676	59	1427	0
Oct 20 2023	54295	64	1356	0
Oct 21 2023	53698	60	1179	0
Oct 22 2023	52398	0	881	0
Oct 23 2023	50626	0	1004	0
Oct 24 2023	48888	0	1203	0
Oct 25 2023	47194	0	1193	0
Oct 26 2023	43411	0	1042	0
Oct 27 2023	44581	0	1040	0
Oct 28 2023	43450	0	962	0
Oct 29 2023	41649	0	756	0
Oct 30 2023	39804	0	868	0
Oct 31 2023	38116	0	1042	0
Nov 01 2023	36583	0	969	0
Nov 02 2023	35165	0	879	0
Nov 03 2023	33816	0	822	0
Nov 04 2023	30770	0	752	0
Nov 05 2023	31551	0	511	0
Nov 06 2023	29249	0	0	0
Nov 07 2023	27171	0	0	0
Nov 08 2023	25221	0	0	0
Nov 09 2023	22130	0	0	0
Nov 10 2023	22440	0	0	0
Nov 11 2023	21310	0	0	0
Nov 12 2023	24955	0	4879	0
Nov 13 2023	23475	0	0	0
Nov 14 2023	22050	0	0	0
Nov 15 2023	20635	0	0	0
Nov 16 2023	19284	0	0	0
Nov 17 2023	18106	0	0	0
Nov 18 2023	17231	0	0	0
Nov 19 2023	21452	0	5217	0
Nov 20 2023	20260	0	0	0
Nov 21 2023	19089	0	0	0
Nov 22 2023	18062	0	0	0
Nov 23 2023	17258	0	0	0
Nov 24 2023	16297	0	0	0
Nov 25 2023	14672	0	0	0
Nov 26 2023	19792	0	4721	0
Nov 27 2023	18750	0	0	0
Nov 28 2023	17781	0	0	0
Nov 29 2023	16902	0	0	0
Nov 30 2023	16080	0	0	0
Dec 01 2023	15328	0	0	0
Dec 02 2023	14734	0	0	0
Dec 03 2023	19394	0	5350	0
Dec 04 2023	18605	0	0	0
Dec 05 2023	17808	0	0	0
Dec 06 2023	17122	0	0	0
Dec 07 2023	16707	0	0	0
Dec 08 2023	16539	0	0	0
Dec 09 2023	16315	0	0	0
Dec 10 2023	23370	0	7595	0
Dec 11 2023	22750	0	0	0
Dec 12 2023	22373	0	0	0
Dec 13 2023	22373	0	0	0
Dec 14 2023	22373	0	0	0
Dec 15 2023	22373	0	0	0
Dec 16 2023	22373	0	0	0
Dec 17 2023	31844	0	9471	0
Dec 18 2023	31844	0	0	0
Dec 19 2023	31844	0	0	0
Dec 20 2023	31844	0	0	0
Dec 21 2023	31844	0	0	0
Dec 22 2023	31844	0	0	0
Dec 23 2023	31844	0	0	0
Dec 24 2023	42534	0	10690	0
Dec 25 2023	42534	0	0	0
Dec 26 2023	42534	0	0	0
Dec 27 2023	42534	0	0	0
Dec 28 2023	42534	0	0	0
Dec 29 2023	42534	0	0	0
Dec 30 2023	42534	0	0	0
Dec 31 2023	52625	0	10091	0
Jan 01 2024	52625	0	0	0
Jan 02 2024	52625	0	0	0
Jan 03 2024	52625	0	0	0
Jan 04 2024	52625	0	0	0
Jan 05 2024	52625	0	0	0
Jan 06 2024	52625	0	0	0
Jan 07 2024	61446	0	8821	0
Jan 08 2024	61446	0	0	0
Jan 09 2024	61446	0	0	0
Jan 10 2024	61446	0	0	0
Jan 11 2024	61446	0	0	0
Jan 12 2024	61446	0	0	0
Jan 13 2024	61446	0	0	0
Jan 14 2024	68188	0	6742	0
Jan 15 2024	68188	0	0	0
Jan 16 2024	68188	0	0	0
Jan 17 2024	36566	0	0	0
Jan 18 2024	36566	0	0	0
Jan 19 2024	36566	0	0	0
Jan 20 2024	26275	0	0	0
Jan 21 2024	32823	0	6548	0
Jan 22 2024	32468	0	0	0
Jan 23 2024	32468	0	0	0
Jan 24 2024	32468	0	0	0
Jan 25 2024	32468	0	0	0
Jan 26 2024	32468	0	0	0
Jan 27 2024	22692	0	0	0
Jan 28 2024	28809	0	6117	0
Jan 29 2024	28565	0	0	0
Jan 30 2024	28565	0	0	0
Jan 31 2024	28565	0	0	0
Feb 01 2024	28565	0	0	0
Feb 02 2024	28565	0	0	0
Feb 03 2024	19923	0	0	0
Feb 04 2024	25039	0	5116	0
Feb 05 2024	25039	0	0	0
Feb 06 2024	25039	0	0	0
Feb 07 2024	25039	0	0	0
Feb 08 2024	25039	0	0	0
Feb 09 2024	25039	0	0	0
Feb 10 2024	18447	0	0	0
Feb 11 2024	22461	0	4014	0
Feb 12 2024	22461	0	0	0
Feb 13 2024	22461	0	0	0
Feb 14 2024	22461	0	0	0
Feb 15 2024	22461	0	0	0
Feb 16 2024	22461	0	0	0
Feb 17 2024	15739	0	0	0
Feb 18 2024	18577	0	2838	0
Feb 19 2024	18577	0	0	0
Feb 20 2024	18121	0	0	0
Feb 21 2024	18121	0	0	0
Feb 22 2024	18121	0	0	0
Feb 23 2024	18121	0	0	0
Feb 24 2024	11566	0	0	0
Feb 25 2024	13487	0	1921	0
Feb 26 2024	13487	0	0	0
Feb 27 2024	13487	0	0	0
Feb 28 2024	13411	0	0	0
Feb 29 2024	13411	0	0	0
Mar 01 2024	13411	0	0	0
Mar 02 2024	8280	0	0	0
Mar 03 2024	9682	0	1402	0
Mar 04 2024	9682	0	0	0
Mar 05 2024	9682	0	0	0
Mar 06 2024	9682	0	0	0
Mar 07 2024	9682	0	0	0
Mar 08 2024	9682	0	0	0
Mar 09 2024	5755	0	0	0
Mar 10 2024	7416	0	1661	0
Mar 11 2024	7416	0	0	0
Mar 12 2024	7416	0	0	0
Mar 13 2024	7416	0	0	0
Mar 14 2024	7416	0	0	0
Mar 15 2024	7416	0	0	0
Mar 16 2024	7416	0	0	0
Mar 17 2024	7416	0	0	0
Mar 18 2024	7416	0	0	0
Mar 19 2024	7416	0	0	0
Mar 20 2024	7416	0	0	0
Mar 21 2024	7416	0	0	0
Mar 22 2024	7416	0	0	0
Mar 23 2024	7416	0	0	0
Mar 24 2024	7416	0	0	0
Mar 25 2024	7416	0	0	0
Mar 26 2024	3063	0	0	0
Mar 27 2024	3063	0	0	0
