Date	Active Cases	Daily Death	New cases	Recoverd Cases
Feb 15 2020	0	0	0	0
Feb 16 2020	0	0	0	0
Feb 17 2020	0	0	0	0
Feb 18 2020	0	0	0	0
Feb 19 2020	0	0	0	0
Feb 20 2020	0	0	0	0
Feb 21 2020	0	0	0	0
Feb 22 2020	0	0	0	0
Feb 23 2020	0	0	0	0
Feb 24 2020	0	0	0	0
Feb 25 2020	1	0	0	0
Feb 26 2020	1	0	0	0
Feb 27 2020	1	0	0	0
Feb 28 2020	1	0	0	0
Feb 29 2020	2	0	1	0
Mar 01 2020	2	0	0	0
Mar 02 2020	2	0	0	0
Mar 03 2020	2	0	0	0
Mar 04 2020	3	0	1	0
Mar 05 2020	8	0	5	0
Mar 06 2020	13	0	5	0
Mar 07 2020	19	0	6	0
Mar 08 2020	25	0	6	0
Mar 09 2020	25	0	0	0
Mar 10 2020	34	0	9	0
Mar 11 2020	52	0	18	0
Mar 12 2020	77	0	25	0
Mar 13 2020	150	0	74	1
Mar 14 2020	150	0	0	0
Mar 15 2020	198	0	49	1
Mar 16 2020	232	0	34	0
Mar 17 2020	344	1	113	0
Mar 18 2020	525	3	184	0
Mar 19 2020	634	3	112	0
Mar 20 2020	962	4	332	0
Mar 21 2020	1164	7	209	0
Mar 22 2020	1527	7	370	0
Mar 23 2020	1898	9	380	0
Mar 24 2020	2211	12	325	0
Mar 25 2020	2507	13	309	0
Mar 26 2020	2919	18	434	4
Mar 27 2020	3339	15	435	0
Mar 28 2020	3807	22	490	0
Mar 29 2020	4139	22	354	0
Mar 30 2020	4373	27	376	115
Mar 31 2020	5420	38	1092	7
Apr 01 2020	6548	41	1169	0
Apr 02 2020	7636	82	1170	0
Apr 03 2020	8753	39	1156	0
Apr 04 2020	9843	82	1172	0
Apr 05 2020	10700	41	898	0
Apr 06 2020	11556	78	934	0
Apr 07 2020	13295	122	1861	0
Apr 08 2020	15328	134	2167	0
Apr 09 2020	17116	134	1968	46
Apr 10 2020	18655	114	1653	0
Apr 11 2020	19762	72	1179	0
Apr 12 2020	20916	83	1237	0
Apr 13 2020	22056	105	1245	0
Apr 14 2020	9798	204	1842	13896
Apr 15 2020	12940	225	3367	0
Apr 16 2020	14835	190	2085	0
Apr 17 2020	17657	194	3016	0
Apr 18 2020	20494	220	3057	0
Apr 19 2020	14207	101	1943	8129
Apr 20 2020	16183	125	2101	0
Apr 21 2020	16177	154	2350	2202
Apr 22 2020	17707	165	2692	997
Apr 23 2020	19798	407	3757	1259
Apr 24 2020	21878	357	3522	1085
Apr 25 2020	26229	375	6236	1510
Apr 26 2020	28690	226	3683	996
Apr 27 2020	31086	272	3662	994
Apr 28 2020	35594	520	6434	1406
Apr 29 2020	40051	448	6498	1593
Apr 30 2020	43905	390	6052	1808
May 01 2020	48052	509	6767	2111
May 02 2020	49279	340	4474	2907
May 03 2020	51558	275	4614	2060
May 04 2020	55566	318	7159	2833
May 05 2020	59060	578	6485	2413
May 06 2020	67198	667	11963	3158
May 07 2020	71738	600	9132	3992
May 08 2020	77232	804	10257	3959
May 09 2020	84399	664	10226	2395
May 10 2020	87325	467	6675	3282
May 11 2020	90869	502	6480	2434
May 12 2020	93367	779	8506	5229
May 13 2020	98388	754	11620	5845
May 14 2020	110333	835	13838	1058
May 15 2020	119391	824	15390	5508
May 16 2020	128860	816	15002	4717
May 17 2020	131895	485	7983	4463
May 18 2020	139171	735	14368	6357
May 19 2020	148295	1130	16609	6355
May 20 2020	159057	911	21592	9919
May 21 2020	166225	1188	17662	9306
May 22 2020	175841	966	20081	9499
May 23 2020	184297	965	16600	7179
May 24 2020	192558	703	16311	7347
May 25 2020	200942	806	13124	3934
May 26 2020	210918	1027	15778	4775
May 27 2020	224116	1148	22425	8079
May 28 2020	220719	1067	24286	26616
May 29 2020	249230	1180	29691	0
May 30 2020	266382	890	30270	12228
May 31 2020	281216	480	16501	1187
Jun 01 2020	290583	732	14638	4539
Jun 02 2020	287127	1232	27415	29639
Jun 03 2020	287739	1269	27465	25584
Jun 04 2020	309422	1492	32068	8893
Jun 05 2020	325020	1008	30304	13698
Jun 06 2020	338371	910	27735	13474
Jun 07 2020	356308	542	18479	0
Jun 08 2020	350934	813	19030	23591
Jun 09 2020	381120	1185	31371	0
Jun 10 2020	358238	1300	33285	54867
Jun 11 2020	371169	1261	30635	16443
Jun 12 2020	394715	843	24389	0
Jun 13 2020	383822	890	21011	31014
Jun 14 2020	390473	598	17181	9932
Jun 15 2020	397444	729	23806	16106
Jun 16 2020	422353	1338	37487	11240
Jun 17 2020	413942	1209	31651	38853
Jun 18 2020	435917	1204	23179	0
Jun 19 2020	473309	1221	55518	16905
Jun 20 2020	481191	968	31747	22897
Jun 21 2020	461384	601	16945	36151
Jun 22 2020	485130	748	24494	0
Jun 23 2020	489896	1364	40355	34225
Jun 24 2020	493339	1103	41223	36677
Jun 25 2020	533060	1180	40901	0
Jun 26 2020	531409	1055	47170	47766
Jun 27 2020	548067	994	36088	18436
Jun 28 2020	558991	555	29477	17998
Jun 29 2020	559952	727	25375	23687
Jun 30 2020	564211	1271	38209	32679
Jul 01 2020	571349	1057	45135	36940
Jul 02 2020	528766	1277	48252	89558
Jul 03 2020	539864	1264	42223	29861
Jul 04 2020	541183	1111	35231	32801
Jul 05 2020	567004	535	26356	0
Jul 06 2020	587954	656	21606	0
Jul 07 2020	541594	1312	48856	93904
Jul 08 2020	536345	1187	41773	45835
Jul 09 2020	543640	1199	43147	34653
Jul 10 2020	554626	1270	45488	33232
Jul 11 2020	562334	968	36678	28002
Jul 12 2020	587180	659	25505	0
Jul 13 2020	608315	770	21905	0
Jul 14 2020	650460	1341	43486	0
Jul 15 2020	646944	1261	39927	42182
Jul 16 2020	578164	1299	44074	111555
Jul 17 2020	611203	1110	34149	0
Jul 18 2020	637015	885	26697	0
Jul 19 2020	656620	716	24788	4467
Jul 20 2020	639682	718	21870	38090
Jul 21 2020	626530	1346	45138	56944
Jul 22 2020	624567	1293	65703	66373
Jul 23 2020	643437	1317	58404	38217
Jul 24 2020	678721	1178	58574	22112
Jul 25 2020	700836	1111	48503	25277
Jul 26 2020	707032	556	23598	16846
Jul 27 2020	696619	627	23710	33496
Jul 28 2020	683003	955	41399	54060
Jul 29 2020	686651	1554	71265	66063
Jul 30 2020	707269	1189	58596	36789
Jul 31 2020	698738	1191	52802	60142
Aug 01 2020	740505	1048	42815	0
Aug 02 2020	764931	514	24940	0
Aug 03 2020	754092	572	18089	28356
Aug 04 2020	750795	1394	56726	58629
Aug 05 2020	754438	1322	54990	50025
Aug 06 2020	781212	1226	55107	27107
Aug 07 2020	809135	1058	49779	20798
Aug 08 2020	828879	841	46564	25979
Aug 09 2020	826381	593	22337	24242
Aug 10 2020	802178	721	22010	45492
Aug 11 2020	776608	1242	55230	79558
Aug 12 2020	767290	1164	58405	66559
Aug 13 2020	778158	1301	59478	47309
Aug 14 2020	798951	1007	49548	27748
Aug 15 2020	817348	726	39155	20032
Aug 16 2020	810984	582	22489	28271
Aug 17 2020	787196	775	23167	46180
Aug 18 2020	758821	1365	48909	75919
Aug 19 2020	745200	1170	48813	61264
Aug 20 2020	750629	1234	44934	38271
Aug 21 2020	763762	1031	31566	17402
Aug 22 2020	770404	823	46468	39003
Aug 23 2020	793123	495	23214	0
Aug 24 2020	744713	679	21554	69285
Aug 25 2020	720818	1215	47222	69902
Aug 26 2020	707183	1090	48095	60640
Aug 27 2020	710419	970	42727	38521
Aug 28 2020	728294	868	48381	29638
Aug 29 2020	731833	904	34552	30109
Aug 30 2020	722042	398	15431	24824
Aug 31 2020	703905	619	48862	66380
Sep 01 2020	683309	1166	42123	61553
Sep 02 2020	679527	1218	48904	51468
Sep 03 2020	686354	830	44978	37321
Sep 04 2020	700677	855	45906	30728
Sep 05 2020	712888	646	31373	18516
Sep 06 2020	706532	456	14688	20588
Sep 07 2020	678007	315	10246	38456
Sep 08 2020	653118	516	17426	41799
Sep 09 2020	630106	1136	34399	56275
Sep 10 2020	625704	922	40657	44137
Sep 11 2020	635845	899	44461	33421
Sep 12 2020	644267	800	32058	22836
Sep 13 2020	637957	389	14679	20600
Sep 14 2020	617350	454	19195	39348
Sep 15 2020	593085	1090	34949	58124
Sep 16 2020	580377	967	37596	49337
Sep 17 2020	582606	857	35957	32871
Sep 18 2020	585826	826	40214	36168
Sep 19 2020	585152	708	31086	31052
Sep 20 2020	569966	330	16373	31229
Sep 21 2020	548968	455	15540	36083
Sep 22 2020	524999	809	35449	58609
Sep 23 2020	509314	906	32627	47406
Sep 24 2020	509805	818	32308	30999
Sep 25 2020	524619	826	32853	17213
Sep 26 2020	539647	732	25678	9918
Sep 27 2020	544306	335	14273	9279
Sep 28 2020	535860	385	16108	24169
Sep 29 2020	516115	849	32168	51064
Sep 30 2020	503190	952	33455	45428
Oct 01 2020	505731	805	35843	32497
Oct 02 2020	518370	664	33185	19882
Oct 03 2020	526500	580	24740	16030
Oct 04 2020	519960	364	8503	14679
Oct 05 2020	512720	398	25351	32193
Oct 06 2020	484799	798	30624	57747
Oct 07 2020	476972	733	31579	38673
Oct 08 2020	480363	730	27333	23212
Oct 09 2020	488421	658	27806	19090
Oct 10 2020	502532	544	34844	20189
Oct 11 2020	488926	270	3157	16493
Oct 12 2020	472017	203	8476	25182
Oct 13 2020	451337	354	11479	31805
Oct 14 2020	435477	716	26824	41968
Oct 15 2020	433678	734	29663	30728
Oct 16 2020	443531	716	30745	20176
Oct 17 2020	450186	461	22920	15804
Oct 18 2020	446253	215	11043	14761
Oct 19 2020	430076	321	15871	31727
Oct 20 2020	413179	662	23822	40057
Oct 21 2020	403581	571	25977	35004
Oct 22 2020	406344	503	32163	28897
Oct 23 2020	416309	566	23145	12614
Oct 24 2020	421539	398	25716	20088
Oct 25 2020	416205	237	12976	18073
Oct 26 2020	403328	288	17519	30108
Oct 27 2020	394081	530	29517	38234
Oct 28 2020	392010	487	29013	30597
Oct 29 2020	398569	565	26796	19672
Oct 30 2020	409152	529	23255	12143
Oct 31 2020	418325	340	16167	6654
Nov 01 2020	420210	202	10156	8069
Nov 02 2020	428590	168	8548	0
Nov 03 2020	393885	276	12992	47421
Nov 04 2020	380971	622	23948	36240
Nov 05 2020	403809	609	23447	0
Nov 06 2020	421902	256	18349	0
Nov 07 2020	442825	251	21174	0
Nov 08 2020	453327	111	10613	0
Nov 09 2020	464802	241	11716	0
Nov 10 2020	490257	204	25659	0
Nov 11 2020	537684	564	47991	0
Nov 12 2020	378573	926	34834	193019
Nov 13 2020	403175	614	36050	10834
Nov 14 2020	408058	727	29628	24018
Nov 15 2020	422132	138	14212	0
Nov 16 2020	404608	256	13723	30991
Nov 17 2020	399837	676	35213	39308
Nov 18 2020	406569	754	35845	28359
Nov 19 2020	424121	644	35886	17690
Nov 20 2020	446233	521	37282	14649
Nov 21 2020	471606	354	32804	7077
Nov 22 2020	486787	181	18719	3357
Nov 23 2020	490510	344	16696	12629
Nov 24 2020	492485	638	33632	31019
Nov 25 2020	500625	620	45703	36943
Nov 26 2020	522009	698	37883	15801
Nov 27 2020	547527	501	33968	7949
Nov 28 2020	573006	639	52213	26095
Nov 29 2020	581773	211	24605	15627
Nov 30 2020	579354	317	21658	23760
Dec 01 2020	576333	697	52539	54863
Dec 02 2020	582072	669	48393	41985
Dec 03 2020	605706	776	51149	26739
Dec 04 2020	633312	674	47699	19419
Dec 05 2020	658067	660	42462	17047
Dec 06 2020	669391	321	26510	14865
Dec 07 2020	668665	426	24662	24962
Dec 08 2020	662178	796	48117	53808
Dec 09 2020	668889	848	54506	46947
Dec 10 2020	691484	769	53724	30360
Dec 11 2020	720858	652	53065	23039
Dec 12 2020	749689	690	44529	15008
Dec 13 2020	757640	276	21515	13288
Dec 14 2020	751452	526	27573	33235
Dec 15 2020	743704	909	45099	51938
Dec 16 2020	746534	968	68819	65021
Dec 17 2020	769537	1054	69216	45159
Dec 18 2020	800857	811	52677	20546
Dec 19 2020	825050	669	49517	24655
Dec 20 2020	827111	417	25587	23109
Dec 21 2020	811019	549	25764	41307
Dec 22 2020	797963	963	56110	68203
Dec 23 2020	793361	979	46917	50540
Dec 24 2020	807233	768	59244	44604
Dec 25 2020	820302	483	23095	9543
Dec 26 2020	821163	300	17342	16181
Dec 27 2020	799386	331	18582	40028
Dec 28 2020	767929	495	22732	53694
Dec 29 2020	745516	1075	57546	78884
Dec 30 2020	740028	1224	56165	60429
Dec 31 2020	755903	1036	56316	39405
Jan 01 2021	771109	465	24918	9247
Jan 02 2021	773734	301	16102	13176
Jan 03 2021	747357	276	17622	43723
Jan 04 2021	705480	573	21111	62415
Jan 05 2021	673746	1186	57903	88451
Jan 06 2021	662140	1266	63010	73350
Jan 07 2021	687817	1455	87720	60588
Jan 08 2021	723864	1044	54689	17598
Jan 09 2021	753665	1115	60545	29629
Jan 10 2021	759596	483	30127	23713
Jan 11 2021	747534	477	28371	39956
Jan 12 2021	742275	1109	62279	66429
Jan 13 2021	799790	1283	62297	3499
Jan 14 2021	805098	1151	69161	62702
Jan 15 2021	850864	1131	68640	21743
Jan 16 2021	885245	1059	62930	27490
Jan 17 2021	893522	518	31736	22941
Jan 18 2021	876994	460	24450	40518
Jan 19 2021	872791	1183	63986	67006
Jan 20 2021	890102	1382	64611	45918
Jan 21 2021	933011	1335	60413	16169
Jan 22 2021	973632	1071	55765	14073
Jan 23 2021	1000277	1176	61593	33772
Jan 24 2021	1002936	606	28675	25410
Jan 25 2021	974993	631	28693	56005
Jan 26 2021	948567	1206	64109	89329
Jan 27 2021	1011627	1319	64379	0
Jan 28 2021	945431	1439	60769	125526
Jan 29 2021	966521	1099	59152	36963
Jan 30 2021	985559	1196	57954	37720
Jan 31 2021	984194	563	28083	28885
Feb 01 2021	958103	609	25601	51083
Feb 02 2021	930335	1240	56691	83219
Feb 03 2021	907060	1209	54104	76170
Feb 04 2021	909006	1291	58306	55069
Feb 05 2021	924366	1244	51748	35144
Feb 06 2021	935556	942	49125	36993
Feb 07 2021	928618	492	27168	33614
Feb 08 2021	903295	687	25979	50615
Feb 09 2021	878067	1340	52164	76052
Feb 10 2021	864555	1357	60739	72894
Feb 11 2021	869827	1452	54434	47710
Feb 12 2021	883699	1204	49817	34741
Feb 13 2021	896005	1046	45966	32614
Feb 14 2021	884232	647	23565	34691
Feb 15 2021	856173	601	32543	60001
Feb 16 2021	832608	1088	55717	78194
Feb 17 2021	821695	1195	57750	67468
Feb 18 2021	827107	1432	51779	44935
Feb 19 2021	843239	1345	51495	34018
Feb 20 2021	861199	1051	57911	38900
Feb 21 2021	862374	554	29358	27629
Feb 22 2021	847481	716	29691	43868
Feb 23 2021	833497	1370	63571	76185
Feb 24 2021	831883	1433	65877	66058
Feb 25 2021	855871	1582	68380	42810
Feb 26 2021	886558	1327	64392	32378
Feb 27 2021	914625	1275	59903	30561
Feb 28 2021	923582	755	34381	24669
Mar 01 2021	915277	818	38722	46209
Mar 02 2021	901957	1726	58697	70291
Mar 03 2021	910406	1840	74906	64617
Mar 04 2021	937865	1786	74815	45570
Mar 05 2021	977479	1760	75871	34497
Mar 06 2021	1010915	1498	67977	33043
Mar 07 2021	1037449	1054	80578	52990
Mar 08 2021	1047614	1114	36499	25220
Mar 09 2021	1054620	1954	70046	61086
Mar 10 2021	1063044	2349	81513	70740
Mar 11 2021	1094715	2207	78844	44966
Mar 12 2021	1134636	2152	84619	42546
Mar 13 2021	1168067	1940	71449	36078
Mar 14 2021	1184530	1111	44518	26944
Mar 15 2021	1177457	1275	42497	48295
Mar 16 2021	1166481	2798	84696	92874
Mar 17 2021	1172404	2736	91431	82772
Mar 18 2021	1204963	2659	87755	52537
Mar 19 2021	1248073	2730	90004	44164
Mar 20 2021	1283673	2331	73975	36044
Mar 21 2021	1299968	1259	48188	30634
Mar 22 2021	1293982	1570	53825	58241
Mar 23 2021	1282443	3158	85572	93953
Mar 24 2021	1283102	2244	91164	88261
Mar 25 2021	1295521	2639	98217	83159
Mar 26 2021	1323338	3600	83123	51706
Mar 27 2021	1347872	3368	83606	55704
Mar 28 2021	1357575	1605	44725	33417
Mar 29 2021	1342183	1969	43057	56480
Mar 30 2021	1320240	3668	87287	105562
Mar 31 2021	1310334	3950	89794	95750
Apr 01 2021	1327339	3673	90054	69376
Apr 02 2021	1357058	2807	70171	37645
Apr 03 2021	1367521	1931	41603	29209
Apr 04 2021	1346053	1233	31701	51936
Apr 05 2021	1304123	1623	38605	78912
Apr 06 2021	1260372	4211	83435	122975
Apr 07 2021	1242513	3733	91575	105701
Apr 08 2021	1259964	4190	89887	68246
Apr 09 2021	1286123	3647	89683	59877
Apr 10 2021	1306866	2535	70101	46823
Apr 11 2021	1300579	1824	37907	42370
Apr 12 2021	1261581	1738	39241	76501
Apr 13 2021	1220511	3687	80712	118095
Apr 14 2021	1197314	3462	76535	96270
Apr 15 2021	1208899	3774	81086	65727
Apr 16 2021	1219853	3070	76786	62762
Apr 17 2021	1237132	2865	66284	46140
Apr 18 2021	1232027	1553	43330	46882
Apr 19 2021	1196091	1607	34998	69327
Apr 20 2021	1165017	3481	73696	101289
Apr 21 2021	1149584	3157	72429	84705
Apr 22 2021	1169540	2070	49765	27739
Apr 23 2021	1195705	2866	66464	37433
Apr 24 2021	1207494	2986	70616	55841
Apr 25 2021	1196569	1316	32920	42529
Apr 26 2021	1155195	1279	30004	70099
Apr 27 2021	1114955	3120	76622	113742
Apr 28 2021	1090164	3019	77808	99580
Apr 29 2021	1096085	3074	69586	60591
Apr 30 2021	1124347	2870	73684	42552
May 01 2021	1134363	2278	60570	48276
May 02 2021	1126346	1210	29357	36164
May 03 2021	1104334	1054	36979	57937
May 04 2021	1064436	3025	69977	106850
May 05 2021	1051079	2791	76278	86844
May 06 2021	1059765	2531	73171	61954
May 07 2021	1087226	2217	78974	49296
May 08 2021	1111668	2091	63839	37306
May 09 2021	1108761	934	34607	36580
May 10 2021	1092278	1018	29664	45129
May 11 2021	1073288	2275	71624	88339
May 12 2021	1070746	2545	77268	77265
May 13 2021	1088887	2340	75764	55283
May 14 2021	1122670	2189	85150	49178
May 15 2021	1156355	2067	69898	34146
May 16 2021	1157704	971	37319	34999
May 17 2021	1135422	1039	34074	55317
May 18 2021	1112434	2517	75000	95471
May 19 2021	1107533	2485	80349	82765
May 20 2021	1133015	2527	84026	56017
May 21 2021	1172753	2136	78233	36359
May 22 2021	1202530	1764	71889	40348
May 23 2021	1208396	894	36587	29827
May 24 2021	1185534	841	38022	60043
May 25 2021	1162197	2198	75467	96606
May 26 2021	1153979	2399	80101	85920
May 27 2021	1166690	2130	67308	52467
May 28 2021	1190231	2418	51011	25052
May 29 2021	1209232	1971	79583	58611
May 30 2021	1209088	950	43988	43182
May 31 2021	1189188	874	33022	52048
Jun 01 2021	1161660	2346	78654	103836
Jun 02 2021	1154108	2394	95337	100495
Jun 03 2021	1175360	2078	84171	60841
Jun 04 2021	1202501	1184	39067	10742
Jun 05 2021	1216048	1661	66173	50965
Jun 06 2021	1203461	866	40226	51947
Jun 07 2021	1175359	1119	39336	66319
Jun 08 2021	1139824	2693	53093	85935
Jun 09 2021	1122169	2484	87893	103064
Jun 10 2021	1136268	2344	90610	74167
Jun 11 2021	1172917	2215	86852	47988
Jun 12 2021	1204718	2008	76525	42716
Jun 13 2021	1207702	1118	37576	33474
Jun 14 2021	1188332	928	41459	59901
Jun 15 2021	1184706	2760	89796	90662
Jun 16 2021	1182463	2673	86651	86221
Jun 17 2021	1208168	2335	75067	47027
Jun 18 2021	1245029	2449	98979	59669
Jun 19 2021	1278102	2247	82346	47026
Jun 20 2021	1285337	1050	44787	36502
Jun 21 2021	1258550	899	42477	68365
Jun 22 2021	1243332	2080	87628	100766
Jun 23 2021	1260948	2343	115041	95082
Jun 24 2021	1304191	2042	73438	28153
Jun 25 2021	1345668	1990	80038	36571
Jun 26 2021	1374952	1547	64830	33999
Jun 27 2021	1376457	725	34268	32038
Jun 28 2021	1344619	658	28341	59521
Jun 29 2021	1302169	1917	65602	106135
Jun 30 2021	1266774	2127	46475	79743
Jul 01 2021	1255863	1943	63897	72865
Jul 02 2021	1261656	1879	65931	58259
Jul 03 2021	1270706	1631	55276	44595
Jul 04 2021	1249096	776	28386	49220
Jul 05 2021	1202616	754	23284	69010
Jul 06 2021	1152770	1787	63258	111317
Jul 07 2021	1115611	1595	54739	90303
Jul 08 2021	1097942	1733	54465	70401
Jul 09 2021	1098358	1433	58447	56598
Jul 10 2021	1095134	1172	49198	51250
Jul 11 2021	1057925	597	21511	58123
Jul 12 2021	996162	765	17587	78585
Jul 13 2021	936037	1613	45773	104285
Jul 14 2021	904571	1574	58397	88289
Jul 15 2021	897783	1552	53502	58738
Jul 16 2021	907506	1450	45790	34617
Jul 17 2021	909498	823	34489	31674
Jul 18 2021	902472	939	34275	40362
Jul 19 2021	873491	615	15337	43703
Jul 20 2021	842365	1425	28018	57719
Jul 21 2021	814159	1388	54986	81804
Jul 22 2021	808830	1444	49819	53704
Jul 23 2021	781229	1286	45658	71973
Jul 24 2021	809079	1080	38257	9327
Jul 25 2021	818085	499	18208	8703
Jul 26 2021	787297	587	19082	49283
Jul 27 2021	759102	1320	41591	68466
Jul 28 2021	742710	1366	48654	63680
Jul 29 2021	743583	1354	42035	39808
Jul 30 2021	758312	886	41083	25468
Jul 31 2021	770896	925	37746	24237
Aug 01 2021	764506	449	20592	26533
Aug 02 2021	737904	473	15209	41338
Aug 03 2021	709533	1238	32714	59847
Aug 04 2021	694865	1118	40636	54186
Aug 05 2021	694537	1086	40228	39470
Aug 06 2021	707416	1006	42343	28458
Aug 07 2021	723252	1275	43220	26109
Aug 08 2021	724166	388	13953	12651
Aug 09 2021	704547	237	12525	31907
Aug 10 2021	654830	1183	35398	83932
Aug 11 2021	619326	1123	35944	70325
Aug 12 2021	596030	975	36048	58369
Aug 13 2021	606218	926	34081	22967
Aug 14 2021	614913	919	31278	21664
Aug 15 2021	605357	385	14017	23188
Aug 16 2021	582534	363	14952	37412
Aug 17 2021	561984	1137	38384	57797
Aug 18 2021	552597	985	41195	49597
Aug 19 2021	557565	1030	36148	30150
Aug 20 2021	570107	925	34035	20568
Aug 21 2021	580333	585	28511	17700
Aug 22 2021	576795	331	14467	17674
Aug 23 2021	558357	370	13160	31228
Aug 24 2021	537567	885	31149	51054
Aug 25 2021	520893	901	30662	46435
Aug 26 2021	518708	875	31159	32469
Aug 27 2021	525146	791	27464	20235
Aug 28 2021	532520	656	24807	16777
Aug 29 2021	528108	278	13268	17402
Aug 30 2021	509065	313	10511	29241
Aug 31 2021	491199	882	25697	42681
Sep 01 2021	476407	703	26463	40552
Sep 02 2021	476312	776	26613	25932
Sep 03 2021	482487	749	25458	18534
Sep 04 2021	485008	609	21898	18768
Sep 05 2021	474114	266	12971	23599
Sep 06 2021	450748	238	9194	32322
Sep 07 2021	426008	342	13705	38103
Sep 08 2021	406099	250	14493	34152
Sep 09 2021	400397	747	31026	35981
Sep 10 2021	402058	718	16020	13641
Sep 11 2021	402848	667	14376	12919
Sep 12 2021	391720	292	10661	21497
Sep 13 2021	371794	256	6674	26344
Sep 14 2021	352768	709	13465	31782
Sep 15 2021	355467	793	14845	11353
Sep 16 2021	378034	637	34557	11353
Sep 17 2021	399879	467	33665	11353
Sep 18 2021	410498	803	22775	11353
Sep 19 2021	408358	239	9452	11353
Sep 20 2021	404636	248	7879	11353
Sep 21 2021	405378	484	12582	11356
Sep 22 2021	395672	839	36473	45340
Sep 23 2021	395640	661	24611	23982
Sep 24 2021	407510	680	19438	6888
Sep 25 2021	415150	548	15688	7500
Sep 26 2021	417115	238	8668	6465
Sep 27 2021	410502	218	14423	20818
Sep 28 2021	403027	818	15395	22052
Sep 29 2021	398682	643	17756	21458
Sep 30 2021	405134	637	27527	20438
Oct 01 2021	415716	492	18578	7504
Oct 02 2021	425241	457	13466	3484
Oct 03 2021	427482	237	9004	6526
Oct 04 2021	418016	199	10425	19692
Oct 05 2021	411418	686	20528	26440
Oct 06 2021	363164	543	18440	66151
Oct 07 2021	326337	451	15044	51420
Oct 08 2021	284964	628	18172	58917
Oct 09 2021	295953	387	16451	5075
Oct 10 2021	295915	167	8639	8510
Oct 11 2021	286803	219	6918	15811
Oct 12 2021	268159	176	7359	25827
Oct 13 2021	256039	201	7852	19771
Oct 14 2021	251439	558	14288	18330
Oct 15 2021	250923	526	15239	15229
Oct 16 2021	251587	472	11250	10114
Oct 17 2021	246643	125	5738	10557
Oct 18 2021	234981	197	7446	18911
Oct 19 2021	222789	381	12969	24780
Oct 20 2021	215131	401	15610	22867
Oct 21 2021	216578	461	16852	14944
Oct 22 2021	221148	447	14502	9485
Oct 23 2021	222104	358	11716	10402
Oct 24 2021	216857	113	6204	11338
Oct 25 2021	207043	202	5797	15409
Oct 26 2021	198604	409	13424	21454
Oct 27 2021	194146	433	17184	21209
Oct 28 2021	194987	399	15268	14028
Oct 29 2021	198996	379	11965	7577
Oct 30 2021	203820	260	10693	5609
Oct 31 2021	206223	96	6761	4262
Nov 01 2021	203634	94	3838	6333
Nov 02 2021	197130	164	6431	12771
Nov 03 2021	192218	186	14661	19387
Nov 04 2021	193126	411	13352	12033
Nov 05 2021	198686	397	13321	7364
Nov 06 2021	202689	305	11866	7558
Nov 07 2021	201161	67	6115	7576
Nov 08 2021	194132	118	5638	12549
Nov 09 2021	186321	214	10948	18545
Nov 10 2021	183895	264	14357	16519
Nov 11 2021	185821	243	15144	12975
Nov 12 2021	191431	612	14424	8202
Nov 13 2021	196328	320	12888	7671
Nov 14 2021	195307	63	4129	5087
Nov 15 2021	187336	66	2799	10704
Nov 16 2021	176793	140	4918	15321
Nov 17 2021	170863	374	11977	17533
Nov 18 2021	170788	279	12301	12097
Nov 19 2021	176083	234	13355	7826
Nov 20 2021	181786	214	8833	2916
Nov 21 2021	182522	97	5126	4293
Nov 22 2021	176671	120	2594	8325
Nov 23 2021	177509	398	18861	17625
Nov 24 2021	165288	176	4686	16731
Nov 25 2021	166702	281	12191	10496
Nov 26 2021	170826	303	12022	7595
Nov 27 2021	174346	236	9233	5477
Nov 28 2021	173278	78	4043	5033
Nov 29 2021	166206	114	3843	10801
Nov 30 2021	158074	326	9710	17516
Dec 01 2021	151734	266	11413	17487
Dec 02 2021	152052	205	12910	12387
Dec 03 2021	156543	229	10627	5907
Dec 04 2021	163289	152	8838	1940
Dec 05 2021	164864	68	4844	3201
Dec 06 2021	161299	115	4385	7835
Dec 07 2021	155388	278	10250	15883
Dec 08 2021	152167	231	10055	13045
Dec 09 2021	152856	206	9278	8383
Dec 10 2021	160392	229	7765	0
Dec 11 2021	157002	126	3355	6619
Dec 12 2021	149577	82	1688	9031
Dec 13 2021	142589	39	2082	9031
Dec 14 2021	137243	141	3826	9031
Dec 15 2021	133431	227	5446	9031
Dec 16 2021	127947	173	3720	9031
Dec 17 2021	122869	126	4079	9031
Dec 18 2021	117024	137	3323	9031
Dec 19 2021	109358	54	1419	9031
Dec 20 2021	102354	67	2094	9031
Dec 21 2021	96858	86	3621	9031
Dec 22 2021	91141	137	3451	9031
Dec 23 2021	85655	100	3645	9031
Dec 24 2021	80587	201	4164	9031
Dec 25 2021	75417	28	3889	9031
Dec 26 2021	71169	27	4810	9031
Dec 27 2021	68887	91	6840	9031
Dec 28 2021	68138	148	8430	9031
Dec 29 2021	77119	147	9128	0
Dec 30 2021	90370	154	13405	0
Dec 31 2021	100567	85	10282	0
Jan 01 2022	104523	30	3986	0
Jan 02 2022	106212	32	1721	0
Jan 03 2022	117988	74	11850	0
Jan 04 2022	136566	181	18759	0
Jan 05 2022	163700	133	27267	0
Jan 06 2022	148756	171	44218	58991
Jan 07 2022	180193	148	54900	23315
Jan 08 2022	229393	103	49303	0
Jan 09 2022	253725	50	24382	0
Jan 10 2022	288402	111	34788	0
Jan 11 2022	359710	139	71447	0
Jan 12 2022	448036	138	88464	0
Jan 13 2022	484387	190	97221	60680
Jan 14 2022	595525	238	111376	0
Jan 15 2022	643885	160	48520	0
Jan 16 2022	675022	92	31229	0
Jan 17 2022	751205	162	76345	0
Jan 18 2022	820888	317	132254	62254
Jan 19 2022	950633	349	205310	75216
Jan 20 2022	1114748	324	168060	3621
Jan 21 2022	1283172	396	168820	0
Jan 22 2022	1485306	332	202466	0
Jan 23 2022	1569370	166	84230	0
Jan 24 2022	1659612	267	90509	0
Jan 25 2022	1783894	489	199126	74355
Jan 26 2022	1893275	606	219878	109891
Jan 27 2022	2059596	662	228972	61989
Jan 28 2022	2251299	779	257239	64757
Jan 29 2022	2457920	695	207316	0
Jan 30 2022	2560816	280	104012	836
Jan 31 2022	2630298	442	102616	32692
Feb 01 2022	2643640	767	171028	156919
Feb 02 2022	2720578	946	188552	110668
Feb 03 2022	2867228	923	286050	138477
Feb 04 2022	3070299	1068	219298	15159
Feb 05 2022	3174837	800	154240	48902
Feb 06 2022	3186401	420	63324	51340
Feb 07 2022	3125765	431	68540	128745
Feb 08 2022	3041066	1174	171483	255008
Feb 09 2022	3021772	1295	183533	201532
Feb 10 2022	3042552	922	165359	143657
Feb 11 2022	3086070	1121	166003	121364
Feb 12 2022	3219406	892	134228	0
Feb 13 2022	3061139	325	57288	215230
Feb 14 2022	2932641	464	58100	186134
Feb 15 2022	2772602	909	123827	282957
Feb 16 2022	2654751	1046	147252	264057
Feb 17 2022	2590995	1129	129266	191893
Feb 18 2022	2594656	1114	122748	117973
Feb 19 2022	2573867	827	103363	123325
Feb 20 2022	2515778	424	40625	98290
Feb 21 2022	2361870	333	42379	195954
Feb 22 2022	2200358	839	101285	261958
Feb 23 2022	2066205	956	133626	266823
Feb 24 2022	2031590	996	95493	129112
Feb 25 2022	2028361	781	90199	92647
Feb 26 2022	2012550	722	72856	87945
Feb 27 2022	1935286	206	24054	101112
Feb 28 2022	1801804	248	19516	152750
Mar 01 2022	1655443	274	23545	169632
Mar 02 2022	1524098	335	30995	162005
Mar 03 2022	1445282	594	64054	142276
Mar 04 2022	1413491	697	68101	99195
Mar 05 2022	1398770	645	58737	72813
Mar 06 2022	1338435	219	15961	76077
Mar 07 2022	1237859	211	20456	120821
Mar 08 2022	1147079	518	75495	165757
Mar 09 2022	1069668	652	49078	125837
Mar 10 2022	1039158	559	55861	85812
Mar 11 2022	1093904	465	55211	0
Mar 12 2022	1023793	381	45265	114995
Mar 13 2022	971313	146	18397	70731
Mar 14 2022	888077	187	13420	96469
Mar 15 2022	807814	323	50078	130018
Mar 16 2022	758276	354	45765	94949
Mar 17 2022	744506	484	49601	62887
Mar 18 2022	755626	380	48757	37257
Mar 19 2022	776245	290	40869	19960
Mar 20 2022	785870	104	13218	3489
Mar 21 2022	770390	102	11364	26742
Mar 22 2022	739105	410	41838	72713
Mar 23 2022	707958	294	46305	77158
Mar 24 2022	701857	300	37690	43491
Mar 25 2022	709918	259	34576	26256
Mar 26 2022	708931	186	29922	30723
Mar 27 2022	686024	114	10239	33032
Mar 28 2022	643018	86	9923	52843
Mar 29 2022	604592	282	30056	68200
Mar 30 2022	577204	276	33937	61049
Mar 31 2022	569455	290	31561	39020
Apr 01 2022	575413	205	27270	21107
Apr 02 2022	576770	127	20473	18989
Apr 03 2022	554619	77	4178	26252
Apr 04 2022	517931	112	12982	49558
Apr 05 2022	487190	205	27331	57867
Apr 06 2022	463580	196	27120	50534
Apr 07 2022	456956	253	27139	33510
Apr 08 2022	461411	147	29575	24973
Apr 09 2022	465651	88	21229	16901
Apr 10 2022	452197	39	7210	20625
Apr 11 2022	422842	80	8803	38078
Apr 12 2022	396074	163	22724	49329
Apr 13 2022	381625	158	26924	41215
Apr 14 2022	381011	145	23171	23640
Apr 15 2022	385439	105	13278	8745
Apr 16 2022	381841	33	2775	6340
Apr 17 2022	363556	18	2541	20808
Apr 18 2022	336529	65	8470	35432
Apr 19 2022	318156	190	18182	36365
Apr 20 2022	308697	204	32699	41954
Apr 21 2022	314675	86	18660	12596
Apr 22 2022	322681	62	8068	0
Apr 23 2022	318591	45	6957	11002
Apr 24 2022	302408	38	3809	19954
Apr 25 2022	281329	76	6456	27459
Apr 26 2022	303307	164	22142	0
Apr 27 2022	254841	224	20943	69185
Apr 28 2022	256209	124	19916	18424
Apr 29 2022	262001	195	14122	8135
Apr 30 2022	265481	67	15194	11647
May 01 2022	257884	16	6254	13835
May 02 2022	243032	90	6507	21269
May 03 2022	233360	108	21432	30996
May 04 2022	236313	51	20072	17068
May 05 2022	251122	151	21682	6722
May 06 2022	266943	176	19725	3728
May 07 2022	277187	36	14622	4342
May 08 2022	270927	10	6006	12256
May 09 2022	257979	59	9709	22598
May 10 2022	248825	195	20143	29102
May 11 2022	255291	121	23398	16811
May 12 2022	270526	136	21344	5973
May 13 2022	288171	130	25609	7834
May 14 2022	298772	90	17355	6664
May 15 2022	298741	47	6296	6280
May 16 2022	290204	89	13510	21958
May 17 2022	316369	221	26386	0
May 18 2022	329795	99	13525	0
May 19 2022	340095	115	10415	0
May 20 2022	295593	104	10187	54585
May 21 2022	313146	62	17615	0
May 22 2022	293521	23	11192	30794
May 23 2022	286351	47	12775	19898
May 24 2022	285280	228	32820	33663
May 25 2022	285021	157	9787	9889
May 26 2022	296993	136	33910	21802
May 27 2022	314907	117	40633	22602
May 28 2022	335859	70	24239	3217
May 29 2022	342498	61	8195	1495
May 30 2022	339785	72	24082	26723
May 31 2022	340920	159	41377	40083
Jun 01 2022	354969	121	40979	26809
Jun 02 2022	379713	130	41273	16399
Jun 03 2022	406778	41	36189	9083
Jun 04 2022	422343	25	15590	0
Jun 05 2022	423027	12	696	0
Jun 06 2022	426644	50	41353	37686
Jun 07 2022	452953	294	71045	44442
Jun 08 2022	492690	301	49614	9576
Jun 09 2022	534745	148	45073	2870
Jun 10 2022	571147	158	56491	19931
Jun 11 2022	599366	127	32332	3986
Jun 12 2022	606515	43	7192	0
Jun 13 2022	609572	53	40173	37063
Jun 14 2022	615144	174	45962	40216
Jun 15 2022	632304	289	68769	51320
Jun 16 2022	665039	199	32934	0
Jun 17 2022	693635	76	28672	0
Jun 18 2022	713668	94	20127	0
Jun 19 2022	724312	47	10691	0
Jun 20 2022	656593	108	51925	119536
Jun 21 2022	662608	219	68102	61868
Jun 22 2022	692025	176	70285	40692
Jun 23 2022	739094	346	69231	21816
Jun 24 2022	794359	324	66993	11404
Jun 25 2022	825453	136	31230	0
Jun 26 2022	842091	41	16679	0
Jun 27 2022	779729	147	58278	120493
Jun 28 2022	771259	294	70166	78342
Jun 29 2022	847228	294	76263	0
Jun 30 2022	840135	272	75106	81927
Jul 01 2022	888754	298	75749	26832
Jul 02 2022	924398	174	42720	6902
Jul 03 2022	923877	79	25549	25991
Jul 04 2022	897087	84	33833	60539
Jul 05 2022	899281	393	74528	71941
Jul 06 2022	937313	335	76850	38483
Jul 07 2022	993114	297	73365	17267
Jul 08 2022	1040733	274	72551	24658
Jul 09 2022	1058412	154	40905	23072
Jul 10 2022	1041739	105	21963	38531
Jul 11 2022	1008953	155	44043	76674
Jul 12 2022	985001	352	64771	88371
Jul 13 2022	987288	388	71501	68826
Jul 14 2022	1015722	292	65379	36653
Jul 15 2022	1061642	299	107959	61740
Jul 16 2022	1084361	208	40149	17222
Jul 17 2022	1069317	55	10852	25841
Jul 18 2022	1023493	143	38697	84378
Jul 19 2022	983930	378	58225	97410
Jul 20 2022	971723	351	56254	68110
Jul 21 2022	983290	271	51988	40150
Jul 22 2022	1001169	275	49244	31090
Jul 23 2022	1027023	153	26007	0
Jul 24 2022	960241	42	9823	76563
Jul 25 2022	907991	192	30609	82667
Jul 26 2022	861508	350	38643	84776
Jul 27 2022	838837	308	46461	68824
Jul 28 2022	836172	276	45307	47696
Jul 29 2022	844213	228	42816	34547
Jul 30 2022	838595	162	24259	29715
Jul 31 2022	801059	41	14449	51944
Aug 01 2022	756634	214	22905	67116
Aug 02 2022	699731	271	33623	90255
Aug 03 2022	661898	273	36900	74460
Aug 04 2022	641743	258	37166	57063
Aug 05 2022	646428	208	29976	25083
Aug 06 2022	639558	210	16703	23363
Aug 07 2022	606614	39	7198	40103
Aug 08 2022	565247	188	17409	58588
Aug 09 2022	531061	359	30220	64047
Aug 10 2022	561742	254	30935	0
Aug 11 2022	515792	173	27644	73421
Aug 12 2022	520861	292	23552	18191
Aug 13 2022	537458	163	16760	0
Aug 14 2022	544141	70	6753	0
Aug 15 2022	463218	155	6596	87364
Aug 16 2022	431655	123	23040	54480
Aug 17 2022	412935	246	21927	40401
Aug 18 2022	406941	202	22167	27959
Aug 19 2022	406066	181	18863	19557
Aug 20 2022	421511	103	15548	0
Aug 21 2022	426563	27	5079	0
Aug 22 2022	388693	159	6218	43929
Aug 23 2022	408739	195	20241	0
Aug 24 2022	317440	190	18277	109386
Aug 25 2022	319259	197	21039	19023
Aug 26 2022	324673	136	18270	12720
Aug 27 2022	336995	64	12386	0
Aug 28 2022	340427	20	3452	0
Aug 29 2022	321351	170	12458	31364
Aug 30 2022	272738	196	16806	65223
Aug 31 2022	307670	115	58668	23621
Sep 01 2022	326988	174	19492	0
Sep 02 2022	318570	131	13180	21467
Sep 03 2022	328570	80	10080	0
Sep 04 2022	330896	13	2339	0
Sep 05 2022	294209	76	7668	44279
Sep 06 2022	307510	143	13444	0
Sep 07 2022	314405	39	6934	0
Sep 08 2022	318405	99	4099	0
Sep 09 2022	266598	82	14005	65730
Sep 10 2022	275118	40	8560	0
Sep 11 2022	277395	8	2285	0
Sep 12 2022	243650	37	5647	39355
Sep 13 2022	231181	106	10950	23313
Sep 14 2022	220859	122	11300	21500
Sep 15 2022	219101	79	7928	9607
Sep 16 2022	229900	92	10891	0
Sep 17 2022	235449	60	5609	0
Sep 18 2022	238106	12	2669	0
Sep 19 2022	200790	60	6972	44228
Sep 20 2022	208379	87	7676	0
Sep 21 2022	215627	87	7335	0
Sep 22 2022	185077	69	7784	38265
Sep 23 2022	184883	91	6861	6964
Sep 24 2022	191696	21	6834	0
Sep 25 2022	192874	23	1201	0
Sep 26 2022	177310	21	6809	22352
Sep 27 2022	184093	49	6832	0
Sep 28 2022	172249	48	8800	20596
Sep 29 2022	182094	49	9894	0
Sep 30 2022	175359	70	8392	15057
Oct 01 2022	180440	207	5288	0
Oct 02 2022	181169	62	791	0
Oct 03 2022	164208	55	5278	22184
Oct 04 2022	173134	110	9036	0
Oct 05 2022	158477	109	8056	22604
Oct 06 2022	158229	119	6510	6639
Oct 07 2022	165288	90	7149	0
Oct 08 2022	170845	46	5603	0
Oct 09 2022	172631	15	1801	0
Oct 10 2022	153158	18	1543	20998
Oct 11 2022	149440	88	7311	10941
Oct 12 2022	153858	60	4478	0
Oct 13 2022	147831	44	4189	10172
Oct 14 2022	147881	66	6318	6202
Oct 15 2022	151142	9	3270	0
Oct 16 2022	151756	2	616	0
Oct 17 2022	155486	96	3826	0
Oct 18 2022	164259	83	8856	0
Oct 19 2022	132402	102	8610	40365
Oct 20 2022	137432	66	5096	0
Oct 21 2022	135651	37	3400	5144
Oct 22 2022	142309	84	6742	0
Oct 23 2022	144130	15	1836	0
Oct 24 2022	140124	33	4063	8036
Oct 25 2022	125936	84	6479	20583
Oct 26 2022	127069	163	7774	6478
Oct 27 2022	130640	53	8580	4956
Oct 28 2022	137190	119	6669	0
Oct 29 2022	138080	11	901	0
Oct 30 2022	139513	12	1445	0
Oct 31 2022	130378	50	3731	12816
Nov 01 2022	129725	65	8271	8859
Nov 02 2022	133962	30	4267	0
Nov 03 2022	137039	16	4573	1480
Nov 04 2022	134164	68	2738	5545
Nov 05 2022	136020	35	1891	0
Nov 06 2022	136751	6	737	0
Nov 07 2022	123307	19	4639	18064
Nov 08 2022	135182	95	11970	0
Nov 09 2022	144643	78	9539	0
Nov 10 2022	134175	42	9485	19911
Nov 11 2022	145525	46	20914	9518
Nov 12 2022	150757	30	5262	0
Nov 13 2022	151894	3	1140	0
Nov 14 2022	157469	8	5583	0
Nov 15 2022	160027	24	2582	0
Nov 16 2022	148179	41	16089	27896
Nov 17 2022	157760	75	29102	19446
Nov 18 2022	182989	72	30438	5137
Nov 19 2022	203359	36	20406	0
Nov 20 2022	207650	9	4300	0
Nov 21 2022	209468	61	1879	0
Nov 22 2022	229235	159	27931	8005
Nov 23 2022	246284	102	27171	10020
Nov 24 2022	270771	71	25790	1232
Nov 25 2022	297096	104	40923	14494
Nov 26 2022	315405	45	18354	0
Nov 27 2022	321057	15	5667	0
Nov 28 2022	338726	41	17710	0
Nov 29 2022	342671	116	38510	34449
Nov 30 2022	378995	136	36460	0
Dec 01 2022	389096	145	31767	21521
Dec 02 2022	423500	131	39251	4716
Dec 03 2022	447842	84	24426	0
Dec 04 2022	456517	18	8693	0
Dec 05 2022	483629	67	27179	0
Dec 06 2022	529683	167	46221	0
Dec 07 2022	576872	170	47359	0
Dec 08 2022	517416	104	33433	92785
Dec 09 2022	542730	98	25412	0
Dec 10 2022	557426	69	14765	0
Dec 11 2022	569755	40	12369	0
Dec 12 2022	531897	75	43930	81713
Dec 13 2022	543045	153	54731	43430
Dec 14 2022	566593	261	47230	23421
Dec 15 2022	590520	217	48351	24207
Dec 16 2022	639884	124	64696	15208
Dec 17 2022	667727	54	27897	0
Dec 18 2022	679419	24	11716	0
Dec 19 2022	642658	140	29579	66200
Dec 20 2022	636455	216	48900	54887
Dec 21 2022	653700	197	44415	26973
Dec 22 2022	675506	165	43392	21421
Dec 23 2022	745639	282	70415	0
Dec 24 2022	757528	32	11921	0
Dec 25 2022	765871	48	8391	0
Dec 26 2022	661971	83	31032	134849
Dec 27 2022	669294	250	35856	28283
Dec 28 2022	690242	337	37104	15819
Dec 29 2022	701696	130	27269	15685
Dec 30 2022	711596	170	41271	31201
Dec 31 2022	722128	37	10569	0
Jan 01 2023	724966	8	2846	0
Jan 02 2023	595644	83	14508	143747
Jan 03 2023	621652	203	26211	0
Jan 04 2023	537341	207	30287	114391
Jan 05 2023	565207	183	28049	0
Jan 06 2023	544443	198	30865	51431
Jan 07 2023	557686	77	13320	0
Jan 08 2023	561342	9	3665	0
Jan 09 2023	573054	40	11752	0
Jan 10 2023	436449	82	44739	181262
Jan 11 2023	434664	96	21667	23356
Jan 12 2023	454429	128	20505	612
Jan 13 2023	453136	79	20548	21762
Jan 14 2023	441065	35	10917	22953
Jan 15 2023	405462	11	4287	39879
Jan 16 2023	385549	81	23105	42937
Jan 17 2023	361150	130	21273	45542
Jan 18 2023	357048	77	14285	18310
Jan 19 2023	372490	480	15922	0
Jan 20 2023	367479	97	14569	19483
Jan 21 2023	361672	71	5441	11177
Jan 22 2023	338091	7	1073	24647
Jan 23 2023	319787	53	17855	36106
Jan 24 2023	298240	177	16472	37842
Jan 25 2023	288592	92	12452	22008
Jan 26 2023	302288	86	13782	0
Jan 27 2023	296274	54	11317	17277
Jan 28 2023	299891	24	3641	0
Jan 29 2023	267546	31	0	32314
Jan 30 2023	222303	52	0	45191
Jan 31 2023	208134	182	14972	28959
Feb 01 2023	207347	126	13363	14024
Feb 02 2023	227272	48	19973	0
Feb 03 2023	235917	97	8742	0
Feb 04 2023	217728	15	1561	19735
Feb 05 2023	218454	1	727	0
Feb 06 2023	189747	78	9828	38457
Feb 07 2023	180565	94	9217	18305
Feb 08 2023	180468	50	19899	19946
Feb 09 2023	187021	37	9733	3143
Feb 10 2023	195117	42	12716	4578
Feb 11 2023	192076	12	2193	5222
Feb 12 2023	180370	0	298	12004
Feb 13 2023	171772	88	20662	29172
Feb 14 2023	174701	65	2994	0
Feb 15 2023	165075	67	4402	13961
Feb 16 2023	165972	120	9625	8608
Feb 17 2023	173227	33	17169	9881
Feb 18 2023	174918	0	1691	0
Feb 19 2023	175402	0	484	0
Feb 20 2023	175819	0	417	0
Feb 21 2023	177677	22	1880	0
Feb 22 2023	128135	312	5174	54404
Feb 23 2023	130464	453	11616	8834
Feb 24 2023	135628	94	11587	6329
Feb 25 2023	138557	5	2934	0
Feb 26 2023	139495	14	952	0
Feb 27 2023	122813	59	13813	30436
Feb 28 2023	118520	81	14706	18918
Mar 01 2023	123266	110	10528	5672
Mar 02 2023	126560	33	3327	0
Mar 03 2023	127616	46	9262	8160
Mar 04 2023	127616	0	0	0
Mar 05 2023	127616	0	0	0
Mar 06 2023	127616	0	0	0
Mar 07 2023	127616	0	0	0
Mar 08 2023	137049	34	9467	0
Mar 09 2023	145574	46	8571	0
Mar 10 2023	154097	47	8570	0
Mar 11 2023	162622	46	8571	0
Mar 12 2023	171146	46	8570	0
Mar 13 2023	179671	46	8571	0
Mar 14 2023	188194	47	8570	0
Mar 15 2023	196719	46	8571	0
Mar 16 2023	205131	40	8452	0
Mar 17 2023	221954	81	16904	0
Mar 18 2023	230364	41	8451	0
Mar 19 2023	238776	40	8452	0
Mar 20 2023	247187	41	8452	0
Mar 21 2023	255599	40	8452	0
Mar 22 2023	263265	46	7712	0
Mar 23 2023	270932	46	7713	0
Mar 24 2023	278598	46	7712	0
Mar 25 2023	286264	46	7712	0
Mar 26 2023	293930	46	7712	0
Mar 27 2023	301597	46	7713	0
Mar 28 2023	309263	46	7712	0
Mar 29 2023	317874	45	8656	0
Mar 30 2023	326484	46	8656	0
Mar 31 2023	335095	45	8656	0
Apr 01 2023	343705	45	8655	0
Apr 02 2023	352316	45	8656	0
Apr 03 2023	360926	46	8656	0
Apr 04 2023	369537	45	8656	0
Apr 05 2023	375049	36	5548	0
Apr 06 2023	380561	37	5549	0
Apr 07 2023	386073	36	5548	0
Apr 08 2023	391584	37	5548	0
Apr 09 2023	397096	36	5548	0
Apr 10 2023	402608	37	5549	0
Apr 11 2023	408120	36	5548	0
Apr 12 2023	415082	58	7020	0
Apr 13 2023	422045	57	7020	0
Apr 14 2023	429007	58	7020	0
Apr 15 2023	435969	58	7020	0
Apr 16 2023	442931	58	7020	0
Apr 17 2023	449894	57	7020	0
Apr 18 2023	456856	58	7020	0
Apr 19 2023	462843	40	6027	0
Apr 20 2023	468829	40	6026	0
Apr 21 2023	474816	40	6027	0
Apr 22 2023	480803	39	6026	0
Apr 23 2023	486790	40	6027	0
Apr 24 2023	492776	40	6026	0
Apr 25 2023	498763	40	6027	0
Apr 26 2023	504223	48	5508	0
Apr 27 2023	509681	49	5507	0
Apr 28 2023	515141	48	5508	0
Apr 29 2023	520599	49	5507	0
Apr 30 2023	526059	48	5508	0
May 01 2023	531517	49	5507	0
May 02 2023	536977	48	5508	0
May 03 2023	540358	40	3421	0
May 04 2023	543739	41	3422	0
May 05 2023	547120	40	3421	0
May 06 2023	550501	41	3422	0
May 07 2023	553882	40	3421	0
May 08 2023	557263	41	3422	0
May 09 2023	560644	40	3421	0
May 10 2023	566517	44	5917	0
May 11 2023	572390	43	5916	0
May 12 2023	578263	44	5917	0
May 13 2023	584136	43	5916	0
May 14 2023	590009	44	5917	0
May 15 2023	595882	43	5916	0
May 16 2023	601755	44	5917	0
May 17 2023	605390	35	3670	0
May 18 2023	609026	34	3670	0
May 19 2023	612661	35	3670	0
May 20 2023	616297	35	3671	0
May 21 2023	619932	35	3670	0
May 22 2023	623568	34	3670	0
May 23 2023	627203	35	3670	0
May 24 2023	630344	35	3176	0
May 25 2023	633485	34	3175	0
May 26 2023	636626	35	3176	0
May 27 2023	639766	35	3175	0
May 28 2023	642907	35	3176	0
May 29 2023	646048	34	3175	0
May 30 2023	649189	35	3176	0
May 31 2023	652657	55	3523	0
Jun 01 2023	656124	55	3522	0
Jun 02 2023	659592	55	3523	0
Jun 03 2023	663061	54	3523	0
Jun 04 2023	666529	55	3523	0
Jun 05 2023	669996	55	3522	0
Jun 06 2023	673464	55	3523	0
Jun 07 2023	675364	15	1915	0
Jun 08 2023	677264	16	1916	0
Jun 09 2023	679164	15	1915	0
Jun 10 2023	681064	16	1916	0
Jun 11 2023	682964	15	1915	0
Jun 12 2023	684864	16	1916	0
Jun 13 2023	686764	15	1915	0
Jun 14 2023	689088	46	2370	0
Jun 15 2023	691414	45	2371	0
Jun 16 2023	693738	46	2370	0
Jun 17 2023	696063	46	2371	0
Jun 18 2023	698387	46	2370	0
Jun 19 2023	700713	45	2371	0
Jun 20 2023	703037	46	2370	0
Jun 21 2023	705217	35	2215	0
Jun 22 2023	707396	35	2214	0
Jun 23 2023	709576	35	2215	0
Jun 24 2023	711756	35	2215	0
Jun 25 2023	713936	35	2215	0
Jun 26 2023	716115	35	2214	0
Jun 27 2023	718295	35	2215	0
Jun 28 2023	719873	28	1606	0
Jun 29 2023	721450	28	1605	0
Jun 30 2023	723028	28	1606	0
Jul 01 2023	724607	27	1606	0
Jul 02 2023	726185	28	1606	0
Jul 03 2023	727762	28	1605	0
Jul 04 2023	729340	28	1606	0
Jul 05 2023	730866	23	1549	0
Jul 06 2023	732393	23	1550	0
Jul 07 2023	733919	23	1549	0
Jul 08 2023	735446	23	1550	0
Jul 09 2023	736972	23	1549	0
Jul 10 2023	738499	23	1550	0
Jul 11 2023	740025	23	1549	0
Jul 12 2023	741586	24	1585	0
Jul 13 2023	743146	24	1584	0
Jul 14 2023	744707	24	1585	0
Jul 15 2023	746267	24	1584	0
Jul 16 2023	747828	24	1585	0
Jul 17 2023	749388	24	1584	0
Jul 18 2023	750949	24	1585	0
Jul 19 2023	752706	24	1781	0
Jul 20 2023	754461	25	1780	0
Jul 21 2023	756218	24	1781	0
Jul 22 2023	757973	25	1780	0
Jul 23 2023	759730	24	1781	0
Jul 24 2023	761485	25	1780	0
Jul 25 2023	763242	24	1781	0
Jul 26 2023	764845	19	1622	0
Jul 27 2023	766447	20	1622	0
Jul 28 2023	768050	19	1622	0
Jul 29 2023	769652	19	1621	0
Jul 30 2023	771255	19	1622	0
Jul 31 2023	772857	20	1622	0
Aug 01 2023	774460	19	1622	0
Aug 02 2023	775965	15	1520	0
Aug 03 2023	777472	14	1521	0
Aug 04 2023	778977	15	1520	0
Aug 05 2023	780482	15	1520	0
Aug 06 2023	781987	15	1520	0
Aug 07 2023	783494	14	1521	0
Aug 08 2023	784999	15	1520	0
Aug 09 2023	786596	22	1619	0
Aug 10 2023	788192	23	1619	0
Aug 11 2023	789789	22	1619	0
Aug 12 2023	791384	23	1618	0
Aug 13 2023	792981	22	1619	0
Aug 14 2023	794577	23	1619	0
Aug 15 2023	796174	22	1619	0
Aug 16 2023	797323	16	1165	0
Aug 17 2023	798472	16	1165	0
Aug 18 2023	799621	16	1165	0
Aug 19 2023	800768	18	1165	0
Aug 20 2023	801916	17	1165	0
Aug 21 2023	803063	18	1165	0
Aug 22 2023	804214	15	1166	0
Aug 23 2023	806074	21	1881	0
Aug 24 2023	807934	21	1881	0
Aug 25 2023	809794	21	1881	0
Aug 26 2023	811654	21	1881	0
Aug 27 2023	813514	21	1881	0
Aug 28 2023	815374	21	1881	0
Aug 29 2023	817232	17	1875	0
Aug 30 2023	818968	0	1736	0
Aug 31 2023	820704	0	1736	0
Sep 01 2023	822440	0	1736	0
Sep 02 2023	823645	0	1205	0
Sep 03 2023	823961	20	336	0
Sep 04 2023	824276	21	336	0
Sep 05 2023	824589	23	336	0
Sep 06 2023	824908	17	336	0
Sep 07 2023	825226	18	336	0
Sep 08 2023	825544	18	336	0
Sep 09 2023	825859	21	336	0
Sep 10 2023	826174	21	336	0
Sep 11 2023	826492	18	336	0
Sep 12 2023	826806	22	336	0
Sep 13 2023	827124	18	336	0
Sep 14 2023	827441	19	336	0
Sep 15 2023	827658	19	236	0
Sep 16 2023	827847	22	211	0
Sep 17 2023	828055	12	220	0
Sep 18 2023	828250	13	208	0
Sep 19 2023	828695	30	475	0
Sep 20 2023	828678	17	0	0
Sep 21 2023	828660	18	0	0
Sep 22 2023	831331	20	2691	0
Sep 23 2023	834003	19	2691	0
Sep 24 2023	836674	20	2691	0
Sep 25 2023	839347	18	2691	0
Sep 26 2023	842020	18	2691	0
Sep 27 2023	846415	27	4422	0
Sep 28 2023	850810	27	4422	0
Sep 29 2023	855205	27	4422	0
Sep 30 2023	859600	27	4422	0
Oct 01 2023	863997	25	4422	0
Oct 02 2023	868393	26	4422	0
Oct 03 2023	872789	28	4424	0
Oct 04 2023	875907	26	3144	0
Oct 05 2023	879025	26	3144	0
Oct 06 2023	882143	26	3144	0
Oct 07 2023	885261	26	3144	0
Oct 08 2023	888379	26	3144	0
Oct 09 2023	891497	26	3144	0
Oct 10 2023	894616	24	3143	0
Oct 11 2023	895839	19	1242	0
Oct 12 2023	897062	19	1242	0
Oct 13 2023	898285	19	1242	0
Oct 14 2023	899507	20	1242	0
Oct 15 2023	900729	20	1242	0
Oct 16 2023	901953	18	1242	0
Oct 17 2023	903177	19	1243	0
Oct 18 2023	909868	37	6728	0
Oct 19 2023	916560	36	6728	0
Oct 20 2023	923251	37	6728	0
Oct 21 2023	929943	36	6728	0
Oct 22 2023	936634	37	6728	0
Oct 23 2023	943326	36	6728	0
Oct 24 2023	950021	36	6731	0
Oct 25 2023	956301	39	6319	0
Oct 26 2023	962580	40	6319	0
Oct 27 2023	968860	39	6319	0
Oct 28 2023	975139	40	6319	0
Oct 29 2023	981418	40	6319	0
Oct 30 2023	987697	40	6319	0
Oct 31 2023	993975	39	6317	0
Nov 01 2023	1000294	26	6345	0
Nov 02 2023	1006614	25	6345	0
Nov 03 2023	1012933	26	6345	0
Nov 04 2023	1019253	25	6345	0
Nov 05 2023	1025572	26	6345	0
Nov 06 2023	1031892	25	6345	0
Nov 07 2023	1038209	25	6342	0
Nov 08 2023	1038209	0	0	0
Nov 09 2023	1038209	0	0	0
Nov 10 2023	1038209	0	0	0
Nov 11 2023	1038209	0	0	0
Nov 12 2023	1038166	43	0	0
Nov 13 2023	1038037	129	0	0
Nov 14 2023	1065830	128	27921	0
Nov 15 2023	1069589	27	3786	0
Nov 16 2023	1073348	27	3786	0
Nov 17 2023	1077108	26	3786	0
Nov 18 2023	1080868	26	3786	0
Nov 19 2023	1084628	26	3786	0
Nov 20 2023	1088387	27	3786	0
Nov 21 2023	1092142	25	3780	0
Nov 22 2023	1096330	46	4234	0
Nov 23 2023	1100519	45	4234	0
Nov 24 2023	1104707	46	4234	0
Nov 25 2023	1108896	45	4234	0
Nov 26 2023	1113084	46	4234	0
Nov 27 2023	1117273	45	4234	0
Nov 28 2023	1121461	46	4234	0
Nov 29 2023	1124011	22	2572	0
Nov 30 2023	1126555	21	2565	0
Dec 01 2023	1129099	21	2565	0
Dec 02 2023	1131643	21	2565	0
Dec 03 2023	1134187	21	2565	0
Dec 04 2023	1136731	21	2565	0
Dec 05 2023	1139275	21	2565	0
Dec 06 2023	1141819	21	2565	0
Dec 07 2023	1144363	21	2565	0
Dec 08 2023	1146907	21	2565	0
Dec 09 2023	1149451	21	2565	0
Dec 10 2023	1149451	0	0	0
Dec 11 2023	1154217	44	4810	0
Dec 12 2023	1158982	43	4808	0
Dec 13 2023	1163747	43	4808	0
Dec 14 2023	1168512	43	4808	0
Dec 15 2023	1173273	47	4808	0
Dec 16 2023	1178248	22	4997	0
Dec 17 2023	1183226	22	5000	0
Dec 18 2023	1188204	22	5000	0
Dec 19 2023	1193182	22	5000	0
Dec 20 2023	1198160	22	5000	0
Dec 21 2023	1203143	20	5003	0
Dec 22 2023	1207288	30	4175	0
Dec 23 2023	1219783	30	12525	0
Dec 24 2023	1253242	30	33489	0
Dec 25 2023	1253212	30	0	0
Dec 26 2023	1253181	31	0	0
Dec 27 2023	1253152	29	0	0
Dec 28 2023	1253123	29	0	0
Dec 29 2023	1253094	29	0	0
Dec 30 2023	1253065	29	0	0
Dec 31 2023	1255910	5	2850	0
Jan 01 2024	1258752	8	2850	0
Jan 02 2024	1261594	8	2850	0
Jan 03 2024	1264436	8	2850	0
Jan 04 2024	1267278	8	2850	0
Jan 05 2024	1270100	28	2850	0
Jan 06 2024	1272913	37	2850	0
Jan 07 2024	1277766	37	4890	0
Jan 08 2024	1282589	37	4860	0
Jan 09 2024	1287412	37	4860	0
Jan 10 2024	1292235	37	4860	0
Jan 11 2024	1297058	37	4860	0
Jan 12 2024	1301881	37	4860	0
Jan 13 2024	1306704	37	4860	0
Jan 14 2024	1312192	28	5516	0
Jan 15 2024	1317654	28	5490	0
Jan 16 2024	1323116	28	5490	0
Jan 17 2024	1328578	28	5490	0
Jan 18 2024	1334040	28	5490	0
Jan 19 2024	1339502	28	5490	0
Jan 20 2024	1344964	28	5490	0
Jan 21 2024	1349317	30	4383	0
Jan 22 2024	1353641	26	4350	0
Jan 23 2024	1357965	26	4350	0
Jan 24 2024	1362289	26	4350	0
Jan 25 2024	1366613	26	4350	0
Jan 26 2024	1370937	26	4350	0
Jan 27 2024	1375261	26	4350	0
Jan 28 2024	1379585	26	4350	0
Jan 29 2024	1385604	10	6029	0
Jan 30 2024	1391591	38	6025	0
Jan 31 2024	1397584	32	6025	0
Feb 01 2024	1403571	38	6025	0
Feb 02 2024	1409558	38	6025	0
Feb 03 2024	1415545	38	6025	0
Feb 04 2024	1420237	26	4718	0
Feb 05 2024	1424931	23	4717	0
Feb 06 2024	1429625	23	4717	0
Feb 07 2024	1434319	23	4717	0
Feb 08 2024	1439013	23	4717	0
Feb 09 2024	1443707	23	4717	0
Feb 10 2024	1448401	23	4717	0
Feb 11 2024	1457396	42	9037	0
Feb 12 2024	1466405	26	9035	0
Feb 13 2024	1475414	26	9035	0
Feb 14 2024	1475388	26	0	0
Feb 15 2024	1484397	26	9035	0
Feb 16 2024	1484371	26	0	0
Feb 17 2024	1493380	26	9035	0
Feb 18 2024	1504082	56	10758	0
Feb 19 2024	1509442	17	5377	0
Feb 20 2024	1514802	17	5377	0
Feb 21 2024	1520162	17	5377	0
Feb 22 2024	1525522	17	5377	0
Feb 23 2024	1530882	17	5377	0
Feb 24 2024	1536242	17	5377	0
Feb 25 2024	1541602	17	5377	0
Feb 26 2024	1546962	17	5377	0
Feb 27 2024	1552322	17	5377	0
Feb 28 2024	1557682	17	5377	0
Feb 29 2024	1563042	17	5377	0
Mar 01 2024	1568402	17	5377	0
Mar 02 2024	1573762	17	5377	0
Mar 03 2024	1579122	17	5377	0
Mar 04 2024	1584482	17	5377	0
Mar 05 2024	1589842	17	5377	0
Mar 06 2024	1595202	17	5377	0
Mar 07 2024	1600562	17	5377	0
Mar 08 2024	1605922	17	5377	0
Mar 09 2024	1611282	17	5377	0
Mar 10 2024	1616642	17	5377	0
Mar 11 2024	1649614	145	33117	0
Mar 12 2024	1666510	89	16985	0
Mar 13 2024	1683406	89	16985	0
Mar 14 2024	1700302	89	16985	0
Mar 15 2024	1717198	89	16985	0
Mar 16 2024	1734094	89	16985	0
Mar 17 2024	1734094	0	0	0
Mar 18 2024	1734094	0	0	0
Mar 19 2024	1734094	0	0	0
Mar 20 2024	1734094	0	0	0
Mar 21 2024	1734094	0	0	0
Mar 22 2024	1734094	0	0	0
Mar 23 2024	1734094	0	0	0
Mar 24 2024	1734094	0	0	0
Mar 25 2024	1734094	0	0	0
Mar 26 2024	1734094	0	0	0
Mar 27 2024	1734094	0	0	0
