Date	Active Cases	Daily Death	New cases	Recoverd Cases
Feb 15 2020	-2	0	0	0
Feb 16 2020	-2	0	0	0
Feb 17 2020	-2	0	0	0
Feb 18 2020	-2	0	0	0
Feb 19 2020	-2	0	0	0
Feb 20 2020	-2	0	0	0
Feb 21 2020	-2	0	0	0
Feb 22 2020	-2	0	0	0
Feb 23 2020	-2	0	0	0
Feb 24 2020	-2	0	0	0
Feb 25 2020	-2	0	0	0
Feb 26 2020	-2	0	0	0
Feb 27 2020	-2	0	0	0
Feb 28 2020	0	0	0	0
Feb 29 2020	2	0	2	0
Mar 01 2020	3	0	1	0
Mar 02 2020	4	0	1	0
Mar 03 2020	3	0	0	1
Mar 04 2020	3	0	0	0
Mar 05 2020	2	1	0	0
Mar 06 2020	2	0	0	0
Mar 07 2020	2	0	0	0
Mar 08 2020	3	0	1	0
Mar 09 2020	0	0	0	3
Mar 10 2020	0	0	0	0
Mar 11 2020	4	0	4	0
Mar 12 2020	5	0	1	0
Mar 13 2020	8	0	3	0
Mar 14 2020	19	0	11	0
Mar 15 2020	36	1	18	0
Mar 16 2020	46	0	10	0
Mar 17 2020	76	0	30	0
Mar 18 2020	87	0	11	0
Mar 19 2020	111	2	26	0
Mar 20 2020	155	3	47	0
Mar 21 2020	195	0	40	0
Mar 22 2020	244	1	50	0
Mar 23 2020	311	0	67	0
Mar 24 2020	362	2	53	0
Mar 25 2020	400	1	39	0
Mar 26 2020	469	3	72	0
Mar 27 2020	581	2	114	0
Mar 28 2020	709	8	136	0
Mar 29 2020	804	9	135	31
Mar 30 2020	939	15	150	0
Mar 31 2020	1034	9	104	0
Apr 01 2020	1145	14	125	0
Apr 02 2020	1288	25	168	0
Apr 03 2020	805	21	136	598
Apr 04 2020	962	27	184	0
Apr 05 2020	1138	33	209	0
Apr 06 2020	1361	38	261	0
Apr 07 2020	1634	33	306	0
Apr 08 2020	1934	57	357	0
Apr 09 2020	2283	60	409	0
Apr 10 2020	2501	50	268	0
Apr 11 2020	2856	61	416	0
Apr 12 2020	2027	77	387	1139
Apr 13 2020	2331	81	456	71
Apr 14 2020	2490	84	364	121
Apr 15 2020	2628	98	397	161
Apr 16 2020	2981	110	463	0
Apr 17 2020	3334	112	465	0
Apr 18 2020	3826	105	597	0
Apr 19 2020	3829	137	642	502
Apr 20 2020	4483	135	789	0
Apr 21 2020	4832	179	528	0
Apr 22 2020	5380	205	753	0
Apr 23 2020	6245	212	1077	0
Apr 24 2020	7156	213	1124	0
Apr 25 2020	3689	224	1279	4522
Apr 26 2020	4429	261	1001	0
Apr 27 2020	3810	276	862	1205
Apr 28 2020	3653	305	880	732
Apr 29 2020	2303	276	1263	2337
Apr 30 2020	3071	313	1081	0
May 01 2020	4161	381	1471	0
May 02 2020	4424	347	1564	954
May 03 2020	4341	406	1393	1070
May 04 2020	5420	349	1428	0
May 05 2020	4052	357	1480	2491
May 06 2020	3888	448	1156	872
May 07 2020	4137	441	1661	971
May 08 2020	5784	399	2046	0
May 09 2020	4823	396	1968	2533
May 10 2020	4882	432	2001	1510
May 11 2020	4811	408	1613	1276
May 12 2020	5720	438	1347	0
May 13 2020	4500	447	2062	2835
May 14 2020	4890	477	1922	1055
May 15 2020	5405	487	2487	1485
May 16 2020	5407	538	2516	1976
May 17 2020	5645	545	2180	1397
May 18 2020	5782	524	2142	1481
May 19 2020	5639	576	2492	2059
May 20 2020	5925	578	2801	1937
May 21 2020	6120	575	2321	1551
May 22 2020	6850	558	3069	1781
May 23 2020	7271	567	3056	2068
May 24 2020	7972	542	3437	2194
May 25 2020	7784	537	2854	2505
May 26 2020	7292	592	2566	2466
May 27 2020	7916	614	3567	2329
May 28 2020	8718	609	3575	2164
May 29 2020	9362	588	3487	2255
May 30 2020	9110	612	3332	2972
May 31 2020	9262	566	2979	2261
Jun 01 2020	9468	593	3254	2455
Jun 02 2020	8541	623	2861	3165
Jun 03 2020	9061	680	4017	2817
Jun 04 2020	9495	642	4039	2963
Jun 05 2020	11239	665	4586	2177
Jun 06 2020	11940	644	4487	3142
Jun 07 2020	12108	588	3710	2954
Jun 08 2020	12176	654	3597	2875
Jun 09 2020	11375	683	3096	3214
Jun 10 2020	11862	733	4335	3115
Jun 11 2020	13042	679	5041	3182
Jun 12 2020	13155	698	4945	4134
Jun 13 2020	14177	666	5391	3703
Jun 14 2020	13854	722	3607	3208
Jun 15 2020	14315	685	4281	3135
Jun 16 2020	12249	708	3538	4896
Jun 17 2020	13116	709	4748	3172
Jun 18 2020	14266	763	5090	3177
Jun 19 2020	15622	750	5846	3740
Jun 20 2020	15908	670	5193	4237
Jun 21 2020	15779	645	4870	4354
Jun 22 2020	17097	605	5516	3593
Jun 23 2020	16297	686	4725	4839
Jun 24 2020	17798	661	6492	4330
Jun 25 2020	17907	634	5613	4870
Jun 26 2020	23573	636	6302	0
Jun 27 2020	28572	618	5617	0
Jun 28 2020	32461	664	4553	0
Jun 29 2020	35949	693	4181	0
Jun 30 2020	39190	687	3928	0
Jul 01 2020	44052	746	5608	0
Jul 02 2020	49206	711	5865	0
Jul 03 2020	55482	684	6960	0
Jul 04 2020	61754	687	6959	0
Jul 05 2020	65211	690	7138	2991
Jul 06 2020	66021	730	4835	3295
Jul 07 2020	66283	746	5061	4053
Jul 08 2020	67940	815	6461	3989
Jul 09 2020	70201	812	7222	4149
Jul 10 2020	72555	727	7516	4435
Jul 11 2020	74048	754	7114	4867
Jul 12 2020	75865	720	6292	3755
Jul 13 2020	75850	730	4627	3912
Jul 14 2020	75641	747	4837	4299
Jul 15 2020	77190	818	7280	4913
Jul 16 2020	77595	790	6348	5153
Jul 17 2020	79081	793	6614	4335
Jul 18 2020	80794	807	7492	4972
Jul 19 2020	83331	755	7862	4570
Jul 20 2020	83654	743	5483	4417
Jul 21 2020	83548	801	5340	4645
Jul 22 2020	84739	793	7081	5097
Jul 23 2020	85889	826	6214	4238
Jul 24 2020	89062	733	8712	4806
Jul 25 2020	89621	777	7819	6483
Jul 26 2020	91386	719	6970	4486
Jul 27 2020	91944	773	5658	4327
Jul 28 2020	91026	780	5134	5272
Jul 29 2020	92994	794	7442	4680
Jul 30 2020	92470	773	5939	5690
Jul 31 2020	94733	678	7981	5040
Aug 01 2020	96290	744	8732	6431
Aug 02 2020	99256	671	9866	6229
Aug 03 2020	98992	727	5010	4547
Aug 04 2020	96945	686	4922	6283
Aug 05 2020	97963	752	6347	4577
Aug 06 2020	99079	768	6338	4454
Aug 07 2020	101031	712	6804	4140
Aug 08 2020	102743	685	6935	4538
Aug 09 2020	103555	642	6706	5252
Aug 10 2020	103568	678	4518	3827
Aug 11 2020	103133	645	5738	5528
Aug 12 2020	104560	669	6903	4807
Aug 13 2020	106086	687	6048	3835
Aug 14 2020	108212	612	7610	4872
Aug 15 2020	109257	609	5800	4146
Aug 16 2020	109515	574	6551	5719
Aug 17 2020	109796	582	4592	3729
Aug 18 2020	108669	568	3687	4246
Aug 19 2020	109772	622	5685	3960
Aug 20 2020	110963	559	5980	4230
Aug 21 2020	113273	584	6995	4101
Aug 22 2020	114070	552	6120	4771
Aug 23 2020	116130	549	6692	4083
Aug 24 2020	116264	562	4076	3380
Aug 25 2020	114149	519	3656	5252
Aug 26 2020	114708	539	5075	3977
Aug 27 2020	115946	543	5438	3657
Aug 28 2020	117931	515	6221	3721
Aug 29 2020	119269	487	6013	4188
Aug 30 2020	120452	525	6168	4460
Aug 31 2020	120751	511	4263	3453
Sep 01 2020	119911	522	3840	4158
Sep 02 2020	121420	542	6686	4635
Sep 03 2020	122389	495	5081	3617
Sep 04 2020	122742	480	6130	5297
Sep 05 2020	124278	481	6397	4380
Sep 06 2020	126248	467	6524	4087
Sep 07 2020	127046	452	4764	3514
Sep 08 2020	125743	455	3599	4447
Sep 09 2020	126342	482	5525	4444
Sep 10 2020	126894	423	4798	3823
Sep 11 2020	127568	472	5014	3868
Sep 12 2020	128353	428	6127	4914
Sep 13 2020	130021	429	5858	3761
Sep 14 2020	130013	461	4551	4098
Sep 15 2020	128893	391	3443	4172
Sep 16 2020	128102	444	4926	5273
Sep 17 2020	128301	433	4588	3956
Sep 18 2020	127782	412	3285	3392
Sep 19 2020	128609	395	4998	3776
Sep 20 2020	129550	362	5335	4032
Sep 21 2020	129737	392	3657	3078
Sep 22 2020	128650	419	3012	3680
Sep 23 2020	129330	405	4835	3750
Sep 24 2020	130346	420	4941	3505
Sep 25 2020	131013	393	5583	4523
Sep 26 2020	132742	403	5576	3444
Sep 27 2020	135099	360	5754	3037
Sep 28 2020	136140	381	4012	2590
Sep 29 2020	135845	358	3510	3447
Sep 30 2020	136400	368	4590	3667
Oct 01 2020	138306	370	5217	2941
Oct 02 2020	139634	347	5264	3589
Oct 03 2020	140163	358	4930	4043
Oct 04 2020	140815	357	5021	4012
Oct 05 2020	139764	360	3832	4523
Oct 06 2020	138952	345	3417	3884
Oct 07 2020	139872	367	4828	3541
Oct 08 2020	140678	357	4580	3417
Oct 09 2020	122928	342	5300	22708
Oct 10 2020	123360	349	5263	4482
Oct 11 2020	124553	319	4577	3065
Oct 12 2020	124323	375	3175	3030
Oct 13 2020	123698	356	3542	3811
Oct 14 2020	123999	414	4295	3580
Oct 15 2020	125417	382	4056	2256
Oct 16 2020	126203	367	5514	4361
Oct 17 2020	128541	385	6751	4028
Oct 18 2020	130158	366	5447	3464
Oct 19 2020	130533	388	4119	3356
Oct 20 2020	129378	396	3699	4458
Oct 21 2020	130607	469	5788	4090
Oct 22 2020	132573	426	6845	4453
Oct 23 2020	134366	465	6612	4354
Oct 24 2020	135835	451	6604	4684
Oct 25 2020	135749	447	6025	5664
Oct 26 2020	136058	435	4360	3616
Oct 27 2020	134979	482	4166	4763
Oct 28 2020	136075	491	5942	4355
Oct 29 2020	137045	459	5595	4166
Oct 30 2020	137491	474	5948	5028
Oct 31 2020	138217	484	6000	4790
Nov 01 2020	139703	463	6151	4202
Nov 02 2020	139304	444	4430	4385
Nov 03 2020	137240	451	3763	5376
Nov 04 2020	136174	509	5250	5807
Nov 05 2020	136737	487	5225	4175
Nov 06 2020	137384	485	5567	4435
Nov 07 2020	138375	510	5931	4430
Nov 08 2020	139966	546	6810	4673
Nov 09 2020	140352	464	5887	5037
Nov 10 2020	139728	485	4960	5099
Nov 11 2020	140198	506	5746	4770
Nov 12 2020	141749	473	7646	5622
Nov 13 2020	142171	507	5658	4729
Nov 14 2020	142055	531	5558	5143
Nov 15 2020	143396	498	5860	4021
Nov 16 2020	141353	483	3269	4829
Nov 17 2020	139717	500	2874	4010
Nov 18 2020	137218	505	1757	3751
Nov 19 2020	136523	539	3918	4074
Nov 20 2020	136144	515	4472	4336
Nov 21 2020	137728	475	6426	4367
Nov 22 2020	139695	550	6719	4202
Nov 23 2020	144163	545	9187	4174
Nov 24 2020	145444	613	7483	5589
Nov 25 2020	148865	550	10794	6823
Nov 26 2020	152123	556	10335	6521
Nov 27 2020	154141	545	8107	5544
Nov 28 2020	165658	564	12081	0
Nov 29 2020	165384	609	10008	9673
Nov 30 2020	166074	555	6388	5143
Dec 01 2020	166794	563	6472	5189
Dec 02 2020	168753	629	8819	6231
Dec 03 2020	172602	652	11251	6750
Dec 04 2020	176361	607	11030	6664
Dec 05 2020	178414	586	12127	9488
Dec 06 2020	182714	581	11625	6744
Dec 07 2020	182812	634	7455	6723
Dec 08 2020	181211	631	6399	7369
Dec 09 2020	184056	666	11006	7495
Dec 10 2020	187295	617	11974	8118
Dec 11 2020	191552	678	11897	6962
Dec 12 2020	195236	657	12253	7912
Dec 13 2020	198683	687	12057	7923
Dec 14 2020	199863	712	8608	6716
Dec 15 2020	196023	697	5930	9073
Dec 16 2020	196185	731	11228	10335
Dec 17 2020	198156	742	10297	7584
Dec 18 2020	201139	727	11799	8089
Dec 19 2020	204021	731	12248	8635
Dec 20 2020	206683	749	12129	8718
Dec 21 2020	205885	781	6870	6887
Dec 22 2020	201166	763	5370	9326
Dec 23 2020	203828	875	12511	8974
Dec 24 2020	205746	789	11653	8946
Dec 25 2020	207411	812	12485	10008
Dec 26 2020	207605	825	9679	8660
Dec 27 2020	203808	823	4974	7948
Dec 28 2020	202262	861	6217	6902
Dec 29 2020	197591	894	5996	9773
Dec 30 2020	198849	951	12099	9890
Dec 31 2020	201969	944	12406	8342
Jan 01 2021	205180	924	12159	8024
Jan 02 2021	206431	867	11091	8973
Jan 03 2021	204690	963	6359	7137
Jan 04 2021	201404	971	5211	7526
Jan 05 2021	199471	994	6464	7403
Jan 06 2021	202367	1072	11271	7303
Jan 07 2021	207861	1020	13345	6831
Jan 08 2021	212971	1121	13734	7503
Jan 09 2021	218899	1028	14362	7406
Jan 10 2021	225476	1151	16105	8377
Jan 11 2021	227205	1106	10003	7168
Jan 12 2021	223688	1160	7594	9951
Jan 13 2021	228856	1246	14395	7981
Jan 14 2021	235236	1189	15873	8304
Jan 15 2021	241557	1184	16468	8963
Jan 16 2021	247523	1211	21366	14189
Jan 17 2021	254208	1245	20523	12593
Jan 18 2021	253456	1217	11170	10705
Jan 19 2021	245972	1345	8074	14213
Jan 20 2021	249062	1343	18894	14461
Jan 21 2021	255245	1367	20548	12998
Jan 22 2021	262969	1417	22339	13198
Jan 23 2021	268673	1341	21007	13962
Jan 24 2021	273212	1320	20057	14198
Jan 25 2021	268493	1281	10872	14310
Jan 26 2021	260229	1357	8521	15428
Jan 27 2021	263239	1371	17165	12784
Jan 28 2021	265985	1333	17944	13865
Jan 29 2021	269862	1245	18670	13548
Jan 30 2021	270233	1170	16374	14833
Jan 31 2021	272234	1178	15337	12158
Feb 01 2021	268771	1164	7030	9329
Feb 02 2021	259752	1112	5448	13355
Feb 03 2021	252211	1191	4384	10734
Feb 04 2021	249449	1160	12153	13755
Feb 05 2021	251183	1067	13575	10774
Feb 06 2021	252083	1011	13051	11140
Feb 07 2021	254338	967	13209	9987
Feb 08 2021	251484	980	6065	7939
Feb 09 2021	242966	883	3868	11503
Feb 10 2021	243095	990	10738	9619
Feb 11 2021	244961	899	11138	8373
Feb 12 2021	246077	829	10677	8732
Feb 13 2021	248137	846	10388	7482
Feb 14 2021	249885	788	9741	7205
Feb 15 2021	248095	706	4099	5183
Feb 16 2021	242723	721	3098	7749
Feb 17 2021	242577	760	8683	8069
Feb 18 2021	243776	710	8988	7079
Feb 19 2021	245409	699	9099	6767
Feb 20 2021	245731	641	7829	6866
Feb 21 2021	246872	652	7785	5992
Feb 22 2021	244780	572	3104	4624
Feb 23 2021	239665	663	2252	6704
Feb 24 2021	241773	681	8634	5845
Feb 25 2021	243120	550	8642	6745
Feb 26 2021	245624	564	8462	5394
Feb 27 2021	247276	540	7512	5320
Feb 28 2021	249321	527	7246	4674
Mar 01 2021	247692	541	2810	3898
Mar 02 2021	243455	537	2343	6043
Mar 03 2021	245457	542	7913	5369
Mar 04 2021	247821	511	7793	4918
Mar 05 2021	249550	473	7521	5319
Mar 06 2021	250634	476	6797	5237
Mar 07 2021	250841	482	6561	5872
Mar 08 2021	249355	447	2734	3773
Mar 09 2021	245217	450	1877	5565
Mar 10 2021	246792	492	7407	5340
Mar 11 2021	248383	423	6674	4660
Mar 12 2021	249283	473	6470	5097
Mar 13 2021	249933	447	6743	5646
Mar 14 2021	251178	382	6104	4477
Mar 15 2021	248672	394	2415	4527
Mar 16 2021	243484	439	1439	6188
Mar 17 2021	240189	369	1278	4204
Mar 18 2021	241980	369	6455	4295
Mar 19 2021	243961	381	6726	4364
Mar 20 2021	244868	340	5722	4475
Mar 21 2021	246428	349	5729	3820
Mar 22 2021	245174	317	2133	3070
Mar 23 2021	242121	346	1388	4095
Mar 24 2021	243663	331	5881	4008
Mar 25 2021	244955	367	5714	4055
Mar 26 2021	246621	313	5787	3808
Mar 27 2021	247976	275	5303	3673
Mar 28 2021	249309	264	4922	3325
Mar 29 2021	248138	291	1783	2663
Mar 30 2021	245649	323	1292	3458
Mar 31 2021	246390	315	5068	4012
Apr 01 2021	248094	293	5977	3980
Apr 02 2021	248729	285	5381	4461
Apr 03 2021	247621	265	3089	3932
Apr 04 2021	245176	269	1838	4014
Apr 05 2021	243596	277	1263	2566
Apr 06 2021	240914	244	1247	3685
Apr 07 2021	241981	289	4675	3319
Apr 08 2021	243782	254	5499	3444
Apr 09 2021	245259	287	5140	3376
Apr 10 2021	247158	266	5045	2880
Apr 11 2021	250497	254	6356	2763
Apr 12 2021	249802	243	1793	2245
Apr 13 2021	248417	239	1627	2773
Apr 14 2021	249930	237	4293	2543
Apr 15 2021	252136	278	5113	2629
Apr 16 2021	252993	239	4189	3093
Apr 17 2021	254476	248	4504	2773
Apr 18 2021	255488	231	4157	2914
Apr 19 2021	253933	227	1506	2834
Apr 20 2021	251397	192	1308	3652
Apr 21 2021	252198	216	4262	3245
Apr 22 2021	253614	219	4639	3004
Apr 23 2021	254536	203	3708	2583
Apr 24 2021	255225	178	3911	3044
Apr 25 2021	255180	184	3308	3169
Apr 26 2021	254136	194	1653	2503
Apr 27 2021	251988	182	1143	3109
Apr 28 2021	252634	192	3592	2754
Apr 29 2021	253972	179	3818	2301
Apr 30 2021	254765	180	3990	3017
May 01 2021	255353	180	3821	3053
May 02 2021	255965	136	3025	2277
May 03 2021	256902	156	1093	0
May 04 2021	252576	169	1027	5184
May 05 2021	252652	152	3064	2836
May 06 2021	253405	132	3021	2136
May 07 2021	253733	152	2846	2366
May 08 2021	254532	139	3043	2105
May 09 2021	254964	121	2743	2190
May 10 2021	253802	112	1175	2225
May 11 2021	251968	133	704	2405
May 12 2021	251306	145	1897	2414
May 13 2021	252102	110	3090	2184
May 14 2021	253370	117	3632	2247
May 15 2021	254056	90	2880	2104
May 16 2021	254488	108	2695	2155
May 17 2021	254056	85	1233	1580
May 18 2021	252606	100	822	2172
May 19 2021	253175	101	2767	2097
May 20 2021	253122	106	2000	1947
May 21 2021	254001	100	2628	1649
May 22 2021	256527	78	2604	0
May 23 2021	255526	84	2586	3503
May 24 2021	255317	72	1274	1411
May 25 2021	253873	104	703	2043
May 26 2021	254451	91	2483	1814
May 27 2021	255428	92	2932	1863
May 28 2021	256670	69	3000	1689
May 29 2021	257414	78	3056	2234
May 30 2021	258944	74	2725	1121
May 31 2021	258777	52	1307	1422
Jun 01 2021	257468	61	932	2180
Jun 02 2021	262211	33	6917	2141
Jun 03 2021	263325	306	3269	1849
Jun 04 2021	263919	216	2894	2084
Jun 05 2021	264797	206	2809	1725
Jun 06 2021	265549	186	2649	1711
Jun 07 2021	265281	50	1401	1619
Jun 08 2021	263811	34	881	2317
Jun 09 2021	264644	262	3449	2354
Jun 10 2021	266036	253	3855	2210
Jun 11 2021	267692	225	3672	1791
Jun 12 2021	270731	243	3282	0
Jun 13 2021	269992	274	3649	4114
Jun 14 2021	269776	53	1707	1870
Jun 15 2021	268590	37	1175	2324
Jun 16 2021	269141	239	4250	3460
Jun 17 2021	270614	200	3789	2116
Jun 18 2021	272551	168	4253	2148
Jun 19 2021	274080	167	4098	2402
Jun 20 2021	275417	192	3964	2435
Jun 21 2021	274626	36	1578	2333
Jun 22 2021	273052	57	1268	2785
Jun 23 2021	274208	261	4233	2816
Jun 24 2021	276077	342	4963	2752
Jun 25 2021	278345	221	5340	2851
Jun 26 2021	280552	278	5270	2785
Jun 27 2021	282791	175	5051	2637
Jun 28 2021	282618	43	2384	2514
Jun 29 2021	280831	44	1661	3404
Jun 30 2021	282980	195	5711	3367
Jul 01 2021	285692	244	6105	3149
Jul 02 2021	288625	201	6081	2947
Jul 03 2021	290465	177	5879	3862
Jul 04 2021	293123	155	6228	3415
Jul 05 2021	291578	42	2611	4114
Jul 06 2021	289136	67	1805	4180
Jul 07 2021	292634	269	7989	4222
Jul 08 2021	296636	234	8507	4271
Jul 09 2021	301488	266	9452	4334
Jul 10 2021	305689	217	9319	4901
Jul 11 2021	310396	232	9581	4642
Jul 12 2021	314113	62	3779	0
Jul 13 2021	307159	89	3074	9939
Jul 14 2021	313117	219	11137	4960
Jul 15 2021	319725	230	12116	5278
Jul 16 2021	325733	233	12821	6580
Jul 17 2021	331908	275	12420	5970
Jul 18 2021	337976	225	12631	6338
Jul 19 2021	336149	91	4438	6174
Jul 20 2021	332022	138	5307	9296
Jul 21 2021	337189	341	13853	8345
Jul 22 2021	343473	397	15198	8517
Jul 23 2021	351298	419	16244	8000
Jul 24 2021	358418	328	16421	8973
Jul 25 2021	363340	362	15823	10539
Jul 26 2021	361452	108	6535	8315
Jul 27 2021	355713	171	5920	11488
Jul 28 2021	361672	484	17408	10965
Jul 29 2021	369967	537	19028	10196
Jul 30 2021	377623	381	19223	11186
Jul 31 2021	384878	459	19346	11632
Aug 01 2021	391462	450	18809	11775
Aug 02 2021	387153	339	6740	10710
Aug 03 2021	378045	340	6506	15274
Aug 04 2021	381030	351	18911	15575
Aug 05 2021	388120	611	20685	12984
Aug 06 2021	395959	618	21569	13112
Aug 07 2021	402419	568	21563	14535
Aug 08 2021	407670	515	20018	14252
Aug 09 2021	400799	304	7573	14140
Aug 10 2021	389843	383	6513	17086
Aug 11 2021	392329	541	19555	16528
Aug 12 2021	399182	727	22711	15131
Aug 13 2021	408685	608	24975	14864
Aug 14 2021	415482	603	22758	15358
Aug 15 2021	424190	753	23642	14181
Aug 16 2021	416076	213	9295	17196
Aug 17 2021	405672	272	7172	17304
Aug 18 2021	403690	877	14814	15919
Aug 19 2021	415078	940	28953	16625
Aug 20 2021	420059	850	23006	17175
Aug 21 2021	423931	761	21897	17264
Aug 22 2021	426481	847	20307	16910
Aug 23 2021	418292	228	7658	15619
Aug 24 2021	406109	371	6543	18355
Aug 25 2021	404043	940	18262	19388
Aug 26 2021	408043	986	21250	16264
Aug 27 2021	411849	835	20633	15992
Aug 28 2021	414264	863	19556	16278
Aug 29 2021	415561	756	17546	15493
Aug 30 2021	407594	259	6837	14545
Aug 31 2021	396205	326	5564	16627
Sep 01 2021	392352	835	11146	14164
Sep 02 2021	394201	1177	17337	14311
Sep 03 2021	398730	993	18138	12616
Sep 04 2021	398188	725	17409	17226
Sep 05 2021	400217	647	15586	12910
Sep 06 2021	396298	272	7504	11151
Sep 07 2021	387312	330	5127	13783
Sep 08 2021	388883	1071	15784	13142
Sep 09 2021	390722	879	15876	13158
Sep 10 2021	393858	730	14828	10962
Sep 11 2021	395345	699	14233	12047
Sep 12 2021	395270	675	12511	11911
Sep 13 2021	390567	224	5139	9618
Sep 14 2021	382856	221	4161	11651
Sep 15 2021	383818	1046	12929	10921
Sep 16 2021	383661	897	13217	12477
Sep 17 2021	381216	434	7040	9051
Sep 18 2021	375674	192	3754	9104
Sep 19 2021	377120	765	11711	9500
Sep 20 2021	373270	200	4983	8633
Sep 21 2021	366669	262	3367	9706
Sep 22 2021	368955	815	12521	9420
Sep 23 2021	371151	811	11603	8596
Sep 24 2021	373474	748	11808	8737
Sep 25 2021	373412	564	10139	9637
Sep 26 2021	375213	596	9697	7300
Sep 27 2021	372893	147	3988	6161
Sep 28 2021	368408	230	3007	7262
Sep 29 2021	370163	700	9792	7337
Sep 30 2021	371464	596	9796	7899
Oct 01 2021	373518	533	8828	6241
Oct 02 2021	372511	471	7388	7924
Oct 03 2021	371576	614	7369	7690
Oct 04 2021	367638	211	2980	6707
Oct 05 2021	361002	303	2282	8615
Oct 06 2021	360937	790	7682	6957
Oct 07 2021	361304	713	7697	6617
Oct 08 2021	362391	514	7613	6012
Oct 09 2021	362313	489	7158	6747
Oct 10 2021	361683	348	6153	6435
Oct 11 2021	359230	128	2690	5015
Oct 12 2021	354960	141	2007	6136
Oct 13 2021	355870	546	7187	5731
Oct 14 2021	356968	420	6320	4802
Oct 15 2021	357862	381	5825	4550
Oct 16 2021	357138	434	5286	5576
Oct 17 2021	357392	313	5203	4636
Oct 18 2021	355421	60	1993	3904
Oct 19 2021	351920	96	1413	4818
Oct 20 2021	352226	446	4220	3468
Oct 21 2021	352867	424	5069	4004
Oct 22 2021	353620	322	4798	3723
Oct 23 2021	353803	284	4653	4186
Oct 24 2021	353973	306	4452	3976
Oct 25 2021	351446	87	1666	4106
Oct 26 2021	348423	150	1121	3994
Oct 27 2021	349031	392	4538	3538
Oct 28 2021	350240	386	4797	3202
Oct 29 2021	351194	357	4503	3192
Oct 30 2021	351215	320	4001	3660
Oct 31 2021	351386	325	3478	2982
Nov 01 2021	349935	89	1446	2808
Nov 02 2021	350830	99	994	0
Nov 03 2021	347591	269	3588	6558
Nov 04 2021	346815	154	2660	3282
Nov 05 2021	347454	244	3763	2880
Nov 06 2021	347702	282	3614	3084
Nov 07 2021	348126	261	3574	2889
Nov 08 2021	347067	60	1382	2381
Nov 09 2021	344717	77	810	3083
Nov 10 2021	345412	299	3663	2669
Nov 11 2021	346383	264	3556	2321
Nov 12 2021	347410	256	3493	2210
Nov 13 2021	348012	242	3353	2509
Nov 14 2021	348792	217	3130	2133
Nov 15 2021	347696	58	942	1980
Nov 16 2021	345441	57	775	2973
Nov 17 2021	344016	37	735	2123
Nov 18 2021	344876	332	3836	2644
Nov 19 2021	346014	356	3915	2421
Nov 20 2021	346870	216	3837	2765
Nov 21 2021	347386	227	3306	2563
Nov 22 2021	346287	99	1225	2225
Nov 23 2021	344727	53	916	2423
Nov 24 2021	345663	326	3698	2436
Nov 25 2021	347015	336	4287	2599
Nov 26 2021	348582	263	4128	2298
Nov 27 2021	349704	165	3445	2158
Nov 28 2021	350375	245	2956	2040
Nov 29 2021	349424	38	1050	1963
Nov 30 2021	347669	53	724	2426
Dec 01 2021	348408	296	3307	2272
Dec 02 2021	348778	182	3345	2793
Dec 03 2021	349171	287	3146	2466
Dec 04 2021	349483	188	3088	2588
Dec 05 2021	349337	251	2841	2736
Dec 06 2021	348385	48	970	1874
Dec 07 2021	346619	110	752	2408
Dec 08 2021	347296	289	3304	2338
Dec 09 2021	348056	292	3215	2163
Dec 10 2021	348563	293	3180	2380
Dec 11 2021	349285	199	2992	2071
Dec 12 2021	349683	235	2655	2022
Dec 13 2021	348284	52	855	2202
Dec 14 2021	346803	49	771	2203
Dec 15 2021	347079	262	2695	2157
Dec 16 2021	347548	204	2956	2283
Dec 17 2021	347965	169	2627	2041
Dec 18 2021	348549	211	2750	1955
Dec 19 2021	348792	268	2530	2019
Dec 20 2021	347654	23	841	1956
Dec 21 2021	346024	58	716	2288
Dec 22 2021	346815	245	2980	1944
Dec 23 2021	348131	198	3319	1805
Dec 24 2021	349823	149	3363	1522
Dec 25 2021	351193	162	3520	1988
Dec 26 2021	352451	89	2916	1569
Dec 27 2021	353236	18	803	0
Dec 28 2021	350254	42	943	3883
Dec 29 2021	353392	125	4426	1163
Dec 30 2021	357756	188	5290	738
Dec 31 2021	364330	153	8024	1297
Jan 01 2022	372474	143	10037	1750
Jan 02 2022	379256	97	9193	2314
Jan 03 2022	378810	19	1671	2098
Jan 04 2022	378184	37	2877	3466
Jan 05 2022	390294	130	15184	2944
Jan 06 2022	407526	94	20626	3300
Jan 07 2022	429604	128	25821	3615
Jan 08 2022	452807	168	28023	4652
Jan 09 2022	477527	202	30671	5749
Jan 10 2022	481343	31	11599	7752
Jan 11 2022	482305	78	11052	10012
Jan 12 2022	505689	162	33626	10080
Jan 13 2022	540096	190	44187	9590
Jan 14 2022	573298	148	43523	10173
Jan 15 2022	604016	195	44293	13380
Jan 16 2022	627668	227	47113	23234
Jan 17 2022	623020	76	19132	23704
Jan 18 2022	605816	59	17101	34246
Jan 19 2022	623775	320	49343	31064
Jan 20 2022	641915	323	60552	42089
Jan 21 2022	659830	278	50373	32180
Jan 22 2022	671735	331	49906	37670
Jan 23 2022	681414	364	51368	41325
Jan 24 2022	660198	98	20872	41990
Jan 25 2022	621353	118	17938	56665
Jan 26 2022	618865	475	44902	46915
Jan 27 2022	621832	532	48627	45128
Jan 28 2022	627943	495	49150	42544
Jan 29 2022	627993	437	45115	44628
Jan 30 2022	623483	522	42582	46570
Jan 31 2022	599195	131	13926	38083
Feb 01 2022	565744	198	12521	45774
Feb 02 2022	558146	829	43099	49868
Feb 03 2022	555107	573	42181	44647
Feb 04 2022	551239	648	41115	44335
Feb 05 2022	547726	688	37063	39888
Feb 06 2022	543562	588	35243	38819
Feb 07 2022	525902	129	10234	27765
Feb 08 2022	502867	206	9242	32071
Feb 09 2022	482646	132	6343	26432
Feb 10 2022	475686	743	24898	31115
Feb 11 2022	476134	927	34261	32886
Feb 12 2022	474114	564	31336	32792
Feb 13 2022	472080	579	26247	27702
Feb 14 2022	460863	122	8854	19949
Feb 15 2022	447474	146	7831	21074
Feb 16 2022	441464	643	21207	26574
Feb 17 2022	439624	520	23096	24416
Feb 18 2022	439529	470	21565	21190
Feb 19 2022	440158	457	21449	20363
Feb 20 2022	439120	470	19857	20425
Feb 21 2022	433415	163	5714	11256
Feb 22 2022	425972	98	4832	12177
Feb 23 2022	423660	706	18309	19915
Feb 24 2022	422545	449	18671	19337
Feb 25 2022	421378	362	18252	19057
Feb 26 2022	421107	380	15638	15529
Feb 27 2022	419921	331	13459	14314
Feb 28 2022	414888	72	3519	8480
Mar 01 2022	408916	63	2524	8433
Mar 02 2022	407135	382	13115	14514
Mar 03 2022	405452	304	12342	13721
Mar 04 2022	403945	461	10558	11604
Mar 05 2022	402615	308	9748	10770
Mar 06 2022	401178	220	8688	9905
Mar 07 2022	397054	35	1905	5994
Mar 08 2022	392889	42	1684	5807
Mar 09 2022	392066	265	8939	9497
Mar 10 2022	399987	244	8165	0
Mar 11 2022	391090	197	8098	16798
Mar 12 2022	390974	244	7413	7285
Mar 13 2022	390480	203	6352	6643
Mar 14 2022	388569	49	1191	3053
Mar 15 2022	386050	12	1018	3525
Mar 16 2022	385686	260	6025	6129
Mar 17 2022	385507	244	5910	5845
Mar 18 2022	385218	187	5174	5276
Mar 19 2022	385102	125	4860	4851
Mar 20 2022	384827	141	4114	4248
Mar 21 2022	383466	20	901	2242
Mar 22 2022	381652	15	671	2470
Mar 23 2022	380181	12	554	2013
Mar 24 2022	380386	158	4251	3888
Mar 25 2022	380190	155	3658	3699
Mar 26 2022	380213	202	3078	2853
Mar 27 2022	380228	101	2936	2820
Mar 28 2022	379235	15	919	1897
Mar 29 2022	378106	11	657	1775
Mar 30 2022	378148	84	2758	2632
Mar 31 2022	378328	103	2766	2483
Apr 01 2022	378710	68	2458	2008
Apr 02 2022	378981	111	2538	2156
Apr 03 2022	379164	85	3303	3035
Apr 04 2022	378572	11	839	1420
Apr 05 2022	377846	12	706	1420
Apr 06 2022	377578	83	4223	4408
Apr 07 2022	377597	85	12144	12040
Apr 08 2022	377716	105	32216	31992
Apr 09 2022	377928	87	4325	4026
Apr 10 2022	377676	125	2712	2839
Apr 11 2022	377014	5	392	1049
Apr 12 2022	376073	2	281	1220
Apr 13 2022	375496	78	648	1147
Apr 14 2022	375236	43	749	966
Apr 15 2022	375061	43	464	596
Apr 16 2022	374718	12	401	732
Apr 17 2022	374977	35	1192	898
Apr 18 2022	375288	6	1000	683
Apr 19 2022	374766	5	164	681
Apr 20 2022	374948	24	1438	1232
Apr 21 2022	375069	31	1290	1138
Apr 22 2022	375246	29	1075	869
Apr 23 2022	375414	27	1077	882
Apr 24 2022	375505	57	802	654
Apr 25 2022	375229	12	271	535
Apr 26 2022	374882	5	140	482
Apr 27 2022	375257	39	1190	776
Apr 28 2022	375666	48	1464	1007
Apr 29 2022	376084	33	1232	781
Apr 30 2022	376325	40	958	677
May 01 2022	376445	40	911	751
May 02 2022	376106	16	400	723
May 03 2022	376183	17	736	642
May 04 2022	376260	17	736	642
May 05 2022	376337	17	736	642
May 06 2022	376414	17	736	642
May 07 2022	376491	17	736	642
May 08 2022	376568	17	736	642
May 09 2022	376648	11	732	641
May 10 2022	376294	2	424	776
May 11 2022	376453	21	986	806
May 12 2022	376919	23	1198	709
May 13 2022	376557	27	645	980
May 14 2022	376600	26	936	867
May 15 2022	376971	26	1065	668
May 16 2022	377729	23	1097	316
May 17 2022	377404	6	862	1181
May 18 2022	377900	25	1062	541
May 19 2022	378364	24	1119	631
May 20 2022	378732	25	985	592
May 21 2022	379259	21	1115	567
May 22 2022	379949	28	1018	300
May 23 2022	380338	25	857	443
May 24 2022	380196	3	1176	1315
May 25 2022	381273	24	2270	1169
May 26 2022	382420	21	2423	1255
May 27 2022	383378	23	2439	1458
May 28 2022	384656	11	2086	797
May 29 2022	385670	7	1871	850
May 30 2022	385210	25	1170	1605
May 31 2022	385210	0	0	0
Jun 01 2022	385896	46	3628	2896
Jun 02 2022	387795	26	3367	1442
Jun 03 2022	389848	15	3378	1310
Jun 04 2022	391918	20	3540	1450
Jun 05 2022	393576	14	3456	1784
Jun 06 2022	393198	17	1881	2242
Jun 07 2022	391619	6	1035	2608
Jun 08 2022	394652	19	5110	2058
Jun 09 2022	397839	13	5245	2045
Jun 10 2022	401996	36	6024	1831
Jun 11 2022	406343	53	6170	1770
Jun 12 2022	410410	42	6396	2287
Jun 13 2022	409781	8	2582	3203
Jun 14 2022	407426	11	1688	4032
Jun 15 2022	412272	37	8206	3323
Jun 16 2022	418064	29	9452	3631
Jun 17 2022	424341	69	9406	3060
Jun 18 2022	430771	19	9958	3509
Jun 19 2022	436675	39	9642	3699
Jun 20 2022	435077	10	3509	5097
Jun 21 2022	430336	9	2132	6864
Jun 22 2022	438004	41	13752	6043
Jun 23 2022	447968	29	15364	5371
Jun 24 2022	458888	24	16133	5189
Jun 25 2022	470229	42	17432	6049
Jun 26 2022	480697	23	16214	5723
Jun 27 2022	486576	4	5883	0
Jun 28 2022	473390	16	3343	16513
Jun 29 2022	485188	42	20959	9119
Jun 30 2022	499548	31	23148	8757
Jul 01 2022	515929	47	24537	8109
Jul 02 2022	530656	31	24087	9329
Jul 03 2022	544566	28	24610	10672
Jul 04 2022	538007	13	6301	12847
Jul 05 2022	524065	5	4235	18172
Jul 06 2022	535786	75	27973	16177
Jul 07 2022	551362	60	31116	15480
Jul 08 2022	569554	48	32295	14055
Jul 09 2022	587092	46	32569	14985
Jul 10 2022	619232	55	32195	0
Jul 11 2022	628566	8	9342	0
Jul 12 2022	569976	12	5986	64564
Jul 13 2022	581518	92	36334	24700
Jul 14 2022	597136	72	37346	21656
Jul 15 2022	612199	74	34885	19748
Jul 16 2022	623517	85	34567	23164
Jul 17 2022	632079	71	31173	22540
Jul 18 2022	614896	13	8861	26031
Jul 19 2022	588570	19	5786	32093
Jul 20 2022	591590	134	34095	30941
Jul 21 2022	598511	107	34661	27633
Jul 22 2022	606673	115	33660	25383
Jul 23 2022	614250	89	32175	24509
Jul 24 2022	642684	105	28539	0
Jul 25 2022	592855	16	6917	56730
Jul 26 2022	564350	20	4231	32716
Jul 27 2022	564053	152	30497	30642
Jul 28 2022	564295	151	27916	27523
Jul 29 2022	566203	113	24893	22872
Jul 30 2022	566988	79	23248	22384
Jul 31 2022	564817	109	19352	21414
Aug 01 2022	545608	17	4209	23401
Aug 02 2022	520336	20	2961	28213
Aug 03 2022	514873	133	21363	26693
Aug 04 2022	511047	123	20210	23913
Aug 05 2022	511270	122	18556	18211
Aug 06 2022	511460	93	17986	17703
Aug 07 2022	507596	85	14448	18227
Aug 08 2022	494274	14	3290	16598
Aug 09 2022	477523	22	2500	19229
Aug 10 2022	475341	95	15738	17825
Aug 11 2022	474153	88	14841	15941
Aug 12 2022	473846	71	13313	13549
Aug 13 2022	474006	72	11892	11660
Aug 14 2022	472733	56	9914	11131
Aug 15 2022	464344	8	1968	10349
Aug 16 2022	451952	4	1367	13755
Aug 17 2022	450287	62	10752	12355
Aug 18 2022	448751	73	9898	11361
Aug 19 2022	447858	76	9319	10136
Aug 20 2022	446525	65	8892	10160
Aug 21 2022	444902	69	7132	8686
Aug 22 2022	438693	10	1597	7796
Aug 23 2022	430641	12	1187	9227
Aug 24 2022	429602	71	8548	9516
Aug 25 2022	428577	51	7981	8955
Aug 26 2022	428309	64	7281	7485
Aug 27 2022	427865	49	6151	6546
Aug 28 2022	426885	50	5557	6487
Aug 29 2022	423084	2	1212	5011
Aug 30 2022	418067	11	865	5871
Aug 31 2022	417380	55	6223	6855
Sep 01 2022	417216	38	5654	5780
Sep 02 2022	416957	42	4772	4989
Sep 03 2022	416704	36	4347	4564
Sep 04 2022	415779	45	3820	4700
Sep 05 2022	413210	5	990	3554
Sep 06 2022	410091	8	624	3735
Sep 07 2022	409838	22	4415	4646
Sep 08 2022	409763	23	3735	3787
Sep 09 2022	409726	30	2973	2980
Sep 10 2022	409802	30	3236	3130
Sep 11 2022	409552	23	2369	2596
Sep 12 2022	407724	3	815	2640
Sep 13 2022	405542	6	588	2764
Sep 14 2022	405737	44	2886	2647
Sep 15 2022	406058	26	2942	2595
Sep 16 2022	406138	31	2584	2473
Sep 17 2022	404345	28	1195	2960
Sep 18 2022	403184	2	809	1968
Sep 19 2022	401460	1	550	2273
Sep 20 2022	401646	21	2301	2094
Sep 21 2022	401969	29	2802	2450
Sep 22 2022	401969	0	0	0
Sep 23 2022	402336	68	4147	3712
Sep 24 2022	402178	27	1480	1611
Sep 25 2022	401231	2	402	1347
Sep 26 2022	401231	0	0	0
Sep 27 2022	400165	2	511	1575
Sep 28 2022	400470	17	1943	1621
Sep 29 2022	400470	0	0	0
Sep 30 2022	401157	36	3324	2601
Oct 01 2022	401259	11	1397	1284
Oct 02 2022	401057	19	1121	1304
Oct 03 2022	401057	0	0	0
Oct 04 2022	398979	8	635	2705
Oct 05 2022	398986	21	1636	1608
Oct 06 2022	398922	21	1632	1675
Oct 07 2022	398882	21	1463	1482
Oct 08 2022	398882	0	0	0
Oct 09 2022	398882	0	0	0
Oct 10 2022	398193	6	1568	2251
Oct 11 2022	397481	1	172	883
Oct 12 2022	397429	24	1089	1117
Oct 13 2022	397555	17	1198	1055
Oct 14 2022	397600	4	1163	1114
Oct 15 2022	397626	19	1093	1048
Oct 16 2022	397532	4	968	1058
Oct 17 2022	397532	0	0	0
Oct 18 2022	396571	2	392	1351
Oct 19 2022	396571	0	0	0
Oct 20 2022	396714	26	2226	2057
Oct 21 2022	396909	15	453	243
Oct 22 2022	396909	0	0	0
Oct 23 2022	396706	11	847	1039
Oct 24 2022	396706	0	0	0
Oct 25 2022	396258	1	144	591
Oct 26 2022	396448	7	917	720
Oct 27 2022	396645	14	760	549
Oct 28 2022	396645	0	0	0
Oct 29 2022	396645	0	0	0
Oct 30 2022	396936	39	2307	1977
Oct 31 2022	396936	0	0	0
Nov 01 2022	396588	1	126	473
Nov 02 2022	396854	17	1385	1102
Nov 03 2022	396854	0	0	0
Nov 04 2022	396920	5	628	557
Nov 05 2022	396920	0	0	0
Nov 06 2022	396920	0	0	0
Nov 07 2022	396569	0	297	648
Nov 08 2022	396569	0	0	0
Nov 09 2022	396569	0	0	0
Nov 10 2022	397346	3	1931	1151
Nov 11 2022	397706	12	1064	692
Nov 12 2022	397706	0	0	0
Nov 13 2022	397706	0	0	0
Nov 14 2022	397706	0	0	0
Nov 15 2022	398045	14	2509	2156
Nov 16 2022	398045	0	0	0
Nov 17 2022	398045	0	0	0
Nov 18 2022	398045	0	0	0
Nov 19 2022	398045	0	0	0
Nov 20 2022	398045	0	0	0
Nov 21 2022	398045	0	0	0
Nov 22 2022	399452	51	6165	4707
Nov 23 2022	398892	0	78	638
Nov 24 2022	398892	0	0	0
Nov 25 2022	398892	0	0	0
Nov 26 2022	398892	0	0	0
Nov 27 2022	398892	0	0	0
Nov 28 2022	398892	0	0	0
Nov 29 2022	398892	0	0	0
Nov 30 2022	401508	30	7616	4970
Dec 01 2022	401508	0	0	0
Dec 02 2022	401508	0	0	0
Dec 03 2022	401508	0	0	0
Dec 04 2022	401508	0	0	0
Dec 05 2022	401508	0	0	0
Dec 06 2022	407602	67	12617	6456
Dec 07 2022	409148	10	3477	1921
Dec 08 2022	411237	31	3966	1846
Dec 09 2022	413503	34	3878	1578
Dec 10 2022	413503	0	0	0
Dec 11 2022	413503	0	0	0
Dec 12 2022	413503	0	0	0
Dec 13 2022	416508	28	7872	4839
Dec 14 2022	417025	34	5051	4500
Dec 15 2022	419716	14	4811	2106
Dec 16 2022	419716	0	0	0
Dec 17 2022	427718	52	14398	6344
Dec 18 2022	427718	0	0	0
Dec 19 2022	427718	0	0	0
Dec 20 2022	423213	10	1840	6335
Dec 21 2022	425637	29	5783	3330
Dec 22 2022	429827	58	8188	3940
Dec 23 2022	434009	66	8188	3940
Dec 24 2022	438202	55	8190	3942
Dec 25 2022	438202	0	0	0
Dec 26 2022	435864	8	1219	3549
Dec 27 2022	432955	50	6229	9088
Dec 28 2022	432955	0	0	0
Dec 29 2022	435111	28	5968	3784
Dec 30 2022	435111	0	0	0
Dec 31 2022	435111	0	0	0
Jan 01 2023	435111	0	0	0
Jan 02 2023	432331	98	18477	21159
Jan 03 2023	432331	0	0	0
Jan 04 2023	431721	9	4972	5573
Jan 05 2023	431721	0	0	0
Jan 06 2023	436245	57	13094	8513
Jan 07 2023	436245	0	0	0
Jan 08 2023	441285	51	11778	6687
Jan 09 2023	438180	10	1061	4156
Jan 10 2023	433243	9	653	5581
Jan 11 2023	433243	0	0	0
Jan 12 2023	437033	74	13412	9548
Jan 13 2023	439396	45	5686	3278
Jan 14 2023	441464	58	5554	3428
Jan 15 2023	441464	0	0	0
Jan 16 2023	438481	85	5737	8635
Jan 17 2023	433335	10	563	5699
Jan 18 2023	433400	61	5346	5220
Jan 19 2023	435175	69	5431	3587
Jan 20 2023	436235	46	5989	4883
Jan 21 2023	437547	48	4880	3520
Jan 22 2023	438007	41	4380	3879
Jan 23 2023	434721	11	797	4072
Jan 24 2023	429971	16	487	5221
Jan 25 2023	430695	58	5528	4746
Jan 26 2023	432440	71	5338	3522
Jan 27 2023	432440	0	0	0
Jan 28 2023	433970	61	4963	3372
Jan 29 2023	436198	95	8330	6007
Jan 30 2023	433165	8	789	3814
Jan 31 2023	429421	8	540	4276
Feb 01 2023	429421	0	0	0
Feb 02 2023	430870	126	9081	7506
Feb 03 2023	431766	69	3972	3007
Feb 04 2023	431766	0	0	0
Feb 05 2023	431766	0	0	0
Feb 06 2023	430212	82	8365	9837
Feb 07 2023	426507	4	560	4261
Feb 08 2023	423703	4	672	3472
Feb 09 2023	425723	38	4839	2781
Feb 10 2023	427446	59	5107	3325
Feb 11 2023	427446	0	0	0
Feb 12 2023	427446	0	0	0
Feb 13 2023	427446	0	0	0
Feb 14 2023	424718	73	9245	11900
Feb 15 2023	426163	42	4825	3338
Feb 16 2023	426163	0	0	0
Feb 17 2023	426163	0	0	0
Feb 18 2023	426163	0	0	0
Feb 19 2023	431483	144	14860	9396
Feb 20 2023	431483	0	0	0
Feb 21 2023	426824	11	1038	5686
Feb 22 2023	427471	35	4250	3568
Feb 23 2023	428609	28	4215	3049
Feb 24 2023	429924	25	3870	2530
Feb 25 2023	429924	0	0	0
Feb 26 2023	429924	0	0	0
Feb 27 2023	430302	48	7841	7415
Feb 28 2023	427527	2	437	3210
Mar 01 2023	427527	0	0	0
Mar 02 2023	429951	50	8431	5957
Mar 03 2023	429951	0	0	0
Mar 04 2023	433173	58	10268	6988
Mar 05 2023	433173	0	0	0
Mar 06 2023	430782	4	525	2912
Mar 07 2023	428448	36	4566	6864
Mar 08 2023	428448	0	0	0
Mar 09 2023	429848	34	4416	2982
Mar 10 2023	431317	18	3809	2322
Mar 11 2023	431317	0	0	0
Mar 12 2023	434181	47	7744	4833
Mar 13 2023	428924	8	924	6173
Mar 14 2023	428924	0	0	0
Mar 15 2023	430181	14	4553	3282
Mar 16 2023	431414	22	4040	2785
Mar 17 2023	432910	24	3680	2160
Mar 18 2023	433988	7	3358	2273
Mar 19 2023	434718	14	3183	2439
Mar 20 2023	432183	3	524	3056
Mar 21 2023	429037	6	296	3436
Mar 22 2023	426284	2	292	3043
Mar 23 2023	427298	27	4008	2967
Mar 24 2023	427298	0	0	0
Mar 25 2023	430607	81	10903	7513
Mar 26 2023	430607	0	0	0
Mar 27 2023	428220	3	418	2802
Mar 28 2023	425331	3	518	3404
Mar 29 2023	425331	0	0	0
Mar 30 2023	426850	41	7431	5871
Mar 31 2023	429207	41	6275	3877
Apr 01 2023	429207	0	0	0
Apr 02 2023	429207	0	0	0
Apr 03 2023	428660	10	3032	3569
Apr 04 2023	426048	1	356	2967
Apr 05 2023	425947	13	2913	3001
Apr 06 2023	425851	15	2656	2737
Apr 07 2023	426027	19	2178	1983
Apr 08 2023	424611	2	444	1858
Apr 09 2023	423050	3	253	1811
Apr 10 2023	421015	1	237	2271
Apr 11 2023	418566	8	187	2628
Apr 12 2023	419055	16	3080	2575
Apr 13 2023	419055	0	0	0
Apr 14 2023	419870	36	4726	3875
Apr 15 2023	420462	14	1923	1317
Apr 16 2023	420739	11	2015	1727
Apr 17 2023	419253	2	381	1865
Apr 18 2023	417934	1	288	1606
Apr 19 2023	418884	18	2325	1357
Apr 20 2023	419937	17	2171	1101
Apr 21 2023	421001	14	1949	871
Apr 22 2023	421798	13	1915	1105
Apr 23 2023	422205	18	1763	1338
Apr 24 2023	421060	3	324	1466
Apr 25 2023	419443	2	222	1837
Apr 26 2023	419903	34	2272	1778
Apr 27 2023	420491	38	2182	1556
Apr 28 2023	421230	36	2034	1259
Apr 29 2023	421230	0	0	0
Apr 30 2023	422543	19	3755	2423
May 01 2023	421316	0	249	1476
May 02 2023	419846	18	222	1674
May 03 2023	420144	11	1459	1150
May 04 2023	420466	10	1519	1187
May 05 2023	420790	10	1545	1211
May 06 2023	421127	10	1730	1383
May 07 2023	421420	6	1474	1175
May 08 2023	420269	1	265	1415
May 09 2023	418803	0	228	1694
May 10 2023	419126	11	2027	1693
May 11 2023	419631	9	1894	1380
May 12 2023	419116	4	494	1005
May 13 2023	419116	0	0	0
May 14 2023	419116	0	0	0
May 15 2023	419116	0	0	0
May 16 2023	418584	28	3744	4248
May 17 2023	418655	18	1653	1564
May 18 2023	418850	10	1614	1409
May 19 2023	419335	14	1526	1027
May 20 2023	419760	11	1364	928
May 21 2023	420089	5	1352	1018
May 22 2023	419120	1	217	1185
May 23 2023	418040	8	125	1197
May 24 2023	418496	9	1537	1072
May 25 2023	418683	18	1361	1156
May 26 2023	418487	9	899	1086
May 27 2023	418291	8	898	1086
May 28 2023	418095	9	899	1086
May 29 2023	417899	8	899	1087
May 30 2023	417703	9	899	1086
May 31 2023	417507	8	898	1086
Jun 01 2023	417311	9	899	1086
Jun 02 2023	416947	7	619	976
Jun 03 2023	416582	8	620	977
Jun 04 2023	416218	7	619	976
Jun 05 2023	415854	7	619	976
Jun 06 2023	415489	8	620	977
Jun 07 2023	415125	7	619	976
Jun 08 2023	414761	7	619	976
Jun 09 2023	414397	7	619	976
Jun 10 2023	414032	8	620	977
Jun 11 2023	413668	7	619	976
Jun 12 2023	413642	5	353	374
Jun 13 2023	413614	5	356	379
Jun 14 2023	413752	6	676	532
Jun 15 2023	413752	0	0	0
Jun 16 2023	413934	10	629	437
Jun 17 2023	413781	3	386	536
Jun 18 2023	413572	3	365	571
Jun 19 2023	413373	4	428	623
Jun 20 2023	413449	8	340	256
Jun 21 2023	413396	8	273	318
Jun 22 2023	413420	9	445	412
Jun 23 2023	413420	9	429	420
Jun 24 2023	413450	9	467	428
Jun 25 2023	413435	10	463	468
Jun 26 2023	413641	7	490	277
Jun 27 2023	413684	4	482	435
Jun 28 2023	413728	4	482	434
Jun 29 2023	413771	4	482	435
Jun 30 2023	413812	5	481	435
Jul 01 2023	413856	4	482	434
Jul 02 2023	413899	4	482	435
Jul 03 2023	413943	4	482	434
Jul 04 2023	413980	4	427	386
Jul 05 2023	414018	4	427	385
Jul 06 2023	414057	3	427	385
Jul 07 2023	414095	4	428	386
Jul 08 2023	414133	4	427	385
Jul 09 2023	414171	4	427	385
Jul 10 2023	414209	4	427	385
Jul 11 2023	414251	3	465	420
Jul 12 2023	414292	4	465	420
Jul 13 2023	414334	4	465	419
Jul 14 2023	414376	4	466	420
Jul 15 2023	414418	4	465	419
Jul 16 2023	414459	4	465	420
Jul 17 2023	414501	4	465	419
Jul 18 2023	414521	2	228	206
Jul 19 2023	414541	2	228	206
Jul 20 2023	414561	2	228	206
Jul 21 2023	414582	2	229	206
Jul 22 2023	414603	2	228	205
Jul 23 2023	414623	2	228	206
Jul 24 2023	414643	2	228	206
Jul 25 2023	414700	6	645	582
Jul 26 2023	414758	5	644	581
Jul 27 2023	414815	6	645	582
Jul 28 2023	414874	5	645	581
Jul 29 2023	414931	6	645	582
Jul 30 2023	414989	5	644	581
Jul 31 2023	414862	6	760	881
Aug 01 2023	414849	13	0	0
Aug 02 2023	414849	0	0	0
Aug 03 2023	414849	0	0	0
Aug 04 2023	414849	0	0	0
Aug 05 2023	414849	0	0	0
Aug 06 2023	414849	0	0	0
Aug 07 2023	419611	33	4795	0
Aug 08 2023	419611	0	0	0
Aug 09 2023	419611	0	0	0
Aug 10 2023	419611	0	0	0
Aug 11 2023	419611	0	0	0
Aug 12 2023	419611	0	0	0
Aug 13 2023	419611	0	0	0
Aug 14 2023	426343	39	6771	0
Aug 15 2023	426343	0	0	0
Aug 16 2023	426343	0	0	0
Aug 17 2023	426343	0	0	0
Aug 18 2023	426343	0	0	0
Aug 19 2023	426343	0	0	0
Aug 20 2023	426343	0	0	0
Aug 21 2023	434156	49	7862	0
Aug 22 2023	434156	0	0	0
Aug 23 2023	434156	0	0	0
Aug 24 2023	434156	0	0	0
Aug 25 2023	434156	0	0	0
Aug 26 2023	434156	0	0	0
Aug 27 2023	434156	0	0	0
Aug 28 2023	443200	38	9082	0
Aug 29 2023	443200	0	0	0
Aug 30 2023	443200	0	0	0
Aug 31 2023	443200	0	0	0
Sep 01 2023	443200	0	0	0
Sep 02 2023	443200	0	0	0
Sep 03 2023	443200	0	0	0
Sep 04 2023	452826	51	9677	0
Sep 05 2023	452826	0	0	0
Sep 06 2023	452826	0	0	0
Sep 07 2023	452826	0	0	0
Sep 08 2023	452826	0	0	0
Sep 09 2023	452826	0	0	0
Sep 10 2023	452826	0	0	0
Sep 11 2023	459891	35	7100	0
Sep 12 2023	459891	0	0	0
Sep 13 2023	459891	0	0	0
Sep 14 2023	459891	0	0	0
Sep 15 2023	459891	0	0	0
Sep 16 2023	459891	0	0	0
Sep 17 2023	459891	0	0	0
Sep 18 2023	464662	40	4811	0
Sep 19 2023	464662	0	0	0
Sep 20 2023	464662	0	0	0
Sep 21 2023	464662	0	0	0
Sep 22 2023	464662	0	0	0
Sep 23 2023	464662	0	0	0
Sep 24 2023	464662	0	0	0
Sep 25 2023	466717	40	2095	0
Sep 26 2023	466717	0	0	0
Sep 27 2023	466717	0	0	0
Sep 28 2023	466717	0	0	0
Sep 29 2023	466717	0	0	0
Sep 30 2023	466717	0	0	0
Oct 01 2023	466717	0	0	0
Oct 02 2023	466954	27	264	0
Oct 03 2023	466954	0	0	0
Oct 04 2023	466954	0	0	0
Oct 05 2023	466954	0	0	0
Oct 06 2023	466954	0	0	0
Oct 07 2023	466954	0	0	0
Oct 08 2023	466954	0	0	0
Oct 09 2023	467120	25	191	0
Oct 10 2023	467120	0	0	0
Oct 11 2023	467120	0	0	0
Oct 12 2023	467120	0	0	0
Oct 13 2023	467120	0	0	0
Oct 14 2023	467120	0	0	0
Oct 15 2023	467120	0	0	0
Oct 16 2023	467270	15	165	0
Oct 17 2023	467270	0	0	0
Oct 18 2023	467270	0	0	0
Oct 19 2023	467270	0	0	0
Oct 20 2023	467270	0	0	0
Oct 21 2023	467270	0	0	0
Oct 22 2023	467270	0	0	0
Oct 23 2023	467359	10	99	0
Oct 24 2023	467359	0	0	0
Oct 25 2023	467359	0	0	0
Oct 26 2023	467359	0	0	0
Oct 27 2023	467359	0	0	0
Oct 28 2023	467359	0	0	0
Oct 29 2023	467359	0	0	0
Oct 30 2023	467417	15	73	0
Oct 31 2023	467417	0	0	0
Nov 01 2023	467417	0	0	0
Nov 02 2023	467417	0	0	0
Nov 03 2023	467417	0	0	0
Nov 04 2023	467417	0	0	0
Nov 05 2023	467417	0	0	0
Nov 06 2023	467504	8	95	0
Nov 07 2023	467504	0	0	0
Nov 08 2023	467504	0	0	0
Nov 09 2023	467504	0	0	0
Nov 10 2023	467504	0	0	0
Nov 11 2023	467504	0	0	0
Nov 12 2023	467504	0	0	0
Nov 13 2023	467557	6	59	0
Nov 14 2023	467557	0	0	0
Nov 15 2023	467557	0	0	0
Nov 16 2023	467557	0	0	0
Nov 17 2023	467557	0	0	0
Nov 18 2023	467557	0	0	0
Nov 19 2023	467557	0	0	0
Nov 20 2023	467618	9	70	0
Nov 21 2023	467618	0	0	0
Nov 22 2023	467618	0	0	0
Nov 23 2023	467618	0	0	0
Nov 24 2023	467618	0	0	0
Nov 25 2023	467618	0	0	0
Nov 26 2023	467617	5	4	0
Nov 27 2023	467617	0	0	0
Nov 28 2023	467617	0	0	0
Nov 29 2023	467617	0	0	0
Nov 30 2023	467617	0	0	0
Dec 01 2023	467617	0	0	0
Dec 02 2023	467617	0	0	0
Dec 03 2023	467713	9	105	0
Dec 04 2023	467713	0	0	0
Dec 05 2023	467713	0	0	0
Dec 06 2023	467713	0	0	0
Dec 07 2023	467713	0	0	0
Dec 08 2023	467713	0	0	0
Dec 09 2023	467713	0	0	0
Dec 10 2023	467813	2	102	0
Dec 11 2023	467813	0	0	0
Dec 12 2023	467813	0	0	0
Dec 13 2023	467813	0	0	0
Dec 14 2023	467813	0	0	0
Dec 15 2023	467813	0	0	0
Dec 16 2023	467813	0	0	0
Dec 17 2023	467924	8	119	0
Dec 18 2023	467924	0	0	0
Dec 19 2023	467924	0	0	0
Dec 20 2023	467924	0	0	0
Dec 21 2023	467924	0	0	0
Dec 22 2023	467924	0	0	0
Dec 23 2023	467924	0	0	0
Dec 24 2023	467982	6	64	0
Dec 25 2023	467982	0	0	0
Dec 26 2023	467982	0	0	0
Dec 27 2023	467982	0	0	0
Dec 28 2023	467982	0	0	0
Dec 29 2023	467982	0	0	0
Dec 30 2023	467982	0	0	0
Dec 31 2023	467986	3	7	0
Jan 01 2024	467986	0	0	0
Jan 02 2024	467986	0	0	0
Jan 03 2024	467986	0	0	0
Jan 04 2024	467986	0	0	0
Jan 05 2024	467986	0	0	0
Jan 06 2024	467986	0	0	0
Jan 07 2024	467986	0	0	0
Jan 08 2024	467986	0	0	0
Jan 09 2024	467986	0	0	0
Jan 10 2024	467986	0	0	0
Jan 11 2024	467986	0	0	0
Jan 12 2024	467986	0	0	0
Jan 13 2024	467986	0	0	0
Jan 14 2024	467986	0	0	0
Jan 15 2024	467986	0	0	0
Jan 16 2024	467986	0	0	0
Jan 17 2024	467986	0	0	0
Jan 18 2024	467986	0	0	0
Jan 19 2024	467986	0	0	0
Jan 20 2024	467986	0	0	0
Jan 21 2024	467986	0	0	0
Jan 22 2024	467986	0	0	0
Jan 23 2024	467986	0	0	0
Jan 24 2024	467986	0	0	0
Jan 25 2024	467986	0	0	0
Jan 26 2024	467986	0	0	0
Jan 27 2024	467986	0	0	0
Jan 28 2024	467986	0	0	0
Jan 29 2024	467986	0	0	0
Jan 30 2024	467986	0	0	0
Jan 31 2024	467986	0	0	0
Feb 01 2024	467986	0	0	0
Feb 02 2024	467986	0	0	0
Feb 03 2024	467986	0	0	0
Feb 04 2024	467986	0	0	0
Feb 05 2024	467986	0	0	0
Feb 06 2024	467986	0	0	0
Feb 07 2024	467986	0	0	0
Feb 08 2024	467986	0	0	0
Feb 09 2024	467986	0	0	0
Feb 10 2024	467986	0	0	0
Feb 11 2024	467986	0	0	0
Feb 12 2024	467986	0	0	0
Feb 13 2024	467986	0	0	0
Feb 14 2024	467986	0	0	0
Feb 15 2024	467986	0	0	0
Feb 16 2024	467986	0	0	0
Feb 17 2024	467986	0	0	0
Feb 18 2024	467986	0	0	0
Feb 19 2024	467986	0	0	0
Feb 20 2024	467986	0	0	0
Feb 21 2024	467986	0	0	0
Feb 22 2024	467986	0	0	0
Feb 23 2024	467986	0	0	0
Feb 24 2024	467986	0	0	0
Feb 25 2024	467986	0	0	0
Feb 26 2024	467986	0	0	0
Feb 27 2024	467986	0	0	0
Feb 28 2024	467986	0	0	0
Feb 29 2024	467986	0	0	0
Mar 01 2024	467986	0	0	0
Mar 02 2024	467986	0	0	0
Mar 03 2024	467986	0	0	0
Mar 04 2024	467986	0	0	0
Mar 05 2024	467986	0	0	0
Mar 06 2024	467986	0	0	0
Mar 07 2024	467986	0	0	0
Mar 08 2024	467986	0	0	0
Mar 09 2024	467986	0	0	0
Mar 10 2024	467986	0	0	0
Mar 11 2024	467986	0	0	0
Mar 12 2024	467986	0	0	0
Mar 13 2024	467986	0	0	0
Mar 14 2024	467986	0	0	0
Mar 15 2024	467986	0	0	0
Mar 16 2024	467986	0	0	0
Mar 17 2024	467986	0	0	0
Mar 18 2024	467986	0	0	0
Mar 19 2024	467986	0	0	0
Mar 20 2024	467986	0	0	0
Mar 21 2024	467986	0	0	0
Mar 22 2024	467986	0	0	0
Mar 23 2024	467986	0	0	0
Mar 24 2024	467986	0	0	0
Mar 25 2024	467986	0	0	0
Mar 26 2024	467986	0	0	0
Mar 27 2024	467986	0	0	0
Mar 28 2024	467986	0	0	0
Mar 29 2024	467986	0	0	0
Mar 30 2024	467986	0	0	0
Mar 31 2024	467986	0	0	0
Apr 01 2024	467986	0	0	0
Apr 02 2024	467986	0	0	0
Apr 03 2024	467986	0	0	0
Apr 04 2024	467986	0	0	0
Apr 05 2024	467986	0	0	0
Apr 06 2024	467986	0	0	0
