Date	Active Cases	Daily Death	New cases	Recoverd Cases
Feb 15 2020	0	0	0	0
Feb 16 2020	0	0	0	0
Feb 17 2020	0	0	0	0
Feb 18 2020	0	0	0	0
Feb 19 2020	0	0	0	0
Feb 20 2020	0	0	0	0
Feb 21 2020	0	0	0	0
Feb 22 2020	0	0	0	0
Feb 23 2020	0	0	0	0
Feb 24 2020	0	0	0	0
Feb 25 2020	0	0	0	0
Feb 26 2020	0	0	0	0
Feb 27 2020	0	0	0	0
Feb 28 2020	0	0	0	0
Feb 29 2020	0	0	0	0
Mar 01 2020	0	0	0	0
Mar 02 2020	0	0	0	0
Mar 03 2020	1	0	0	0
Mar 04 2020	1	0	0	0
Mar 05 2020	2	0	1	0
Mar 06 2020	8	0	6	0
Mar 07 2020	8	0	1	0
Mar 08 2020	10	1	3	0
Mar 09 2020	15	0	5	0
Mar 10 2020	17	0	2	0
Mar 11 2020	18	1	2	0
Mar 12 2020	28	0	10	0
Mar 13 2020	28	3	3	0
Mar 14 2020	39	0	11	0
Mar 15 2020	47	0	11	3
Mar 16 2020	56	0	9	0
Mar 17 2020	70	0	14	0
Mar 18 2020	88	0	18	0
Mar 19 2020	116	3	31	0
Mar 20 2020	146	0	30	0
Mar 21 2020	143	3	0	0
Mar 22 2020	227	0	108	24
Mar 23 2020	238	0	35	24
Mar 24 2020	318	5	86	1
Mar 25 2020	428	5	115	0
Mar 26 2020	485	10	87	20
Mar 27 2020	482	3	0	0
Mar 28 2020	622	16	156	0
Mar 29 2020	675	3	75	19
Mar 30 2020	530	8	0	137
Mar 31 2020	742	10	234	12
Apr 01 2020	800	13	79	8
Apr 02 2020	914	10	132	8
Apr 03 2020	976	16	88	10
Apr 04 2020	1058	3	98	13
Apr 05 2020	1152	8	103	1
Apr 06 2020	1163	18	74	45
Apr 07 2020	1219	18	87	13
Apr 08 2020	1266	13	80	20
Apr 09 2020	1321	37	99	7
Apr 10 2020	1384	8	81	10
Apr 11 2020	1468	18	167	65
Apr 12 2020	1437	3	0	28
Apr 13 2020	1504	21	135	47
Apr 14 2020	1450	10	0	44
Apr 15 2020	1681	26	294	37
Apr 16 2020	1718	26	98	35
Apr 17 2020	1680	3	0	35
Apr 18 2020	1807	24	170	19
Apr 19 2020	1880	5	102	24
Apr 20 2020	1921	21	90	28
Apr 21 2020	1907	24	113	103
Apr 22 2020	1998	21	144	32
Apr 23 2020	2082	16	147	47
Apr 24 2020	2168	29	172	57
Apr 25 2020	2263	24	173	54
Apr 26 2020	2280	18	112	77
Apr 27 2020	2345	13	111	33
Apr 28 2020	2421	26	124	22
Apr 29 2020	2531	18	158	30
Apr 30 2020	2600	10	143	64
May 01 2020	2650	18	104	36
May 02 2020	2740	31	149	28
May 03 2020	2784	24	102	34
May 04 2020	2763	37	104	88
May 05 2020	2856	10	133	30
May 06 2020	2968	24	188	52
May 07 2020	3030	24	163	77
May 08 2020	3183	29	240	58
May 09 2020	3261	18	165	69
May 10 2020	3477	13	258	29
May 11 2020	3617	24	244	80
May 12 2020	3864	13	285	25
May 13 2020	3750	26	316	404
May 14 2020	3823	63	255	119
May 15 2020	4048	8	345	112
May 16 2020	4319	18	326	37
May 17 2020	4521	26	263	35
May 18 2020	4744	24	303	56
May 19 2020	4906	29	438	247
May 20 2020	5293	26	474	61
May 21 2020	5808	34	648	99
May 22 2020	6451	45	718	30
May 23 2020	6656	31	704	468
May 24 2020	7159	18	723	202
May 25 2020	7405	39	552	267
May 26 2020	7792	45	600	168
May 27 2020	8273	42	705	182
May 28 2020	8753	21	769	268
May 29 2020	9268	31	717	171
May 30 2020	10042	21	795	0
May 31 2020	10102	29	637	548
Jun 01 2020	10436	45	564	185
Jun 02 2020	11118	34	904	188
Jun 03 2020	11843	37	949	187
Jun 04 2020	12609	66	929	97
Jun 05 2020	13291	63	840	95
Jun 06 2020	14140	42	983	92
Jun 07 2020	14143	42	774	729
Jun 08 2020	14497	76	826	396
Jun 09 2020	15312	63	1141	263
Jun 10 2020	16068	47	1226	423
Jun 11 2020	17034	79	1386	341
Jun 12 2020	17962	52	1391	411
Jun 13 2020	19074	79	1531	340
Jun 14 2020	19828	47	1282	481
Jun 15 2020	20654	55	1208	327
Jun 16 2020	21682	63	1374	283
Jun 17 2020	22645	92	1393	338
Jun 18 2020	24302	92	1958	209
Jun 19 2020	25151	81	2060	1130
Jun 20 2020	26396	34	1634	355
Jun 21 2020	27405	50	1581	522
Jun 22 2020	29042	84	2146	425
Jun 23 2020	30799	92	2272	423
Jun 24 2020	33107	100	2648	240
Jun 25 2020	34652	89	2606	972
Jun 26 2020	33821	89	2886	3628
Jun 27 2020	35435	60	2401	727
Jun 28 2020	36567	66	2189	991
Jun 29 2020	37772	126	2335	1004
Jun 30 2020	39073	71	2262	890
Jul 01 2020	40681	47	2667	1012
Jul 02 2020	42194	85	2744	1146
Jul 03 2020	43880	121	2845	1038
Jul 04 2020	45638	126	2590	706
Jul 05 2020	46295	115	2439	1667
Jul 06 2020	47897	96	2632	934
Jul 07 2020	49158	154	2979	1564
Jul 08 2020	46196	159	3604	6407
Jul 09 2020	47869	179	3663	1811
Jul 10 2020	50433	132	3367	671
Jul 11 2020	51331	127	3449	2424
Jul 12 2020	52537	165	2657	1286
Jul 13 2020	54037	120	3099	1479
Jul 14 2020	56181	207	3645	1294
Jul 15 2020	58393	193	4236	1831
Jul 16 2020	60027	181	3637	1822
Jul 17 2020	63674	211	4518	660
Jul 18 2020	63878	192	3223	2827
Jul 19 2020	66491	120	4231	1498
Jul 20 2020	68550	152	4019	1808
Jul 21 2020	70997	212	5344	2685
Jul 22 2020	74602	244	5782	1933
Jul 23 2020	78227	218	6127	2284
Jul 24 2020	80842	246	5493	2632
Jul 25 2020	82892	189	4814	2575
Jul 26 2020	84449	139	4192	2496
Jul 27 2020	87120	162	4890	2057
Jul 28 2020	90345	206	5939	2508
Jul 29 2020	93024	190	5641	2772
Jul 30 2020	96467	193	6377	2741
Jul 31 2020	99016	196	5929	3184
Aug 01 2020	101327	211	5241	2719
Aug 02 2020	104039	137	5376	2527
Aug 03 2020	106404	183	4824	2276
Aug 04 2020	110103	266	6792	2827
Aug 05 2020	114166	265	7147	2819
Aug 06 2020	118499	276	7513	2904
Aug 07 2020	122261	275	7482	3445
Aug 08 2020	123251	199	6134	4945
Aug 09 2020	65939	133	4688	61867
Aug 10 2020	68289	154	7369	4865
Aug 11 2020	68702	215	7043	6415
Aug 12 2020	70222	249	7663	5894
Aug 13 2020	72350	219	7498	5151
Aug 14 2020	71901	243	6365	6571
Aug 15 2020	71642	230	6663	6692
Aug 16 2020	70947	159	5469	6005
Aug 17 2020	69185	171	4557	6148
Aug 18 2020	70165	179	6840	5681
Aug 19 2020	71383	281	6693	5194
Aug 20 2020	74421	261	8225	4926
Aug 21 2020	76152	273	8159	6155
Aug 22 2020	77707	229	7759	5975
Aug 23 2020	77082	358	5352	5619
Aug 24 2020	80074	332	8713	5389
Aug 25 2020	82150	282	8771	6413
Aug 26 2020	86777	324	10550	5599
Aug 27 2020	90924	300	10104	5657
Aug 28 2020	96644	290	11717	5707
Aug 29 2020	98638	181	9230	7055
Aug 30 2020	98861	177	7187	6787
Aug 31 2020	100680	302	9309	7188
Sep 01 2020	103702	301	10504	7181
Sep 02 2020	107214	267	10933	7154
Sep 03 2020	112062	247	12026	6931
Sep 04 2020	113334	252	10684	9160
Sep 05 2020	114327	171	9924	8760
Sep 06 2020	112426	136	6986	8751
Sep 07 2020	113104	281	9215	8256
Sep 08 2020	115698	231	12027	9202
Sep 09 2020	111835	222	12259	15900
Sep 10 2020	115884	248	11905	7608
Sep 11 2020	117175	193	11507	10023
Sep 12 2020	118127	174	10776	9650
Sep 13 2020	117335	106	9056	9742
Sep 14 2020	117610	194	9909	9440
Sep 15 2020	119404	168	11892	9930
Sep 16 2020	121548	150	11674	9380
Sep 17 2020	126007	158	12701	8084
Sep 18 2020	126842	171	11945	10939
Sep 19 2020	125227	100	9276	10791
Sep 20 2020	123440	64	8431	10154
Sep 21 2020	111788	102	8782	20332
Sep 22 2020	115061	89	12027	8665
Sep 23 2020	119319	109	12625	8258
Sep 24 2020	121616	67	13467	11103
Sep 25 2020	124189	61	12969	10335
Sep 26 2020	125833	40	11249	9565
Sep 27 2020	125205	23	8841	9446
Sep 28 2020	126183	49	11807	10780
Sep 29 2020	130485	33	13477	9142
Sep 30 2020	136074	15	14392	8788
Oct 01 2020	141574	6	14001	8495
Oct 02 2020	144575	311	14687	11375
Oct 03 2020	143909	196	11129	11599
Oct 04 2020	140796	223	7668	10558
Oct 05 2020	139243	450	11242	12345
Oct 06 2020	142369	359	14740	11255
Oct 07 2020	147964	399	16447	10453
Oct 08 2020	148815	484	15454	14119
Oct 09 2020	151102	515	15099	12297
Oct 10 2020	150837	356	12414	12323
Oct 11 2020	148958	287	10324	11916
Oct 12 2020	146962	318	9524	11202
Oct 13 2020	150228	386	13305	9653
Oct 14 2020	155900	349	14932	8911
Oct 15 2020	158862	421	17096	13713
Oct 16 2020	161385	381	16546	13642
Oct 17 2020	161838	384	13510	12673
Oct 18 2020	159448	160	10561	12791
Oct 19 2020	171981	449	12982	0
Oct 20 2020	162252	384	16337	25682
Oct 21 2020	169286	419	18326	10873
Oct 22 2020	173839	438	16325	11334
Oct 23 2020	174335	381	15718	14841
Oct 24 2020	171610	275	11968	14418
Oct 25 2020	166874	283	9253	13706
Oct 26 2020	163414	405	11712	14767
Oct 27 2020	165535	429	14308	11758
Oct 28 2020	169315	341	13924	9803
Oct 29 2020	167224	371	13267	14987
Oct 30 2020	165286	350	13379	14967
Oct 31 2020	161983	210	9745	12838
Nov 01 2020	157077	138	6609	11377
Nov 02 2020	153492	483	9598	12700
Nov 03 2020	153946	429	12145	11262
Nov 04 2020	155761	468	10652	8369
Nov 05 2020	154125	246	11100	12490
Nov 06 2020	153441	370	11786	12100
Nov 07 2020	150190	212	8037	11076
Nov 08 2020	145711	212	5331	9598
Nov 09 2020	143015	347	8317	10666
Nov 10 2020	146396	276	11977	8320
Nov 11 2020	156928	348	10880	0
Nov 12 2020	149557	251	11163	18283
Nov 13 2020	150856	263	11859	10297
Nov 14 2020	150173	262	8468	8889
Nov 15 2020	145953	129	5645	9736
Nov 16 2020	142461	291	7893	11094
Nov 17 2020	144066	379	10621	8637
Nov 18 2020	146516	241	10332	7641
Nov 19 2020	145388	185	10097	11040
Nov 20 2020	144433	258	9608	10305
Nov 21 2020	142227	112	7140	9234
Nov 22 2020	137872	100	4184	8439
Nov 23 2020	133709	120	4265	8308
Nov 24 2020	133729	310	7164	6834
Nov 25 2020	135390	282	8593	6650
Nov 26 2020	134828	227	9043	9378
Nov 27 2020	133804	275	7846	8595
Nov 28 2020	132176	106	6098	7620
Nov 29 2020	130491	151	5432	6966
Nov 30 2020	128576	257	5726	7384
Dec 01 2020	130391	198	8037	6024
Dec 02 2020	132589	228	7533	5107
Dec 03 2020	133752	149	7629	6317
Dec 04 2020	133164	207	6899	7280
Dec 05 2020	131415	120	5201	6830
Dec 06 2020	128648	138	3278	5907
Dec 07 2020	125725	118	3199	6004
Dec 08 2020	124323	121	3610	4891
Dec 09 2020	123512	213	5303	5901
Dec 10 2020	123598	209	6994	6699
Dec 11 2020	123930	175	7112	6605
Dec 12 2020	123774	62	5274	5368
Dec 13 2020	122077	98	3558	5157
Dec 14 2020	122061	275	5062	4803
Dec 15 2020	124699	163	6981	4180
Dec 16 2020	127767	161	6843	3614
Dec 17 2020	130282	169	7326	4642
Dec 18 2020	132947	138	7002	4199
Dec 19 2020	132789	91	5795	5862
Dec 20 2020	131126	50	4116	5729
Dec 21 2020	130740	184	5853	6055
Dec 22 2020	133299	257	8141	5325
Dec 23 2020	137274	60	8586	4551
Dec 24 2020	145011	78	7815	0
Dec 25 2020	147855	30	2874	0
Dec 26 2020	133539	79	3713	17950
Dec 27 2020	132721	149	5030	5699
Dec 28 2020	132965	218	7216	6754
Dec 29 2020	138260	150	11650	6205
Dec 30 2020	144089	145	11765	5791
Dec 31 2020	155593	82	11586	0
Jan 01 2021	159599	74	4080	0
Jan 02 2021	144367	56	5240	20416
Jan 03 2021	144276	107	5884	5868
Jan 04 2021	147223	152	8222	5123
Jan 05 2021	152329	151	13790	8533
Jan 06 2021	158147	191	13441	7432
Jan 07 2021	161090	146	13835	10746
Jan 08 2021	164183	151	13346	10102
Jan 09 2021	165662	144	11057	9434
Jan 10 2021	165972	78	7808	7420
Jan 11 2021	167552	159	8704	6965
Jan 12 2021	171995	194	13783	9146
Jan 13 2021	176023	135	12725	8562
Jan 14 2021	176100	142	13286	13067
Jan 15 2021	175857	102	12332	12473
Jan 16 2021	173580	68	8932	11141
Jan 17 2021	170371	112	7264	10361
Jan 18 2021	166828	425	8185	11303
Jan 19 2021	169130	234	12141	9605
Jan 20 2021	171692	150	12112	9400
Jan 21 2021	170967	139	11396	11982
Jan 22 2021	170429	220	10753	11071
Jan 23 2021	168787	162	8362	9842
Jan 24 2021	164247	90	5031	9481
Jan 25 2021	161240	207	7578	10378
Jan 26 2021	163402	219	10409	8028
Jan 27 2021	166055	182	10843	8008
Jan 28 2021	164777	166	9471	10583
Jan 29 2021	164128	174	9838	10313
Jan 30 2021	161465	156	6902	9409
Jan 31 2021	157615	43	4975	8782
Feb 01 2021	155605	275	6614	8349
Feb 02 2021	156354	177	9695	8769
Feb 03 2021	158997	113	9196	6440
Feb 04 2021	158230	161	8891	9497
Feb 05 2021	157262	285	8374	9057
Feb 06 2021	155520	125	6680	8297
Feb 07 2021	152211	61	3658	6906
Feb 08 2021	149925	227	5154	7213
Feb 09 2021	151408	168	7794	6143
Feb 10 2021	153240	108	7739	5799
Feb 11 2021	152211	200	7311	8140
Feb 12 2021	151307	155	7151	7900
Feb 13 2021	150400	159	6057	6805
Feb 14 2021	148444	48	4245	6153
Feb 15 2021	145288	91	3259	6324
Feb 16 2021	144337	105	4003	4849
Feb 17 2021	145630	184	6064	4587
Feb 18 2021	146487	241	7671	6573
Feb 19 2021	148036	143	7886	6194
Feb 20 2021	148070	122	5944	5788
Feb 21 2021	146635	76	3709	5068
Feb 22 2021	146179	161	5417	5712
Feb 23 2021	147820	151	7477	5685
Feb 24 2021	151193	140	8183	4670
Feb 25 2021	155118	145	8234	4164
Feb 26 2021	154007	92	5083	6102
Feb 27 2021	153164	59	5469	6253
Feb 28 2021	150379	19	3168	5934
Mar 01 2021	148608	112	4658	6317
Mar 02 2021	149548	115	6653	5598
Mar 03 2021	152489	261	7855	4653
Mar 04 2021	152942	191	7432	6788
Mar 05 2021	154225	140	7891	6468
Mar 06 2021	153527	86	4860	5472
Mar 07 2021	150940	10	2922	5499
Mar 08 2021	150033	241	5058	5724
Mar 09 2021	152158	131	7307	5051
Mar 10 2021	154695	107	7693	5049
Mar 11 2021	155943	134	8204	6822
Mar 12 2021	157303	85	7849	6404
Mar 13 2021	157222	68	6278	6291
Mar 14 2021	155149	24	3697	5746
Mar 15 2021	154835	166	6164	6312
Mar 16 2021	157491	200	8235	5379
Mar 17 2021	161073	195	8304	4527
Mar 18 2021	162490	155	8328	6756
Mar 19 2021	163708	90	8160	6852
Mar 20 2021	163558	41	6826	6935
Mar 21 2021	161073	28	4032	6489
Mar 22 2021	159815	126	6401	7533
Mar 23 2021	162797	152	9405	6271
Mar 24 2021	165896	123	8300	5078
Mar 25 2021	166551	146	8238	7437
Mar 26 2021	171337	143	12936	8007
Mar 27 2021	173793	133	10338	7749
Mar 28 2021	173633	81	7208	7287
Mar 29 2021	178744	162	14014	8741
Mar 30 2021	181176	125	10154	7597
Mar 31 2021	190347	122	16056	6763
Apr 01 2021	195044	83	14430	9650
Apr 02 2021	195176	82	9902	9688
Apr 03 2021	196791	83	10384	8686
Apr 04 2021	196813	93	9955	9840
Apr 05 2021	197179	272	13667	13029
Apr 06 2021	207350	163	20870	10536
Apr 07 2021	218611	198	22039	10580
Apr 08 2021	227646	290	23683	14358
Apr 09 2021	236605	228	24130	14943
Apr 10 2021	241870	297	19419	13857
Apr 11 2021	241643	132	15262	15357
Apr 12 2021	246918	178	19437	13984
Apr 13 2021	257951	217	27001	15751
Apr 14 2021	267129	368	25157	15611
Apr 15 2021	269999	383	24999	21746
Apr 16 2021	275437	159	29472	23875
Apr 17 2021	274775	80	19119	19701
Apr 18 2021	270615	64	16267	20363
Apr 19 2021	268616	248	20461	22212
Apr 20 2021	275975	316	29145	21470
Apr 21 2021	284794	291	25932	16822
Apr 22 2021	286355	537	27216	25118
Apr 23 2021	288962	556	27884	24721
Apr 24 2021	288121	298	21220	21763
Apr 25 2021	281073	170	15012	21890
Apr 26 2021	275586	443	18793	23837
Apr 27 2021	279350	512	25495	21219
Apr 28 2021	283779	348	23718	18941
Apr 29 2021	283358	561	26053	25913
Apr 30 2021	279192	357	22420	26229
May 01 2021	274410	231	16502	21053
May 02 2021	264810	156	11394	20838
May 03 2021	258315	540	15920	21875
May 04 2021	264757	410	26238	19386
May 05 2021	271166	663	24079	17007
May 06 2021	272089	398	24086	22765
May 07 2021	273360	609	22552	20672
May 08 2021	270788	170	18024	20426
May 09 2021	263250	283	11582	18837
May 10 2021	260242	496	17381	19893
May 11 2021	268422	490	25976	17306
May 12 2021	277424	496	24475	14977
May 13 2021	281414	447	26531	22094
May 14 2021	286469	599	27363	21709
May 15 2021	286736	400	21469	20802
May 16 2021	284164	269	16350	18653
May 17 2021	291671	505	28680	20668
May 18 2021	307412	744	35543	19058
May 19 2021	329745	494	39652	16825
May 20 2021	339211	434	35884	25984
May 21 2021	348976	692	35468	25011
May 22 2021	357697	297	32171	23153
May 23 2021	358472	375	24801	23651
May 24 2021	354472	417	22651	26234
May 25 2021	354020	576	24601	24477
May 26 2021	365259	532	35399	23628
May 27 2021	367606	547	41080	38186
May 28 2021	372886	558	39207	33369
May 29 2021	366688	415	29841	35624
May 30 2021	357085	348	21346	30601
May 31 2021	353089	637	28175	31534
Jun 01 2021	357069	640	35355	30735
Jun 02 2021	363520	587	35017	27979
Jun 03 2021	366137	553	32291	29121
Jun 04 2021	369849	538	30950	26700
Jun 05 2021	360657	456	23627	32363
Jun 06 2021	345192	347	16415	31533
Jun 07 2021	335540	732	22195	31115
Jun 08 2021	340293	721	31137	25663
Jun 09 2021	346361	605	29757	23084
Jun 10 2021	342813	669	27628	30507
Jun 11 2021	339790	687	26934	29270
Jun 12 2021	330784	447	18057	26616
Jun 13 2021	317497	268	13043	26062
Jun 14 2021	310659	686	21292	27444
Jun 15 2021	314159	586	27260	23174
Jun 16 2021	319380	646	25878	20011
Jun 17 2021	316265	528	23780	26367
Jun 18 2021	310187	458	20363	25983
Jun 19 2021	301547	495	15631	23776
Jun 20 2021	289533	301	10395	22108
Jun 21 2021	277070	447	8606	20622
Jun 22 2021	280112	791	21387	17554
Jun 23 2021	290792	705	27319	15934
Jun 24 2021	291493	452	24463	23310
Jun 25 2021	292319	541	24023	22656
Jun 26 2021	290479	338	18555	20057
Jun 27 2021	285169	251	12105	17164
Jun 28 2021	284186	574	18389	18798
Jun 29 2021	291788	526	24065	15937
Jun 30 2021	299149	636	22673	14676
Jul 01 2021	304726	468	21177	15132
Jul 02 2021	302961	610	20888	22043
Jul 03 2021	294055	212	14034	22728
Jul 04 2021	283563	310	9000	19182
Jul 05 2021	280373	617	17277	19850
Jul 06 2021	284811	462	21590	16690
Jul 07 2021	289846	456	19423	13932
Jul 08 2021	288421	465	19256	20216
Jul 09 2021	283189	244	14518	19506
Jul 10 2021	275660	353	11561	18737
Jul 11 2021	266263	280	8850	17967
Jul 12 2021	262859	474	14989	17919
Jul 13 2021	268727	385	20023	13770
Jul 14 2021	276004	610	19697	11810
Jul 15 2021	273708	445	17295	19146
Jul 16 2021	272950	463	17261	17556
Jul 17 2021	268840	276	12230	16064
Jul 18 2021	260134	115	6935	15526
Jul 19 2021	259372	406	12764	13120
Jul 20 2021	260843	426	15077	13180
Jul 21 2021	264162	437	14632	10876
Jul 22 2021	261324	256	13500	16082
Jul 23 2021	259627	285	15622	17034
Jul 24 2021	255189	225	11136	15349
Jul 25 2021	248910	137	7506	13648
Jul 26 2021	246928	384	12555	14153
Jul 27 2021	251653	247	16757	11785
Jul 28 2021	257729	470	15883	9337
Jul 29 2021	257908	291	14115	13645
Jul 30 2021	256785	473	13483	14133
Jul 31 2021	254491	135	10356	12515
Aug 01 2021	248943	51	6083	11580
Aug 02 2021	246112	273	11183	13741
Aug 03 2021	249407	402	14850	11153
Aug 04 2021	253035	300	13736	9808
Aug 05 2021	251943	276	13786	14602
Aug 06 2021	250580	190	13549	14722
Aug 07 2021	247424	89	9803	12870
Aug 08 2021	241675	157	6141	11733
Aug 09 2021	239453	502	10180	11900
Aug 10 2021	241799	204	12412	9862
Aug 11 2021	244466	223	11397	8507
Aug 12 2021	244273	181	13369	13381
Aug 13 2021	240484	246	8472	12015
Aug 14 2021	235340	121	6183	11206
Aug 15 2021	228600	105	3727	10362
Aug 16 2021	221038	64	3636	11134
Aug 17 2021	219997	300	8172	8913
Aug 18 2021	221795	247	9764	7719
Aug 19 2021	221583	189	10596	10619
Aug 20 2021	218845	229	8160	10669
Aug 21 2021	215766	147	5889	8821
Aug 22 2021	209459	135	2979	9151
Aug 23 2021	206937	257	6135	8400
Aug 24 2021	208965	197	8119	5894
Aug 25 2021	210853	160	6994	4946
Aug 26 2021	212064	151	6847	5485
Aug 27 2021	209668	153	5807	8050
Aug 28 2021	205805	54	3725	7534
Aug 29 2021	199864	59	2073	7955
Aug 30 2021	198178	224	5358	6820
Aug 31 2021	199667	205	6731	5037
Sep 01 2021	200844	193	5328	3958
Sep 02 2021	198988	190	4653	6319
Sep 03 2021	196411	161	4318	6734
Sep 04 2021	193973	88	2486	4836
Sep 05 2021	190260	67	1397	5043
Sep 06 2021	189179	162	3893	4812
Sep 07 2021	189497	178	4106	3610
Sep 08 2021	189980	111	3531	2937
Sep 09 2021	43779	137	3661	149725
Sep 10 2021	41422	183	2816	4990
Sep 11 2021	38455	74	1795	4688
Sep 12 2021	36059	46	930	3280
Sep 13 2021	34600	238	2297	3518
Sep 14 2021	35046	176	3017	2395
Sep 15 2021	35329	153	2510	2074
Sep 16 2021	33630	132	2493	4060
Sep 17 2021	32424	185	2308	3329
Sep 18 2021	30892	81	1451	2902
Sep 19 2021	28521	61	622	2932
Sep 20 2021	27719	90	2162	2874
Sep 21 2021	27506	61	1837	1989
Sep 22 2021	27882	105	2034	1553
Sep 23 2021	26974	88	1733	2553
Sep 24 2021	26107	56	1849	2660
Sep 25 2021	25138	21	993	1941
Sep 26 2021	23944	13	562	1743
Sep 27 2021	23383	92	1538	2007
Sep 28 2021	23643	84	1825	1481
Sep 29 2021	23857	92	1496	1190
Sep 30 2021	23399	49	1641	2050
Oct 01 2021	23288	46	1564	1629
Oct 02 2021	22446	14	886	1714
Oct 03 2021	21320	6	386	1506
Oct 04 2021	20506	38	981	1757
Oct 05 2021	20527	40	1216	1155
Oct 06 2021	20772	56	1284	983
Oct 07 2021	20255	37	1086	1566
Oct 08 2021	19530	28	753	1450
Oct 09 2021	18791	14	470	1195
Oct 10 2021	17985	15	331	1122
Oct 11 2021	17092	18	416	1291
Oct 12 2021	17188	56	1064	912
Oct 13 2021	17728	35	1314	739
Oct 14 2021	17907	51	1350	1120
Oct 15 2021	18083	27	1358	1155
Oct 16 2021	17843	3	790	1027
Oct 17 2021	17270	3	400	970
Oct 18 2021	17253	38	912	891
Oct 19 2021	17741	33	1303	782
Oct 20 2021	18112	33	1218	814
Oct 21 2021	18659	26	1541	968
Oct 22 2021	18727	23	1385	1294
Oct 23 2021	18386	4	908	1245
Oct 24 2021	17713	3	540	1210
Oct 25 2021	17672	25	1227	1243
Oct 26 2021	17953	15	1415	1119
Oct 27 2021	18653	23	1485	762
Oct 28 2021	18929	27	1589	1286
Oct 29 2021	18973	19	1373	1310
Oct 30 2021	18444	7	812	1334
Oct 31 2021	17673	8	548	1311
Nov 01 2021	17483	39	1138	1289
Nov 02 2021	17764	21	1340	1038
Nov 03 2021	18015	19	1264	994
Nov 04 2021	17771	26	1440	1658
Nov 05 2021	17805	28	1271	1209
Nov 06 2021	17384	8	928	1341
Nov 07 2021	16777	13	593	1187
Nov 08 2021	16623	39	1288	1403
Nov 09 2021	17002	22	1349	948
Nov 10 2021	17696	19	1567	854
Nov 11 2021	17688	25	1460	1443
Nov 12 2021	18140	13	1614	1149
Nov 13 2021	18047	6	1092	1179
Nov 14 2021	17317	4	591	1317
Nov 15 2021	17416	18	1417	1300
Nov 16 2021	17939	44	1622	1055
Nov 17 2021	18495	19	1553	978
Nov 18 2021	18546	28	1755	1676
Nov 19 2021	18608	19	1518	1437
Nov 20 2021	18274	14	1095	1415
Nov 21 2021	17605	3	646	1312
Nov 22 2021	16786	5	641	1455
Nov 23 2021	17258	33	1644	1139
Nov 24 2021	18436	43	2234	1013
Nov 25 2021	19008	22	2260	1666
Nov 26 2021	19376	25	1912	1519
Nov 27 2021	19536	12	1521	1349
Nov 28 2021	18865	12	888	1547
Nov 29 2021	19458	25	1968	1350
Nov 30 2021	20468	35	2332	1287
Dec 01 2021	21252	8	1881	1089
Dec 02 2021	22597	20	2681	1316
Dec 03 2021	22954	22	2382	2003
Dec 04 2021	22598	4	1690	2042
Dec 05 2021	22190	3	1294	1699
Dec 06 2021	22664	34	2477	1969
Dec 07 2021	24005	23	3089	1725
Dec 08 2021	24504	5	1881	1377
Dec 09 2021	24815	11	2744	2422
Dec 10 2021	26428	29	3573	1931
Dec 11 2021	26447	12	2445	2414
Dec 12 2021	25677	11	1570	2329
Dec 13 2021	26832	21	3512	2336
Dec 14 2021	29278	34	4555	2075
Dec 15 2021	32271	31	4819	1795
Dec 16 2021	34316	17	5301	3239
Dec 17 2021	36846	18	5648	3100
Dec 18 2021	38821	7	4163	2181
Dec 19 2021	39035	4	3254	3036
Dec 20 2021	40515	27	5337	3830
Dec 21 2021	46915	23	9336	2913
Dec 22 2021	55039	11	11121	2986
Dec 23 2021	63296	15	13456	5184
Dec 24 2021	74523	29	16279	5023
Dec 25 2021	76319	12	7183	5375
Dec 26 2021	78511	15	7623	5416
Dec 27 2021	92395	31	20263	6348
Dec 28 2021	119612	19	33902	6666
Dec 29 2021	155218	26	42032	6400
Dec 30 2021	195070	35	50506	10619
Dec 31 2021	230180	23	47663	12530
Jan 01 2022	236813	12	20020	13375
Jan 02 2022	241703	23	20502	15589
Jan 03 2022	267670	41	44396	18388
Jan 04 2022	332806	49	81210	16025
Jan 05 2022	407825	52	95159	20088
Jan 06 2022	480726	40	109608	36667
Jan 07 2022	547684	42	110533	43533
Jan 08 2022	603561	37	101689	45775
Jan 09 2022	625378	27	73319	51475
Jan 10 2022	667662	51	88352	46017
Jan 11 2022	761294	52	134439	40755
Jan 12 2022	846580	75	131082	45721
Jan 13 2022	894656	138	128402	80188
Jan 14 2022	936382	93	139853	98034
Jan 15 2022	933562	88	96652	99384
Jan 16 2022	895744	51	65241	103008
Jan 17 2022	885619	191	102458	112392
Jan 18 2022	904413	189	120982	101999
Jan 19 2022	943655	208	128321	88871
Jan 20 2022	963302	181	129709	109881
Jan 21 2022	949298	160	118171	132015
Jan 22 2022	922863	134	98146	124447
Jan 23 2022	880266	65	69884	112416
Jan 24 2022	833235	276	78121	124876
Jan 25 2022	836932	259	100863	96907
Jan 26 2022	847423	316	88503	77696
Jan 27 2022	815390	333	77729	109429
Jan 28 2022	763420	305	63884	115549
Jan 29 2022	696096	179	41978	109123
Jan 30 2022	609436	152	21570	108078
Jan 31 2022	550713	285	43472	101910
Feb 01 2022	512566	240	49122	87029
Feb 02 2022	486367	321	45070	70948
Feb 03 2022	449120	318	42437	79366
Feb 04 2022	397525	287	40094	91402
Feb 05 2022	347780	145	21836	71436
Feb 06 2022	301247	100	12664	59097
Feb 07 2022	273507	259	25406	52887
Feb 08 2022	268865	284	32790	37148
Feb 09 2022	269351	217	27252	26549
Feb 10 2022	249436	263	25110	44762
Feb 11 2022	225734	152	16503	40053
Feb 12 2022	203078	128	11322	33850
Feb 13 2022	178587	94	6289	30686
Feb 14 2022	161459	268	13050	29910
Feb 15 2022	161032	236	18573	18764
Feb 16 2022	164630	180	17034	13256
Feb 17 2022	156900	159	16650	24221
Feb 18 2022	146408	138	15389	25743
Feb 19 2022	133219	123	7807	20873
Feb 20 2022	118719	93	4450	18857
Feb 21 2022	116763	173	11170	12953
Feb 22 2022	122535	167	16950	11011
Feb 23 2022	126617	157	12564	8325
Feb 24 2022	123960	97	10298	12858
Feb 25 2022	117377	86	9487	15984
Feb 26 2022	109452	90	5595	13430
Feb 27 2022	100112	72	3610	12878
Feb 28 2022	92314	32	3478	11244
Mar 01 2022	89195	105	3520	6534
Mar 02 2022	91419	133	8141	5784
Mar 03 2022	89827	141	9219	10670
Mar 04 2022	83258	93	8362	14838
Mar 05 2022	77955	84	4430	9649
Mar 06 2022	72628	60	2274	7541
Mar 07 2022	71304	74	6286	7536
Mar 08 2022	73085	59	6474	4634
Mar 09 2022	75053	54	6096	4074
Mar 10 2022	76477	54	6137	4659
Mar 11 2022	77462	42	5615	4588
Mar 12 2022	73121	71	2986	7256
Mar 13 2022	67545	65	1236	6747
Mar 14 2022	65247	70	4647	6875
Mar 15 2022	66071	38	5076	4214
Mar 16 2022	67243	39	4681	3470
Mar 17 2022	65502	29	4577	6289
Mar 18 2022	74185	76	14416	5657
Mar 19 2022	71064	44	1697	4774
Mar 20 2022	67753	11	1227	4527
Mar 21 2022	66482	105	3614	4780
Mar 22 2022	67358	76	4690	3738
Mar 23 2022	68184	77	3603	2700
Mar 24 2022	65646	28	1580	4090
Mar 25 2022	64060	66	2572	4092
Mar 26 2022	61870	58	1445	3577
Mar 27 2022	59492	5	818	3191
Mar 28 2022	48473	34	2655	13640
Mar 29 2022	49547	27	3432	2331
Mar 30 2022	50413	27	2965	2072
Mar 31 2022	49814	22	2784	3361
Apr 01 2022	48012	33	1927	3696
Apr 02 2022	46164	7	802	2643
Apr 03 2022	45152	6	484	1490
Apr 04 2022	44470	21	1974	2635
Apr 05 2022	44562	20	2228	2116
Apr 06 2022	44995	38	2082	1611
Apr 07 2022	43755	14	1842	3068
Apr 08 2022	42911	36	1993	2801
Apr 09 2022	41184	3	840	2564
Apr 10 2022	39266	1	453	2370
Apr 11 2022	38894	35	1590	1927
Apr 12 2022	39421	35	2077	1515
Apr 13 2022	39739	17	1720	1385
Apr 14 2022	39739	21	1428	1407
Apr 15 2022	37437	21	593	2874
Apr 16 2022	36152	17	551	1819
Apr 17 2022	35666	0	428	914
Apr 18 2022	36463	28	1615	790
Apr 19 2022	35423	28	1615	2627
Apr 20 2022	33606	28	1615	3404
Apr 21 2022	32256	28	1615	2937
Apr 22 2022	31087	28	1615	2756
Apr 23 2022	30776	29	1616	1898
Apr 24 2022	31590	29	1616	773
Apr 25 2022	32644	16	1538	468
Apr 26 2022	32270	16	1600	1958
Apr 27 2022	33141	16	3099	2212
Apr 28 2022	32604	17	1545	2065
Apr 29 2022	32095	17	1333	1825
Apr 30 2022	31406	16	1304	1977
May 01 2022	31590	13	1024	827
May 02 2022	33658	11	2521	442
May 03 2022	34589	11	2521	1579
May 04 2022	35083	11	2571	2066
May 05 2022	35834	11	2471	1709
May 06 2022	36927	11	2521	1417
May 07 2022	38855	11	2521	582
May 08 2022	40824	10	2520	541
May 09 2022	45358	7	4962	421
May 10 2022	49084	8	5341	1607
May 11 2022	52348	7	4879	1608
May 12 2022	56093	6	5360	1609
May 13 2022	59857	7	5379	1608
May 14 2022	62695	6	4453	1609
May 15 2022	64694	6	3615	1610
May 16 2022	69412	7	6334	1609
May 17 2022	74073	7	6199	1531
May 18 2022	78582	7	6109	1593
May 19 2022	81913	7	6430	3092
May 20 2022	86743	7	6375	1538
May 21 2022	91309	7	5899	1326
May 22 2022	96146	7	6141	1297
May 23 2022	102538	9	7416	1015
May 24 2022	107682	9	7665	2512
May 25 2022	112362	10	7201	2511
May 26 2022	118105	9	8314	2562
May 27 2022	123661	9	8027	2462
May 28 2022	129238	9	8098	2512
May 29 2022	131774	9	5057	2512
May 30 2022	135915	12	6661	2508
May 31 2022	137285	12	6332	4950
Jun 01 2022	139139	12	7195	5329
Jun 02 2022	140421	12	6161	4867
Jun 03 2022	141638	12	6577	5348
Jun 04 2022	142808	12	6549	5367
Jun 05 2022	144925	12	6570	4441
Jun 06 2022	146572	3	5262	3612
Jun 07 2022	145500	3	5262	6331
Jun 08 2022	144563	3	5262	6196
Jun 09 2022	143716	3	5262	6106
Jun 10 2022	142548	3	5262	6427
Jun 11 2022	141435	3	5262	6372
Jun 12 2022	140799	3	5263	5896
Jun 13 2022	138660	4	4006	6141
Jun 14 2022	135247	3	4006	7416
Jun 15 2022	131585	3	4006	7665
Jun 16 2022	135588	3	4006	0
Jun 17 2022	132390	3	4006	7201
Jun 18 2022	128079	3	4006	8314
Jun 19 2022	124052	3	4003	8027
Jun 20 2022	114557	8	3668	13155
Jun 21 2022	118239	8	3668	-22
Jun 22 2022	115238	8	3668	6661
Jun 23 2022	112566	8	3668	6332
Jun 24 2022	109032	7	3668	7195
Jun 25 2022	106532	7	3668	6161
Jun 26 2022	103619	8	3672	6577
Jun 27 2022	100942	7	3879	6549
Jun 28 2022	98298	7	3879	6516
Jun 29 2022	96909	6	3879	5262
Jun 30 2022	95521	5	3879	5262
Jul 01 2022	94133	5	3879	5262
Jul 02 2022	92745	5	3879	5262
Jul 03 2022	91359	4	3880	5262
Jul 04 2022	85377	6	4549	10525
Jul 05 2022	89960	5	4549	-39
Jul 06 2022	90498	5	4549	4006
Jul 07 2022	91036	5	4549	4006
Jul 08 2022	91574	5	4549	4006
Jul 09 2022	92112	5	4549	4006
Jul 10 2022	92652	5	4551	4006
Jul 11 2022	94302	9	5665	4006
Jul 12 2022	95992	8	5665	3967
Jul 13 2022	97981	8	5665	3668
Jul 14 2022	99970	8	5665	3668
Jul 15 2022	101959	8	5665	3668
Jul 16 2022	103948	8	5665	3668
Jul 17 2022	105938	8	5666	3668
Jul 18 2022	108221	11	5962	3668
Jul 19 2022	110557	11	5962	3615
Jul 20 2022	112629	11	5962	3879
Jul 21 2022	114701	11	5962	3879
Jul 22 2022	116773	11	5962	3879
Jul 23 2022	118845	11	5962	3879
Jul 24 2022	120919	10	5963	3879
Jul 25 2022	124562	13	7535	3879
Jul 26 2022	128280	13	7535	3804
Jul 27 2022	131253	13	7535	4549
Jul 28 2022	134226	13	7535	4549
Jul 29 2022	137199	13	7535	4549
Jul 30 2022	140172	13	7535	4549
Jul 31 2022	143145	13	7535	4549
Aug 01 2022	144617	11	6032	4549
Aug 02 2022	146179	10	6032	4460
Aug 03 2022	146536	10	6032	5665
Aug 04 2022	146893	10	6032	5665
Aug 05 2022	147250	10	6032	5665
Aug 06 2022	147607	10	6032	5665
Aug 07 2022	147967	10	6035	5665
Aug 08 2022	141074	18	4456	11331
Aug 09 2022	145583	18	4456	-71
Aug 10 2022	144059	18	4456	5962
Aug 11 2022	142535	18	4456	5962
Aug 12 2022	141011	18	4456	5962
Aug 13 2022	139487	18	4456	5962
Aug 14 2022	137969	18	4462	5962
Aug 15 2022	135517	12	3522	5962
Aug 16 2022	133190	12	3522	5837
Aug 17 2022	129165	12	3522	7535
Aug 18 2022	125141	11	3522	7535
Aug 19 2022	121117	11	3522	7535
Aug 20 2022	117093	11	3522	7535
Aug 21 2022	113074	11	3527	7535
Aug 22 2022	108362	10	2833	7535
Aug 23 2022	103730	10	2833	7455
Aug 24 2022	100522	9	2833	6032
Aug 25 2022	97314	9	2833	6032
Aug 26 2022	94106	9	2833	6032
Aug 27 2022	90898	9	2833	6032
Aug 28 2022	87693	9	2836	6032
Aug 29 2022	83314	9	1662	6032
Aug 30 2022	78997	9	1662	5970
Aug 31 2022	76195	8	1662	4456
Sep 01 2022	73393	8	1662	4456
Sep 02 2022	70591	8	1662	4456
Sep 03 2022	67789	8	1662	4456
Sep 04 2022	64989	8	1664	4456
Sep 05 2022	57190	9	1128	8918
Sep 06 2022	58367	9	1128	-58
Sep 07 2022	55963	10	1128	3522
Sep 08 2022	53560	9	1128	3522
Sep 09 2022	51158	8	1128	3522
Sep 10 2022	48756	8	1128	3522
Sep 11 2022	46360	8	1134	3522
Sep 12 2022	43716	4	882	3522
Sep 13 2022	41128	4	882	3466
Sep 14 2022	39173	4	882	2833
Sep 15 2022	37218	4	882	2833
Sep 16 2022	35264	3	882	2833
Sep 17 2022	33310	3	882	2833
Sep 18 2022	31357	3	883	2833
Sep 19 2022	29158	6	640	2833
Sep 20 2022	26981	6	640	2811
Sep 21 2022	25953	6	640	1662
Sep 22 2022	24925	6	640	1662
Sep 23 2022	23897	6	640	1662
Sep 24 2022	22869	6	640	1662
Sep 25 2022	21843	6	642	1662
Sep 26 2022	20593	7	419	1662
Sep 27 2022	19385	5	419	1622
Sep 28 2022	18670	6	419	1128
Sep 29 2022	17955	6	419	1128
Sep 30 2022	17240	6	419	1128
Oct 01 2022	16526	5	419	1128
Oct 02 2022	15814	5	421	1128
Oct 03 2022	15002	3	319	1128
Oct 04 2022	14224	3	319	1094
Oct 05 2022	13658	3	319	882
Oct 06 2022	13092	3	319	882
Oct 07 2022	12526	3	319	882
Oct 08 2022	11960	3	319	882
Oct 09 2022	11400	3	325	882
Oct 10 2022	10783	2	267	882
Oct 11 2022	10186	2	267	862
Oct 12 2022	9811	2	267	640
Oct 13 2022	9436	2	267	640
Oct 14 2022	9061	2	267	640
Oct 15 2022	8687	1	267	640
Oct 16 2022	8314	1	268	640
Oct 17 2022	7674	0	0	640
Oct 18 2022	7044	0	0	630
Oct 19 2022	6625	0	0	419
Oct 20 2022	6206	0	0	419
Oct 21 2022	5787	0	0	419
Oct 22 2022	5368	0	0	419
Oct 23 2022	7022	9	2082	419
Oct 24 2022	6182	0	0	840
Oct 25 2022	6191	0	0	-9
Oct 26 2022	5872	0	0	319
Oct 27 2022	5553	0	0	319
Oct 28 2022	5234	0	0	319
Oct 29 2022	4915	0	0	319
Oct 30 2022	5913	12	1329	319
Oct 31 2022	5594	0	0	319
Nov 01 2022	5281	0	0	313
Nov 02 2022	5014	0	0	267
Nov 03 2022	4747	0	0	267
Nov 04 2022	4480	0	0	267
Nov 05 2022	4213	0	0	267
Nov 06 2022	5024	12	1357	534
Nov 07 2022	5036	0	0	-12
Nov 08 2022	4768	0	0	268
Nov 09 2022	4768	0	0	0
Nov 10 2022	4768	0	0	0
Nov 11 2022	4768	0	0	0
Nov 12 2022	4768	0	0	0
Nov 13 2022	6246	8	1486	0
Nov 14 2022	6254	0	0	-8
Nov 15 2022	4172	0	0	2082
Nov 16 2022	4172	0	0	0
Nov 17 2022	4172	0	0	0
Nov 18 2022	4172	0	0	0
Nov 19 2022	4172	0	0	0
Nov 20 2022	6372	6	2206	0
Nov 21 2022	6378	0	0	-6
Nov 22 2022	5049	0	0	1329
Nov 23 2022	5049	0	0	0
Nov 24 2022	5049	0	0	0
Nov 25 2022	5049	0	0	0
Nov 26 2022	5049	0	0	0
Nov 27 2022	8364	8	3323	0
Nov 28 2022	8372	0	0	-8
Nov 29 2022	7015	0	0	1357
Nov 30 2022	7015	0	0	0
Dec 01 2022	7015	0	0	0
Dec 02 2022	7015	0	0	0
Dec 03 2022	7015	0	0	0
Dec 04 2022	19615	9	12609	0
Dec 05 2022	19624	0	0	-9
Dec 06 2022	18138	0	0	1486
Dec 07 2022	18138	0	0	0
Dec 08 2022	18138	0	0	0
Dec 09 2022	18138	0	0	0
Dec 10 2022	18138	0	0	0
Dec 11 2022	45250	7	27119	0
Dec 12 2022	45257	0	0	-7
Dec 13 2022	43051	0	0	2206
Dec 14 2022	43051	0	0	0
Dec 15 2022	43051	0	0	0
Dec 16 2022	43051	0	0	0
Dec 17 2022	43051	0	0	0
Dec 18 2022	105273	39	62261	0
Dec 19 2022	110787	6	8843	3323
Dec 20 2022	119663	7	8844	-39
Dec 21 2022	128500	6	8843	0
Dec 22 2022	137337	6	8843	0
Dec 23 2022	146174	6	8843	0
Dec 24 2022	155011	7	8844	0
Dec 25 2022	163848	6	8843	0
Dec 26 2022	161597	7	10365	12609
Dec 27 2022	172001	6	10366	-44
Dec 28 2022	182359	7	10365	0
Dec 29 2022	192718	7	10366	0
Dec 30 2022	203076	7	10365	0
Dec 31 2022	213436	6	10366	0
Jan 01 2023	223794	7	10365	0
Jan 02 2023	202519	11	5855	27119
Jan 03 2023	208409	11	5854	-47
Jan 04 2023	214253	11	5855	0
Jan 05 2023	220095	12	5854	0
Jan 06 2023	225939	11	5855	0
Jan 07 2023	231782	11	5854	0
Jan 08 2023	237626	11	5855	0
Jan 09 2023	178126	13	2774	62261
Jan 10 2023	180965	12	2773	-78
Jan 11 2023	174883	13	2774	8843
Jan 12 2023	168800	13	2774	8844
Jan 13 2023	162718	13	2774	8843
Jan 14 2023	156636	12	2773	8843
Jan 15 2023	150554	13	2774	8843
Jan 16 2023	134090	8	1231	17687
Jan 17 2023	135401	8	1230	-89
Jan 18 2023	126259	8	1231	10365
Jan 19 2023	117115	8	1230	10366
Jan 20 2023	107973	8	1231	10365
Jan 21 2023	98829	8	1230	10366
Jan 22 2023	89687	8	1231	10365
Jan 23 2023	69584	4	632	20731
Jan 24 2023	70269	4	633	-56
Jan 25 2023	65042	4	632	5855
Jan 26 2023	59817	3	632	5854
Jan 27 2023	54590	4	632	5855
Jan 28 2023	49365	4	633	5854
Jan 29 2023	44138	4	632	5855
Jan 30 2023	32883	2	456	11709
Jan 31 2023	33364	3	457	-27
Feb 01 2023	31044	2	456	2774
Feb 02 2023	28725	2	456	2773
Feb 03 2023	26405	2	456	2774
Feb 04 2023	24085	3	457	2774
Feb 05 2023	21765	2	456	2774
Feb 06 2023	16218	0	0	5547
Feb 07 2023	16234	0	0	-16
Feb 08 2023	15003	0	0	1231
Feb 09 2023	13773	0	0	1230
Feb 10 2023	12542	0	0	1231
Feb 11 2023	11312	0	0	1230
Feb 12 2023	11877	11	1807	1231
Feb 13 2023	9416	0	0	2461
Feb 14 2023	9427	0	0	-11
Feb 15 2023	8795	0	0	632
Feb 16 2023	8162	0	0	633
Feb 17 2023	7530	0	0	632
Feb 18 2023	6898	0	0	632
Feb 19 2023	7428	10	1172	632
Feb 20 2023	6163	0	0	1265
Feb 21 2023	6173	0	0	-10
Feb 22 2023	5717	0	0	456
Feb 23 2023	5260	0	0	457
Feb 24 2023	4804	0	0	456
Feb 25 2023	4348	0	0	456
Feb 26 2023	4704	5	817	456
Feb 27 2023	3791	0	0	913
Feb 28 2023	3796	0	0	-5
Mar 01 2023	3796	0	0	0
Mar 02 2023	3796	0	0	0
Mar 03 2023	3796	0	0	0
Mar 04 2023	3796	0	0	0
Mar 05 2023	3796	0	0	0
Mar 06 2023	3796	0	0	0
Mar 07 2023	1989	0	0	1807
Mar 08 2023	2812	9	832	0
Mar 09 2023	2821	0	0	-9
Mar 10 2023	2821	0	0	0
Mar 11 2023	3674	1	854	0
Mar 12 2023	3674	0	0	0
Mar 13 2023	3674	0	0	0
Mar 14 2023	2502	0	0	1172
Mar 15 2023	2502	0	0	0
Mar 16 2023	2502	0	0	0
Mar 17 2023	2502	0	0	0
Mar 18 2023	4101	7	1606	0
Mar 19 2023	4101	0	0	0
Mar 20 2023	4101	0	0	0
Mar 21 2023	3284	0	0	817
Mar 22 2023	3284	0	0	0
Mar 23 2023	3284	0	0	0
Mar 24 2023	3284	0	0	0
Mar 25 2023	4496	2	1214	0
Mar 26 2023	4496	0	0	0
Mar 27 2023	4496	0	0	0
Mar 28 2023	4496	0	0	0
Mar 29 2023	4496	0	0	0
Mar 30 2023	4496	0	0	0
Mar 31 2023	3664	0	0	832
Apr 01 2023	4972	2	1310	0
Apr 02 2023	4972	0	0	0
Apr 03 2023	4972	0	0	0
Apr 04 2023	4972	0	0	0
Apr 05 2023	4972	0	0	0
Apr 06 2023	4972	0	0	0
Apr 07 2023	4972	0	0	0
Apr 08 2023	5689	4	721	0
Apr 09 2023	5689	0	0	0
Apr 10 2023	5689	0	0	0
Apr 11 2023	5689	0	0	0
Apr 12 2023	5689	0	0	0
Apr 13 2023	5689	0	0	0
Apr 14 2023	5689	0	0	0
Apr 15 2023	6489	9	809	0
Apr 16 2023	6489	0	0	0
Apr 17 2023	6489	0	0	0
Apr 18 2023	6489	0	0	0
Apr 19 2023	6489	0	0	0
Apr 20 2023	6489	0	0	0
Apr 21 2023	6489	0	0	0
Apr 22 2023	7035	4	550	0
Apr 23 2023	7035	0	0	0
Apr 24 2023	7035	0	0	0
Apr 25 2023	7035	0	0	0
Apr 26 2023	7035	0	0	0
Apr 27 2023	7035	0	0	0
Apr 28 2023	7035	0	0	0
Apr 29 2023	7823	1	789	0
Apr 30 2023	7823	0	0	0
May 01 2023	7823	0	0	0
May 02 2023	7823	0	0	0
May 03 2023	7823	0	0	0
May 04 2023	7823	0	0	0
May 05 2023	7823	0	0	0
May 06 2023	8617	2	796	0
May 07 2023	8617	0	0	0
May 08 2023	8617	0	0	0
May 09 2023	8617	0	0	0
May 10 2023	8617	0	0	0
May 11 2023	8617	0	0	0
May 12 2023	8617	0	0	0
May 13 2023	9257	5	645	0
May 14 2023	9257	0	0	0
May 15 2023	9257	0	0	0
May 16 2023	9257	0	0	0
May 17 2023	9257	0	0	0
May 18 2023	9257	0	0	0
May 19 2023	9257	0	0	0
May 20 2023	9848	0	591	0
May 21 2023	9848	0	0	0
May 22 2023	9848	0	0	0
May 23 2023	9848	0	0	0
May 24 2023	2032	0	0	7816
May 25 2023	2032	0	0	0
May 26 2023	2032	0	0	0
May 27 2023	2436	0	404	0
May 28 2023	2436	0	0	0
May 29 2023	1640	0	0	796
May 30 2023	1640	0	0	0
May 31 2023	1640	0	0	0
Jun 01 2023	1640	0	0	0
Jun 02 2023	1640	0	0	0
Jun 03 2023	2185	3	548	0
Jun 04 2023	2185	0	0	0
Jun 05 2023	1540	0	0	645
Jun 06 2023	1540	0	0	0
Jun 07 2023	1540	0	0	0
Jun 08 2023	1540	0	0	0
Jun 09 2023	1540	0	0	0
Jun 10 2023	2044	2	506	0
Jun 11 2023	2044	0	0	0
Jun 12 2023	2044	0	0	0
Jun 13 2023	2044	0	0	0
Jun 14 2023	2044	0	0	0
Jun 15 2023	2044	0	0	0
Jun 16 2023	2044	0	0	0
Jun 17 2023	2519	7	482	0
Jun 18 2023	2519	0	0	0
Jun 19 2023	2519	0	0	0
Jun 20 2023	2524	0	0	-5
Jun 21 2023	1529	0	0	995
Jun 22 2023	1529	0	0	0
Jun 23 2023	1529	0	0	0
Jun 24 2023	1951	0	422	0
Jun 25 2023	1951	0	0	0
Jun 26 2023	1403	0	0	548
Jun 27 2023	1403	0	0	0
Jun 28 2023	1403	0	0	0
Jun 29 2023	1403	0	0	0
Jun 30 2023	1403	0	0	0
Jul 01 2023	2138	6	741	0
Jul 02 2023	2138	0	0	0
Jul 03 2023	1632	0	0	506
Jul 04 2023	1632	0	0	0
Jul 05 2023	1632	0	0	0
Jul 06 2023	1632	0	0	0
Jul 07 2023	1632	0	0	0
Jul 08 2023	1632	0	0	0
Jul 09 2023	1632	0	0	0
Jul 10 2023	1632	0	0	0
Jul 11 2023	1632	0	0	0
Jul 12 2023	1163	0	0	469
Jul 13 2023	1163	0	0	0
Jul 14 2023	1163	0	0	0
Jul 15 2023	1771	10	618	0
Jul 16 2023	1771	0	0	0
Jul 17 2023	1349	0	0	422
Jul 18 2023	1349	0	0	0
Jul 19 2023	1349	0	0	0
Jul 20 2023	1349	0	0	0
Jul 21 2023	1349	0	0	0
Jul 22 2023	1882	8	541	0
Jul 23 2023	1882	0	0	0
Jul 24 2023	1141	0	0	741
Jul 25 2023	1141	0	0	0
Jul 26 2023	1141	0	0	0
Jul 27 2023	1141	0	0	0
Jul 28 2023	1141	0	0	0
Jul 29 2023	1887	11	757	0
Jul 30 2023	1887	0	0	0
Jul 31 2023	1887	0	0	0
Aug 01 2023	1887	0	0	0
Aug 02 2023	1887	0	0	0
Aug 03 2023	1887	0	0	0
Aug 04 2023	1887	0	0	0
Aug 05 2023	2807	10	930	0
Aug 06 2023	2807	0	0	0
Aug 07 2023	2807	0	0	0
Aug 08 2023	2807	0	0	0
Aug 09 2023	2807	0	0	0
Aug 10 2023	2807	0	0	0
Aug 11 2023	2807	0	0	0
Aug 12 2023	3753	2	948	0
Aug 13 2023	3753	0	0	0
Aug 14 2023	3792	0	0	-39
Aug 15 2023	2633	0	0	1159
Aug 16 2023	2633	0	0	0
Aug 17 2023	2633	0	0	0
Aug 18 2023	2633	0	0	0
Aug 19 2023	4113	0	1480	0
Aug 20 2023	4113	0	0	0
Aug 21 2023	3356	0	0	757
Aug 22 2023	3356	0	0	0
Aug 23 2023	3356	0	0	0
Aug 24 2023	3358	0	0	-2
Aug 25 2023	3358	0	0	0
Aug 26 2023	5079	8	1729	0
Aug 27 2023	5079	0	0	0
Aug 28 2023	4149	0	0	930
Aug 29 2023	4149	0	0	0
Aug 30 2023	4149	0	0	0
Aug 31 2023	4149	0	0	0
Sep 01 2023	4149	0	0	0
Sep 02 2023	6193	16	2060	0
Sep 03 2023	5245	0	0	948
Sep 04 2023	5253	0	0	-8
Sep 05 2023	5253	0	0	0
Sep 06 2023	5253	0	0	0
Sep 07 2023	5253	0	0	0
Sep 08 2023	5253	0	0	0
Sep 09 2023	8476	16	3239	0
Sep 10 2023	8476	0	0	0
Sep 11 2023	6996	0	0	1480
Sep 12 2023	6996	0	0	0
Sep 13 2023	6996	0	0	0
Sep 14 2023	6996	0	0	0
Sep 15 2023	6996	0	0	0
Sep 16 2023	10161	22	3187	0
Sep 17 2023	8432	0	0	1729
Sep 18 2023	8464	0	0	-32
Sep 19 2023	8464	0	0	0
Sep 20 2023	8464	0	0	0
Sep 21 2023	8464	0	0	0
Sep 22 2023	8464	0	0	0
Sep 23 2023	10434	14	1984	0
Sep 24 2023	10434	0	0	0
Sep 25 2023	8374	0	0	2060
Sep 26 2023	8374	0	0	0
Sep 27 2023	8374	0	0	0
Sep 28 2023	8374	0	0	0
Sep 29 2023	8374	0	0	0
Sep 30 2023	9867	19	1512	0
Oct 01 2023	9867	0	0	0
Oct 02 2023	6628	0	0	3239
Oct 03 2023	6628	0	0	0
Oct 04 2023	6628	0	0	0
Oct 05 2023	6628	0	0	0
Oct 06 2023	6628	0	0	0
Oct 07 2023	7920	12	1304	0
Oct 08 2023	7956	0	0	-36
Oct 09 2023	4769	0	0	3187
Oct 10 2023	4769	0	0	0
Oct 11 2023	4769	0	0	0
Oct 12 2023	4769	0	0	0
Oct 13 2023	4769	0	0	0
Oct 14 2023	5684	4	919	0
Oct 15 2023	5684	0	0	0
Oct 16 2023	3700	0	0	1984
Oct 17 2023	3700	0	0	0
Oct 18 2023	3700	0	0	0
Oct 19 2023	3700	0	0	0
Oct 20 2023	3700	0	0	0
Oct 21 2023	4587	6	893	0
Oct 22 2023	4587	0	0	0
Oct 23 2023	4587	0	0	0
Oct 24 2023	4587	0	0	0
Oct 25 2023	4587	0	0	0
Oct 26 2023	4587	0	0	0
Oct 27 2023	4587	0	0	0
Oct 28 2023	4587	0	0	0
Oct 29 2023	4587	0	0	0
Oct 30 2023	4587	0	0	0
Oct 31 2023	1812	0	0	2775
Nov 01 2023	1812	0	0	0
Nov 02 2023	1812	0	0	0
Nov 03 2023	1812	0	0	0
Nov 04 2023	1812	0	0	0
Nov 05 2023	1812	0	0	0
Nov 06 2023	893	0	0	919
Nov 07 2023	893	0	0	0
Nov 08 2023	893	0	0	0
Nov 09 2023	893	0	0	0
Nov 10 2023	893	0	0	0
Nov 11 2023	893	0	0	0
Nov 12 2023	893	0	0	0
Nov 13 2023	0	0	0	893
Nov 14 2023	0	0	0	0
Nov 15 2023	0	0	0	0
Nov 16 2023	0	0	0	0
Nov 17 2023	0	0	0	0
Nov 18 2023	0	0	0	0
Nov 19 2023	0	0	0	0
Nov 20 2023	0	0	0	0
Nov 21 2023	0	0	0	0
Nov 22 2023	0	0	0	0
Nov 23 2023	0	0	0	0
Nov 24 2023	0	0	0	0
Nov 25 2023	0	0	0	0
Nov 26 2023	0	0	0	0
Nov 27 2023	0	0	0	0
Nov 28 2023	0	0	0	0
Nov 29 2023	0	0	0	0
Nov 30 2023	0	0	0	0
Dec 01 2023	0	0	0	0
Dec 02 2023	0	0	0	0
Dec 03 2023	0	0	0	0
Dec 04 2023	0	0	0	0
Dec 05 2023	0	0	0	0
Dec 06 2023	0	0	0	0
Dec 07 2023	0	0	0	0
Dec 08 2023	0	0	0	0
Dec 09 2023	0	0	0	0
Dec 10 2023	0	0	0	0
Dec 11 2023	0	0	0	0
Dec 12 2023	0	0	0	0
Dec 13 2023	0	0	0	0
Dec 14 2023	0	0	0	0
Dec 15 2023	0	0	0	0
Dec 16 2023	0	0	0	0
Dec 17 2023	-2	2	0	0
Dec 18 2023	-2	0	0	0
Dec 19 2023	-2	0	0	0
Dec 20 2023	-2	0	0	0
Dec 21 2023	-2	0	0	0
Dec 22 2023	-2	0	0	0
Dec 23 2023	-2	0	0	0
Dec 24 2023	-6	4	0	0
Dec 25 2023	-6	0	0	0
Dec 26 2023	-6	0	0	0
Dec 27 2023	-6	0	0	0
Dec 28 2023	-6	0	0	0
Dec 29 2023	-6	0	0	0
Dec 30 2023	-6	0	0	0
Dec 31 2023	-10	4	0	0
Jan 01 2024	-10	0	0	0
Jan 02 2024	-10	0	0	0
Jan 03 2024	-10	0	0	0
Jan 04 2024	-10	0	0	0
Jan 05 2024	-10	0	0	0
Jan 06 2024	-10	0	0	0
Jan 07 2024	-15	5	0	0
Jan 08 2024	-15	0	0	0
Jan 09 2024	-15	0	0	0
Jan 10 2024	-15	0	0	0
Jan 11 2024	-15	0	0	0
Jan 12 2024	-15	0	0	0
Jan 13 2024	-15	0	0	0
Jan 14 2024	2689	10	2714	0
Jan 15 2024	2689	0	0	0
Jan 16 2024	2689	0	0	0
Jan 17 2024	2689	0	0	0
Jan 18 2024	2689	0	0	0
Jan 19 2024	2689	0	0	0
Jan 20 2024	2689	0	0	0
Jan 21 2024	8431	14	5756	0
Jan 22 2024	8431	0	0	0
Jan 23 2024	8431	0	0	0
Jan 24 2024	8431	0	0	0
Jan 25 2024	8431	0	0	0
Jan 26 2024	8431	0	0	0
Jan 27 2024	8431	0	0	0
Jan 28 2024	14549	9	6127	0
Jan 29 2024	14563	0	0	-14
Jan 30 2024	14563	0	0	0
Jan 31 2024	14563	0	0	0
Feb 01 2024	14563	0	0	0
Feb 02 2024	14563	0	0	0
Feb 03 2024	14563	0	0	0
Feb 04 2024	14563	0	0	0
Feb 05 2024	14580	0	0	-17
Feb 06 2024	14580	0	0	0
Feb 07 2024	14580	0	0	0
Feb 08 2024	14580	0	0	0
Feb 09 2024	14580	0	0	0
Feb 10 2024	14580	0	0	0
Feb 11 2024	14580	0	0	0
Feb 12 2024	7923	0	0	6657
Feb 13 2024	6127	0	0	1796
Feb 14 2024	6127	0	0	0
Feb 15 2024	6127	0	0	0
Feb 16 2024	6127	0	0	0
Feb 17 2024	6127	0	0	0
Feb 18 2024	6127	0	0	0
Feb 19 2024	6127	0	0	0
Feb 20 2024	0	0	0	6127
Feb 21 2024	0	0	0	0
Feb 22 2024	0	0	0	0
Feb 23 2024	0	0	0	0
Feb 24 2024	0	0	0	0
Feb 25 2024	0	0	0	0
Feb 26 2024	0	0	0	0
Feb 27 2024	0	0	0	0
Feb 28 2024	0	0	0	0
Feb 29 2024	0	0	0	0
Mar 01 2024	0	0	0	0
Mar 02 2024	0	0	0	0
Mar 03 2024	0	0	0	0
Mar 04 2024	0	0	0	0
Mar 05 2024	0	0	0	0
Mar 06 2024	0	0	0	0
Mar 07 2024	0	0	0	0
Mar 08 2024	0	0	0	0
Mar 09 2024	0	0	0	0
Mar 10 2024	0	0	0	0
Mar 11 2024	0	0	0	0
Mar 12 2024	0	0	0	0
Mar 13 2024	0	0	0	0
Mar 14 2024	0	0	0	0
Mar 15 2024	0	0	0	0
Mar 16 2024	0	0	0	0
Mar 17 2024	0	0	0	0
Mar 18 2024	0	0	0	0
Mar 19 2024	0	0	0	0
Mar 20 2024	0	0	0	0
Mar 21 2024	0	0	0	0
Mar 22 2024	0	0	0	0
Mar 23 2024	0	0	0	0
Mar 24 2024	0	0	0	0
Mar 25 2024	0	0	0	0
Mar 26 2024	0	0	0	0
Mar 27 2024	0	0	0	0
