Date	Active Cases	Daily Death	New cases	Recoverd Cases
Feb 15 2020	7	0	0	0
Feb 16 2020	7	0	0	0
Feb 17 2020	7	0	0	0
Feb 18 2020	7	0	0	0
Feb 19 2020	7	0	0	0
Feb 20 2020	6	0	0	1
Feb 21 2020	6	0	1	1
Feb 22 2020	6	0	0	0
Feb 23 2020	7	0	1	0
Feb 24 2020	8	0	1	0
Feb 25 2020	8	0	0	0
Feb 26 2020	9	0	1	0
Feb 27 2020	11	0	2	0
Feb 28 2020	12	0	1	0
Feb 29 2020	16	0	5	1
Mar 01 2020	20	0	4	0
Mar 02 2020	20	0	3	3
Mar 03 2020	23	0	3	0
Mar 04 2020	27	0	4	0
Mar 05 2020	29	0	3	1
Mar 06 2020	46	0	17	0
Mar 07 2020	52	0	6	0
Mar 08 2020	58	0	6	0
Mar 09 2020	68	1	11	0
Mar 10 2020	86	0	18	0
Mar 11 2020	100	0	15	1
Mar 12 2020	130	0	32	2
Mar 13 2020	186	0	56	0
Mar 14 2020	240	0	54	0
Mar 15 2020	329	0	89	0
Mar 16 2020	429	0	100	0
Mar 17 2020	582	3	157	1
Mar 18 2020	708	3	129	0
Mar 19 2020	853	1	146	0
Mar 20 2020	1063	2	214	2
Mar 21 2020	1303	1	241	0
Mar 22 2020	1441	4	142	0
Mar 23 2020	1964	0	621	98
Mar 24 2020	2662	3	701	0
Mar 25 2020	3205	1	617	73
Mar 26 2020	3793	3	634	43
Mar 27 2020	4379	2	714	126
Mar 28 2020	5224	11	898	42
Mar 29 2020	5706	6	665	177
Mar 30 2020	6313	1	1128	520
Mar 31 2020	7314	14	1164	149
Apr 01 2020	7932	7	1119	494
Apr 02 2020	9232	9	1552	243
Apr 03 2020	10051	66	1092	207
Apr 04 2020	11130	49	1537	409
Apr 05 2020	12339	44	1600	347
Apr 06 2020	12771	49	1155	674
Apr 07 2020	13546	43	1230	412
Apr 08 2020	14511	56	1541	520
Apr 09 2020	15020	55	1327	763
Apr 10 2020	15627	74	1383	702
Apr 11 2020	16322	60	1170	415
Apr 12 2020	16559	84	1065	744
Apr 13 2020	17208	64	1297	584
Apr 14 2020	18049	63	1383	479
Apr 15 2020	18498	123	1316	744
Apr 16 2020	19368	107	1727	750
Apr 17 2020	20193	182	1821	814
Apr 18 2020	20870	115	1456	664
Apr 19 2020	21749	158	1673	636
Apr 20 2020	22666	113	1773	743
Apr 21 2020	23547	110	1593	602
Apr 22 2020	24373	144	1768	798
Apr 23 2020	25378	140	1920	775
Apr 24 2020	26276	172	1778	708
Apr 25 2020	26630	156	1466	956
Apr 26 2020	27113	162	1541	896
Apr 27 2020	27677	94	1605	947
Apr 28 2020	28135	146	1526	922
Apr 29 2020	28417	152	1571	1137
Apr 30 2020	28823	137	1639	1096
May 01 2020	29134	186	1825	1328
May 02 2020	29531	206	1653	1050
May 03 2020	31010	174	2760	1107
May 04 2020	31084	115	1298	1109
May 05 2020	31210	172	1274	976
May 06 2020	31294	188	1450	1178
May 07 2020	31730	189	1426	801
May 08 2020	31633	175	1512	1434
May 09 2020	31897	161	1268	843
May 10 2020	32073	123	1146	847
May 11 2020	32130	178	1133	898
May 12 2020	32136	122	1176	1048
May 13 2020	31959	176	1121	1122
May 14 2020	32022	133	1123	927
May 15 2020	32262	168	1212	804
May 16 2020	32499	90	1251	924
May 17 2020	32789	117	1138	731
May 18 2020	33078	103	1070	678
May 19 2020	33236	60	1040	822
May 20 2020	33471	69	1030	726
May 21 2020	33596	118	1182	939
May 22 2020	33751	122	1156	879
May 23 2020	34084	97	1141	711
May 24 2020	34379	103	1078	680
May 25 2020	34669	69	1012	653
May 26 2020	34783	121	936	701
May 27 2020	34736	94	872	825
May 28 2020	34927	126	993	676
May 29 2020	35043	112	906	678
May 30 2020	35128	102	772	585
May 31 2020	35015	94	757	776
Jun 01 2020	34704	222	758	847
Jun 02 2020	34747	31	705	631
Jun 03 2020	34662	69	675	691
Jun 04 2020	34509	103	641	691
Jun 05 2020	34150	139	609	829
Jun 06 2020	33760	66	722	1046
Jun 07 2020	33716	67	642	619
Jun 08 2020	33468	26	545	767
Jun 09 2020	33270	35	409	572
Jun 10 2020	32615	60	472	1067
Jun 11 2020	31939	62	405	1019
Jun 12 2020	31452	35	413	865
Jun 13 2020	31035	53	467	831
Jun 14 2020	30436	58	377	918
Jun 15 2020	29987	39	360	770
Jun 16 2020	29877	29	320	401
Jun 17 2020	29651	38	386	574
Jun 18 2020	29498	41	367	479
Jun 19 2020	29354	46	409	507
Jun 20 2020	29213	46	390	485
Jun 21 2020	29070	63	318	398
Jun 22 2020	28905	17	300	448
Jun 23 2020	28855	6	326	370
Jun 24 2020	28729	18	279	387
Jun 25 2020	28746	29	380	334
Jun 26 2020	28597	20	172	301
Jun 27 2020	28584	4	238	247
Jun 28 2020	28577	7	218	218
Jun 29 2020	28252	6	668	987
Jun 30 2020	28078	44	286	416
Jul 01 2020	27971	24	67	150
Jul 02 2020	27866	3	501	603
Jul 03 2020	27792	47	319	346
Jul 04 2020	27700	21	226	297
Jul 05 2020	27659	11	219	249
Jul 06 2020	27717	10	399	331
Jul 07 2020	27627	9	232	313
Jul 08 2020	27512	18	267	364
Jul 09 2020	27530	26	371	327
Jul 10 2020	27513	11	321	327
Jul 11 2020	27358	11	221	365
Jul 12 2020	27386	14	243	201
Jul 13 2020	27567	10	565	374
Jul 14 2020	27563	6	331	329
Jul 15 2020	27583	8	343	315
Jul 16 2020	27655	12	435	351
Jul 17 2020	4190	17	405	23853
Jul 18 2020	4283	12	330	225
Jul 19 2020	4476	9	339	137
Jul 20 2020	4835	4	786	423
Jul 21 2020	5119	6	573	283
Jul 22 2020	5273	4	543	385
Jul 23 2020	5320	8	432	377
Jul 24 2020	5496	4	534	354
Jul 25 2020	5597	7	350	242
Jul 26 2020	5708	4	355	240
Jul 27 2020	5885	4	686	505
Jul 28 2020	5997	11	397	274
Jul 29 2020	6131	11	476	331
Jul 30 2020	6056	7	329	397
Jul 31 2020	6194	10	513	365
Aug 01 2020	6266	6	287	209
Aug 02 2020	6407	6	285	138
Aug 03 2020	6527	4	147	23
Aug 04 2020	6433	2	761	853
Aug 05 2020	6479	11	395	338
Aug 06 2020	6531	4	374	318
Aug 07 2020	6622	4	424	329
Aug 08 2020	6723	4	236	131
Aug 09 2020	6785	6	230	162
Aug 10 2020	4834	5	681	2627
Aug 11 2020	4726	6	289	391
Aug 12 2020	4743	4	423	402
Aug 13 2020	4713	15	390	405
Aug 14 2020	4733	9	418	389
Aug 15 2020	4689	5	237	276
Aug 16 2020	4617	4	198	266
Aug 17 2020	4825	2	785	575
Aug 18 2020	4803	6	282	298
Aug 19 2020	4661	13	336	465
Aug 20 2020	4573	5	383	466
Aug 21 2020	4708	4	499	360
Aug 22 2020	4725	10	257	230
Aug 23 2020	4751	7	267	234
Aug 24 2020	4918	2	751	582
Aug 25 2020	4874	10	322	356
Aug 26 2020	4910	7	448	405
Aug 27 2020	4967	4	431	370
Aug 28 2020	5060	8	510	409
Aug 29 2020	5097	11	315	267
Aug 30 2020	5201	0	267	163
Aug 31 2020	5642	4	1008	563
Sep 01 2020	5730	9	477	380
Sep 02 2020	5779	6	498	443
Sep 03 2020	5952	3	570	394
Sep 04 2020	6095	6	631	482
Sep 05 2020	6255	1	371	210
Sep 06 2020	6432	2	400	221
Sep 07 2020	6576	1	247	102
Sep 08 2020	7075	1	1606	1106
Sep 09 2020	6908	7	546	706
Sep 10 2020	6817	2	630	719
Sep 11 2020	6827	8	702	684
Sep 12 2020	6940	1	515	401
Sep 13 2020	7096	6	518	356
Sep 14 2020	7653	1	1351	793
Sep 15 2020	7822	8	793	616
Sep 16 2020	8148	9	944	609
Sep 17 2020	8603	5	1120	660
Sep 18 2020	9026	7	1044	614
Sep 19 2020	9420	5	863	464
Sep 20 2020	9785	6	875	504
Sep 21 2020	10702	6	1766	843
Sep 22 2020	10569	11	1248	1370
Sep 23 2020	10769	6	1090	884
Sep 24 2020	11182	9	1341	919
Sep 25 2020	11672	6	1362	866
Sep 26 2020	12126	6	1215	755
Sep 27 2020	12803	7	1454	770
Sep 28 2020	13465	5	2176	1509
Sep 29 2020	13985	10	1660	1130
Sep 30 2020	14535	13	1797	1234
Oct 01 2020	14927	6	1777	1379
Oct 02 2020	15765	22	2124	1264
Oct 03 2020	16234	90	1812	1253
Oct 04 2020	16490	53	1685	1376
Oct 05 2020	17184	19	2804	2091
Oct 06 2020	17864	23	2363	1660
Oct 07 2020	17966	26	1800	1672
Oct 08 2020	18549	11	2436	1842
Oct 09 2020	19078	13	2558	2016
Oct 10 2020	19277	30	2062	1833
Oct 11 2020	19077	23	1685	1862
Oct 12 2020	19008	5	975	1039
Oct 13 2020	19806	16	4042	3228
Oct 14 2020	20423	24	2506	1865
Oct 15 2020	20619	10	2345	2139
Oct 16 2020	20804	35	2374	2154
Oct 17 2020	21194	23	2215	1802
Oct 18 2020	21332	23	1827	1666
Oct 19 2020	22048	14	3289	2559
Oct 20 2020	22209	18	2251	2072
Oct 21 2020	22689	15	2266	1771
Oct 22 2020	23557	35	3194	2291
Oct 23 2020	24034	33	2584	2074
Oct 24 2020	24479	25	2227	1757
Oct 25 2020	24799	32	2145	1793
Oct 26 2020	26008	23	4109	2877
Oct 27 2020	26497	27	2674	2158
Oct 28 2020	26765	28	2699	2403
Oct 29 2020	27351	28	2956	2342
Oct 30 2020	28038	42	3457	2728
Oct 31 2020	28575	36	2512	1939
Nov 01 2020	29027	25	2330	1853
Nov 02 2020	30084	42	3422	2323
Nov 03 2020	31273	26	4672	3457
Nov 04 2020	31832	71	2768	2138
Nov 05 2020	33059	57	3635	2351
Nov 06 2020	34246	45	4471	3239
Nov 07 2020	36581	54	4246	1857
Nov 08 2020	38674	54	4058	1911
Nov 09 2020	39870	31	4622	3395
Nov 10 2020	41251	42	4302	2879
Nov 11 2020	43287	68	4024	1920
Nov 12 2020	45174	53	5516	3576
Nov 13 2020	45961	83	4741	3871
Nov 14 2020	48245	60	4613	2269
Nov 15 2020	49843	62	4146	2486
Nov 16 2020	51010	62	6115	4886
Nov 17 2020	51348	73	4276	3865
Nov 18 2020	51763	57	4641	4169
Nov 19 2020	52337	98	4645	3973
Nov 20 2020	52871	79	4965	4352
Nov 21 2020	54042	69	4992	3752
Nov 22 2020	56450	72	6131	3651
Nov 23 2020	56966	47	5713	5150
Nov 24 2020	57600	63	4889	4192
Nov 25 2020	58685	96	5022	3841
Nov 26 2020	60533	92	5631	3691
Nov 27 2020	60832	87	5967	5581
Nov 28 2020	63037	94	6495	4196
Nov 29 2020	65710	93	6477	3711
Nov 30 2020	66179	73	6103	5561
Dec 01 2020	66527	65	5329	4916
Dec 02 2020	67755	81	6307	4998
Dec 03 2020	69414	114	6495	4722
Dec 04 2020	70143	82	6299	5488
Dec 05 2020	71621	88	6352	4786
Dec 06 2020	73517	109	6261	4256
Dec 07 2020	71707	85	7872	9597
Dec 08 2020	72140	83	5981	5465
Dec 09 2020	72535	89	6295	5811
Dec 10 2020	73434	116	6739	5724
Dec 11 2020	73524	124	6772	6558
Dec 12 2020	73212	142	6011	6181
Dec 13 2020	74198	126	5891	4779
Dec 14 2020	76009	94	8119	6214
Dec 15 2020	75774	79	6352	6508
Dec 16 2020	76115	104	6416	5971
Dec 17 2020	76518	139	7008	6466
Dec 18 2020	75911	116	6708	7199
Dec 19 2020	76251	123	6248	5785
Dec 20 2020	76998	142	6201	5312
Dec 21 2020	77525	79	7519	6913
Dec 22 2020	75713	67	6195	7940
Dec 23 2020	75574	93	6845	6891
Dec 24 2020	76652	169	6858	5611
Dec 25 2020	76499	152	1	2
Dec 26 2020	78660	85	6403	4157
Dec 27 2020	79926	167	10404	8971
Dec 28 2020	74229	104	3187	8780
Dec 29 2020	72231	113	10299	12184
Dec 30 2020	73125	156	7476	6426
Dec 31 2020	76214	94	8413	5230
Jan 01 2021	77380	130	1302	6
Jan 02 2021	79571	134	7583	5258
Jan 03 2021	80972	83	11383	9899
Jan 04 2021	76663	40	9761	14030
Jan 05 2021	79120	207	7222	4558
Jan 06 2021	79455	156	8154	7663
Jan 07 2021	80613	136	8334	7040
Jan 08 2021	81914	209	9214	7704
Jan 09 2021	83495	127	8125	6417
Jan 10 2021	84791	136	7816	6384
Jan 11 2021	82759	123	7892	9801
Jan 12 2021	81061	116	6292	7874
Jan 13 2021	79565	146	6855	8205
Jan 14 2021	78233	149	7563	8746
Jan 15 2021	76382	154	6816	8513
Jan 16 2021	76492	192	6476	6174
Jan 17 2021	75537	152	6436	7239
Jan 18 2021	74124	157	6453	7709
Jan 19 2021	71326	80	4679	7397
Jan 20 2021	68736	144	5744	8190
Jan 21 2021	67387	195	5955	7109
Jan 22 2021	66087	157	5957	7100
Jan 23 2021	64850	206	5124	6155
Jan 24 2021	63919	146	4852	5637
Jan 25 2021	62723	119	5628	6705
Jan 26 2021	59848	144	4011	6742
Jan 27 2021	58007	163	4205	5883
Jan 28 2021	57285	130	4876	5468
Jan 29 2021	55587	128	4690	6260
Jan 30 2021	54466	135	4255	5241
Jan 31 2021	53511	140	3924	4739
Feb 01 2021	51990	89	4617	6049
Feb 02 2021	49780	103	2831	4938
Feb 03 2021	48519	63	3231	4429
Feb 04 2021	48019	151	4083	4432
Feb 05 2021	46662	156	4022	5223
Feb 06 2021	45954	95	3301	3914
Feb 07 2021	44944	91	3203	4122
Feb 08 2021	40398	62	3860	8344
Feb 09 2021	39409	67	2677	3599
Feb 10 2021	38494	73	3185	4027
Feb 11 2021	37990	93	3181	3592
Feb 12 2021	37178	83	3143	3872
Feb 13 2021	36883	73	3047	3269
Feb 14 2021	36200	76	2432	3039
Feb 15 2021	35850	68	1139	1421
Feb 16 2021	34188	36	4653	6279
Feb 17 2021	33190	50	2605	3553
Feb 18 2021	32820	34	3315	3651
Feb 19 2021	32487	65	3089	3357
Feb 20 2021	32053	77	2715	3072
Feb 21 2021	31589	53	2351	2762
Feb 22 2021	31385	42	3865	4027
Feb 23 2021	30889	48	2752	3200
Feb 24 2021	30612	38	2857	3096
Feb 25 2021	30572	43	3094	3091
Feb 26 2021	30743	59	3252	3022
Feb 27 2021	31086	48	2724	2333
Feb 28 2021	30943	44	2307	2406
Mar 01 2021	30631	34	3530	3808
Mar 02 2021	30455	26	2714	2864
Mar 03 2021	30165	28	2812	3074
Mar 04 2021	30130	54	2832	2813
Mar 05 2021	30369	45	3370	3086
Mar 06 2021	30180	41	2325	2473
Mar 07 2021	30472	25	2488	2171
Mar 08 2021	30542	31	4124	4023
Mar 09 2021	30390	27	2820	2945
Mar 10 2021	30655	29	3221	2927
Mar 11 2021	30892	29	3018	2752
Mar 12 2021	31000	34	3476	3334
Mar 13 2021	31441	32	2968	2495
Mar 14 2021	31887	33	2956	2477
Mar 15 2021	31843	32	3890	3902
Mar 16 2021	31730	24	2821	2910
Mar 17 2021	31826	22	3371	3253
Mar 18 2021	29506	36	3609	5893
Mar 19 2021	33619	33	4216	70
Mar 20 2021	34504	25	3452	2542
Mar 21 2021	35237	26	3269	2510
Mar 22 2021	36079	33	4934	4059
Mar 23 2021	36524	40	3601	3116
Mar 24 2021	37319	18	4050	3237
Mar 25 2021	39149	24	5192	3338
Mar 26 2021	40592	31	5093	3619
Mar 27 2021	43184	35	5364	2737
Mar 28 2021	45553	29	5126	2728
Mar 29 2021	45426	27	4573	4673
Mar 30 2021	46621	15	4880	3670
Mar 31 2021	48097	26	5518	4016
Apr 01 2021	49812	32	5802	4055
Apr 02 2021	51382	42	2686	1074
Apr 03 2021	57358	28	11041	5037
Apr 04 2021	58618	18	2343	1065
Apr 05 2021	58922	24	10386	10058
Apr 06 2021	60526	41	6519	4874
Apr 07 2021	62376	22	7148	5276
Apr 08 2021	64539	30	7982	5789
Apr 09 2021	68261	37	9255	5496
Apr 10 2021	70869	37	7261	4616
Apr 11 2021	73680	45	7619	4763
Apr 12 2021	75378	31	10858	9129
Apr 13 2021	78545	27	7546	4352
Apr 14 2021	80471	35	8590	6629
Apr 15 2021	83414	53	9564	6568
Apr 16 2021	85579	53	9346	7128
Apr 17 2021	87032	41	7845	6351
Apr 18 2021	88176	50	7591	6397
Apr 19 2021	88591	31	10275	9829
Apr 20 2021	88137	45	7270	7679
Apr 21 2021	86074	44	8421	10440
Apr 22 2021	87044	54	8370	7346
Apr 23 2021	86639	54	8753	9104
Apr 24 2021	86643	55	7417	7358
Apr 25 2021	86483	57	6983	7086
Apr 26 2021	85448	43	8931	9923
Apr 27 2021	84585	38	7071	7896
Apr 28 2021	83633	45	7748	8655
Apr 29 2021	83734	49	8346	8196
Apr 30 2021	83594	57	8342	8425
May 01 2021	83762	50	7610	7392
May 02 2021	84009	40	7146	6859
May 03 2021	83830	37	9076	9218
May 04 2021	82987	38	6693	7498
May 05 2021	81958	54	7378	8353
May 06 2021	81595	56	7992	8299
May 07 2021	81491	37	7849	7916
May 08 2021	81323	41	6802	6929
May 09 2021	81068	50	6695	6900
May 10 2021	80099	62	7520	8427
May 11 2021	78304	40	5386	7141
May 12 2021	76962	31	6198	7509
May 13 2021	75770	50	6644	7786
May 14 2021	73705	60	5991	7996
May 15 2021	72179	42	5276	6760
May 16 2021	70623	40	4901	6417
May 17 2021	67898	38	5526	8213
May 18 2021	65018	31	4033	6882
May 19 2021	61896	37	4247	7332
May 20 2021	60253	48	5057	6652
May 21 2021	58261	45	4676	6623
May 22 2021	56179	51	3644	5675
May 23 2021	54063	40	3415	5491
May 24 2021	52095	26	2384	4326
May 25 2021	48163	41	3952	7843
May 26 2021	45067	50	2590	5636
May 27 2021	42401	35	2967	5598
May 28 2021	40181	48	3202	5374
May 29 2021	38094	30	2459	4516
May 30 2021	36210	45	2237	4076
May 31 2021	34032	35	2611	4754
Jun 01 2021	31431	27	1633	4207
Jun 02 2021	29571	19	2063	3904
Jun 03 2021	28070	46	2167	3622
Jun 04 2021	26859	31	2063	3243
Jun 05 2021	25624	32	1666	2869
Jun 06 2021	24449	42	1389	2522
Jun 07 2021	23142	12	1583	2878
Jun 08 2021	21822	27	1264	2557
Jun 09 2021	20683	29	1388	2498
Jun 10 2021	19539	52	1477	2569
Jun 11 2021	18678	30	1441	2272
Jun 12 2021	17881	13	1290	2074
Jun 13 2021	17230	26	1122	1747
Jun 14 2021	16223	17	1157	2147
Jun 15 2021	15209	11	808	1811
Jun 16 2021	14434	29	1053	1799
Jun 17 2021	13713	28	1107	1800
Jun 18 2021	13064	13	1016	1652
Jun 19 2021	12512	11	854	1395
Jun 20 2021	12038	31	713	1156
Jun 21 2021	11297	21	771	1491
Jun 22 2021	10490	8	599	1398
Jun 23 2021	9922	71	721	1218
Jun 24 2021	9621	21	707	987
Jun 25 2021	9386	17	592	810
Jun 26 2021	9095	7	542	826
Jun 27 2021	8893	17	435	620
Jun 28 2021	8051	15	931	1758
Jun 29 2021	7694	11	602	948
Jun 30 2021	7366	30	548	846
Jul 01 2021	7330	21	26	41
Jul 02 2021	6613	23	1007	1701
Jul 03 2021	6523	21	344	413
Jul 04 2021	6431	9	308	391
Jul 05 2021	6078	12	670	1011
Jul 06 2021	5756	7	441	756
Jul 07 2021	5750	13	552	545
Jul 08 2021	5803	6	564	505
Jul 09 2021	5710	18	768	843
Jul 10 2021	5682	13	314	329
Jul 11 2021	5567	9	253	359
Jul 12 2021	5413	9	577	722
Jul 13 2021	5226	1	339	525
Jul 14 2021	5118	10	384	482
Jul 15 2021	5125	7	415	401
Jul 16 2021	5036	13	395	471
Jul 17 2021	4971	17	277	325
Jul 18 2021	4887	3	259	340
Jul 19 2021	4866	7	701	715
Jul 20 2021	4864	4	342	340
Jul 21 2021	5006	4	495	349
Jul 22 2021	4789	5	382	594
Jul 23 2021	4829	13	605	552
Jul 24 2021	4885	13	285	216
Jul 25 2021	4905	5	228	203
Jul 26 2021	5332	3	1155	725
Jul 27 2021	5439	4	547	436
Jul 28 2021	5744	7	766	454
Jul 29 2021	6239	10	896	391
Jul 30 2021	6724	5	904	414
Jul 31 2021	6863	13	342	190
Aug 01 2021	6955	6	279	181
Aug 02 2021	7108	2	501	346
Aug 03 2021	8022	1	2177	1262
Aug 04 2021	8434	6	955	537
Aug 05 2021	9253	11	1445	615
Aug 06 2021	10112	18	1519	642
Aug 07 2021	10351	21	518	258
Aug 08 2021	10582	8	524	285
Aug 09 2021	12330	6	3344	1590
Aug 10 2021	12823	8	1346	845
Aug 11 2021	13827	6	1872	862
Aug 12 2021	15014	5	2141	949
Aug 13 2021	16380	4	2405	1035
Aug 14 2021	17213	5	1141	303
Aug 15 2021	17295	3	977	892
Aug 16 2021	19445	0	4002	1852
Aug 17 2021	19994	5	1727	1173
Aug 18 2021	21088	15	2477	1368
Aug 19 2021	22148	41	2731	1630
Aug 20 2021	23532	23	2960	1553
Aug 21 2021	24057	6	1442	911
Aug 22 2021	25028	1	1505	533
Aug 23 2021	24520	6	4811	5313
Aug 24 2021	24971	18	2528	2059
Aug 25 2021	25722	35	3158	2372
Aug 26 2021	27159	6	3349	1906
Aug 27 2021	28260	9	3778	2668
Aug 28 2021	29260	25	1799	774
Aug 29 2021	30089	8	1577	740
Aug 30 2021	31383	2	6444	5148
Aug 31 2021	31589	17	2906	2683
Sep 01 2021	32549	14	3856	2882
Sep 02 2021	33794	30	4034	2759
Sep 03 2021	34941	29	4159	2983
Sep 04 2021	35317	15	4107	3716
Sep 05 2021	36612	11	4228	2922
Sep 06 2021	37737	3	2792	1664
Sep 07 2021	37369	3	3307	3672
Sep 08 2021	38662	42	3654	2319
Sep 09 2021	38447	40	4189	4364
Sep 10 2021	39506	27	4604	3518
Sep 11 2021	40595	36	2224	1099
Sep 12 2021	41538	19	1963	1001
Sep 13 2021	42333	9	8792	7988
Sep 14 2021	42629	39	4049	3714
Sep 15 2021	42636	26	4289	4256
Sep 16 2021	43437	42	4679	3836
Sep 17 2021	44704	18	5100	3815
Sep 18 2021	48140	45	4533	1052
Sep 19 2021	51465	14	4336	997
Sep 20 2021	46135	11	3852	9171
Sep 21 2021	45781	39	3822	4137
Sep 22 2021	45120	53	3870	4478
Sep 23 2021	45293	49	4598	4376
Sep 24 2021	45338	44	4600	4511
Sep 25 2021	43471	38	4645	6474
Sep 26 2021	43554	22	4641	4536
Sep 27 2021	46774	11	4345	1114
Sep 28 2021	45108	46	3428	5048
Sep 29 2021	44700	54	4267	4621
Sep 30 2021	44763	64	3117	2990
Oct 01 2021	45020	51	5899	5591
Oct 02 2021	48220	50	4427	1177
Oct 03 2021	50662	23	3632	1167
Oct 04 2021	44649	7	3405	9411
Oct 05 2021	42718	48	2814	4697
Oct 06 2021	41979	49	3722	4412
Oct 07 2021	41859	62	4091	4149
Oct 08 2021	41542	29	4147	4435
Oct 09 2021	44124	44	3685	1059
Oct 10 2021	46464	12	3530	1178
Oct 11 2021	46300	10	2657	2811
Oct 12 2021	37777	12	2323	10834
Oct 13 2021	36369	69	2665	4004
Oct 14 2021	35672	78	3157	3776
Oct 15 2021	35111	54	3476	3983
Oct 16 2021	37261	47	3320	1123
Oct 17 2021	37701	14	2894	2440
Oct 18 2021	32971	12	2323	7041
Oct 19 2021	31317	70	2198	3782
Oct 20 2021	30121	39	2650	3807
Oct 21 2021	29514	41	2911	3477
Oct 22 2021	29280	23	2745	2956
Oct 23 2021	30937	62	2551	832
Oct 24 2021	31049	16	2280	2152
Oct 25 2021	27477	4	1842	5410
Oct 26 2021	26286	56	1804	2939
Oct 27 2021	25588	34	2493	3157
Oct 28 2021	25663	41	2645	2529
Oct 29 2021	25559	47	2596	2653
Oct 30 2021	27251	24	2378	662
Oct 31 2021	27644	13	2056	1650
Nov 01 2021	24630	5	1937	4946
Nov 02 2021	23871	53	1859	2565
Nov 03 2021	23473	32	2215	2581
Nov 04 2021	23467	38	2581	2549
Nov 05 2021	23727	20	2535	2255
Nov 06 2021	25806	17	2751	655
Nov 07 2021	26603	11	2442	1634
Nov 08 2021	24449	12	2138	4280
Nov 09 2021	24171	37	2417	2658
Nov 10 2021	24304	24	2545	2388
Nov 11 2021	25941	33	2754	1084
Nov 12 2021	24833	17	2616	3707
Nov 13 2021	26664	41	2638	766
Nov 14 2021	27084	15	2310	1875
Nov 15 2021	24894	16	2220	4394
Nov 16 2021	23938	44	1858	2770
Nov 17 2021	23803	19	2448	2564
Nov 18 2021	23862	28	2737	2650
Nov 19 2021	24148	30	2874	2558
Nov 20 2021	26245	19	2897	781
Nov 21 2021	26480	11	2460	2214
Nov 22 2021	24438	11	2315	4346
Nov 23 2021	23965	23	2213	2663
Nov 24 2021	24252	29	2627	2311
Nov 25 2021	23421	25	2868	3674
Nov 26 2021	25333	20	4357	2425
Nov 27 2021	27531	18	3020	804
Nov 28 2021	27916	16	2619	2218
Nov 29 2021	26231	9	2332	4008
Nov 30 2021	25862	27	2358	2700
Dec 01 2021	26331	17	3129	2643
Dec 02 2021	26923	26	3243	2625
Dec 03 2021	27630	23	3487	2757
Dec 04 2021	30327	20	3608	891
Dec 05 2021	30921	10	3401	2797
Dec 06 2021	29645	5	2876	4147
Dec 07 2021	29520	27	2971	3069
Dec 08 2021	30225	27	3527	2795
Dec 09 2021	31610	24	4268	2859
Dec 10 2021	33302	25	4745	3028
Dec 11 2021	36584	24	4321	1015
Dec 12 2021	37725	14	4610	3455
Dec 13 2021	37149	12	4233	4797
Dec 14 2021	38125	15	4337	3346
Dec 15 2021	40699	28	5801	3199
Dec 16 2021	44218	24	6942	3399
Dec 17 2021	48964	19	8908	4143
Dec 18 2021	56510	20	8976	1410
Dec 19 2021	61783	10	10129	4846
Dec 20 2021	66316	7	10450	5910
Dec 21 2021	74728	13	12813	4388
Dec 22 2021	85061	22	14986	4631
Dec 23 2021	101506	28	21493	5020
Dec 24 2021	114193	17	15969	3265
Dec 25 2021	129711	12	17402	1872
Dec 26 2021	142936	3	15024	1796
Dec 27 2021	174597	7	49148	17480
Dec 28 2021	193544	35	27053	8071
Dec 29 2021	207750	29	32124	17889
Dec 30 2021	234269	33	39998	13446
Dec 31 2021	274165	27	45837	5914
Jan 01 2022	315407	39	46118	4837
Jan 02 2022	319543	19	45329	41174
Jan 03 2022	337839	28	38077	19753
Jan 04 2022	344497	28	37410	30724
Jan 05 2022	360766	55	39447	23123
Jan 06 2022	377033	67	43132	26798
Jan 07 2022	388532	58	44320	32763
Jan 08 2022	408257	84	32322	12513
Jan 09 2022	422160	73	25466	11490
Jan 10 2022	404245	42	55350	73223
Jan 11 2022	402668	49	29630	31158
Jan 12 2022	398971	109	32577	36165
Jan 13 2022	386467	120	31264	43648
Jan 14 2022	368468	106	31390	49283
Jan 15 2022	370161	124	28926	27109
Jan 16 2022	380063	138	28793	18753
Jan 17 2022	331851	75	23586	71723
Jan 18 2022	322336	124	18952	28343
Jan 19 2022	313532	142	24512	33174
Jan 20 2022	299108	174	23912	38162
Jan 21 2022	293604	205	23183	28482
Jan 22 2022	293823	157	15069	14693
Jan 23 2022	314462	119	26241	5483
Jan 24 2022	270609	89	13864	57628
Jan 25 2022	261401	187	13897	22918
Jan 26 2022	251302	174	18567	28492
Jan 27 2022	233279	223	18533	36333
Jan 28 2022	227653	178	16044	21492
Jan 29 2022	230346	148	12947	10106
Jan 30 2022	236488	119	14893	8632
Jan 31 2022	209923	70	13095	39590
Feb 01 2022	208578	146	11337	12536
Feb 02 2022	200145	153	15088	23368
Feb 03 2022	181090	176	14637	33516
Feb 04 2022	177567	166	14422	17779
Feb 05 2022	182246	150	11198	6369
Feb 06 2022	185745	97	10311	6715
Feb 07 2022	163406	82	7877	30134
Feb 08 2022	159561	125	8846	12566
Feb 09 2022	158723	119	11139	11858
Feb 10 2022	147233	145	10628	21973
Feb 11 2022	149842	112	10406	7685
Feb 12 2022	154058	137	8232	3879
Feb 13 2022	158828	105	9063	4188
Feb 14 2022	138104	30	6114	26808
Feb 15 2022	134617	109	6164	9542
Feb 16 2022	131577	97	6564	9507
Feb 17 2022	129250	107	10102	12322
Feb 18 2022	126703	93	6929	9383
Feb 19 2022	128113	72	4278	2796
Feb 20 2022	125769	50	3377	5671
Feb 21 2022	118966	29	2084	8858
Feb 22 2022	124950	19	11756	5753
Feb 23 2022	117039	97	6350	14164
Feb 24 2022	113926	90	7639	10662
Feb 25 2022	114125	84	7398	7115
Feb 26 2022	116987	96	5166	2208
Feb 27 2022	119610	91	4795	2081
Feb 28 2022	111008	14	5925	14513
Mar 01 2022	112485	58	3894	2359
Mar 02 2022	112179	42	6911	7175
Mar 03 2022	112123	90	6600	6566
Mar 04 2022	114757	70	6926	4222
Mar 05 2022	116230	70	3480	1937
Mar 06 2022	115923	54	4663	4916
Mar 07 2022	111726	29	6366	10534
Mar 08 2022	111201	53	3807	4279
Mar 09 2022	112638	59	6762	5266
Mar 10 2022	113329	63	8445	7691
Mar 11 2022	112788	53	6175	6663
Mar 12 2022	113481	109	2524	1722
Mar 13 2022	117833	51	6038	1635
Mar 14 2022	114236	28	3931	7500
Mar 15 2022	114295	29	4274	4186
Mar 16 2022	115403	53	5923	4762
Mar 17 2022	116019	52	6471	5803
Mar 18 2022	120616	51	8178	3530
Mar 19 2022	121602	37	2727	1704
Mar 20 2022	124931	75	4924	1520
Mar 21 2022	124251	22	4181	4839
Mar 22 2022	124414	29	8422	8230
Mar 23 2022	127152	31	5690	2921
Mar 24 2022	132126	25	9551	4552
Mar 25 2022	135433	34	6676	3335
Mar 26 2022	136591	45	3124	1921
Mar 27 2022	137660	47	2754	1638
Mar 28 2022	140567	28	8522	5587
Mar 29 2022	142524	13	9766	7796
Mar 30 2022	150303	73	11552	3700
Mar 31 2022	160606	34	12587	2250
Apr 01 2022	163101	20	8092	5577
Apr 02 2022	164376	45	3233	1913
Apr 03 2022	165551	51	3077	1851
Apr 04 2022	167885	32	10980	8614
Apr 05 2022	170357	9	11547	9066
Apr 06 2022	179455	80	13639	4461
Apr 07 2022	191555	48	16891	4743
Apr 08 2022	194244	44	8557	5824
Apr 09 2022	195699	42	3797	2300
Apr 10 2022	197141	81	9911	8388
Apr 11 2022	196772	41	4963	5291
Apr 12 2022	195835	28	11090	11999
Apr 13 2022	204373	79	13969	5352
Apr 14 2022	217928	33	19215	5627
Apr 15 2022	217879	49	0	0
Apr 16 2022	220473	13	8533	5926
Apr 17 2022	220375	98	0	0
Apr 18 2022	220584	1	5392	5182
Apr 19 2022	212433	98	17093	25146
Apr 20 2022	216365	71	9896	5893
Apr 21 2022	229751	64	19589	6139
Apr 22 2022	230269	55	7477	6904
Apr 23 2022	230750	65	3820	3274
Apr 24 2022	231490	166	4098	3192
Apr 25 2022	235998	26	7204	2670
Apr 26 2022	234655	34	7240	8549
Apr 27 2022	242114	110	11646	4077
Apr 28 2022	253651	49	15346	3760
Apr 29 2022	255294	44	5165	3478
Apr 30 2022	254887	48	2799	3158
May 01 2022	254553	171	2243	2406
May 02 2022	246066	23	4946	13410
May 03 2022	239508	26	4989	11521
May 04 2022	236068	113	10199	13526
May 05 2022	230808	64	11631	16827
May 06 2022	226513	50	4262	8507
May 07 2022	224880	39	2164	3758
May 08 2022	216907	190	1938	9721
May 09 2022	215747	12	3803	4951
May 10 2022	208759	23	4102	11067
May 11 2022	202055	130	7265	13839
May 12 2022	192705	59	9865	19156
May 13 2022	195947	39	3281	0
May 14 2022	189028	48	1575	8446
May 15 2022	191296	215	2483	0
May 16 2022	188191	10	2072	5167
May 17 2022	174554	31	3456	17062
May 18 2022	170188	87	5530	9809
May 19 2022	158145	31	7546	19558
May 20 2022	152960	37	2292	7440
May 21 2022	150361	36	1221	3784
May 22 2022	147315	127	1052	3971
May 23 2022	140976	7	865	7197
May 24 2022	137202	15	3466	7225
May 25 2022	129508	59	3952	11587
May 26 2022	119562	38	5400	15308
May 27 2022	116837	32	2440	5133
May 28 2022	115182	25	1144	2774
May 29 2022	113817	167	878	2076
May 30 2022	110785	2	1914	4944
May 31 2022	107929	10	2133	4979
Jun 01 2022	101703	74	3973	10125
Jun 02 2022	95573	33	5501	11598
Jun 03 2022	92747	8	1436	4254
Jun 04 2022	91486	10	903	2154
Jun 05 2022	90258	10	710	1928
Jun 06 2022	88326	3	1871	3800
Jun 07 2022	85924	16	1700	4086
Jun 08 2022	82795	14	4136	7251
Jun 09 2022	77193	34	4263	9831
Jun 10 2022	76195	38	2283	3243
Jun 11 2022	75445	39	825	1536
Jun 12 2022	73621	39	659	2444
Jun 13 2022	73592	39	2043	2033
Jun 14 2022	72431	39	2295	3417
Jun 15 2022	70427	39	3526	5491
Jun 16 2022	66996	39	4115	7507
Jun 17 2022	65486	39	782	2253
Jun 18 2022	64265	20	0	1201
Jun 19 2022	63213	20	0	1032
Jun 20 2022	65150	20	2802	845
Jun 21 2022	63580	20	1896	3446
Jun 22 2022	62945	20	3317	3932
Jun 23 2022	65932	20	8387	5380
Jun 24 2022	63492	21	0	2419
Jun 25 2022	62348	17	0	1127
Jun 26 2022	61470	17	0	861
Jun 27 2022	63042	17	3486	1897
Jun 28 2022	63488	18	2579	2115
Jun 29 2022	62446	18	2931	3955
Jun 30 2022	67423	18	10478	5483
Jul 01 2022	65987	18	0	1418
Jul 02 2022	65084	21	0	882
Jul 03 2022	64374	21	0	689
Jul 04 2022	67025	21	4522	1850
Jul 05 2022	67449	21	2124	1679
Jul 06 2022	69146	21	5833	4115
Jul 07 2022	75291	21	10408	4242
Jul 08 2022	74605	22	1597	2261
Jul 09 2022	73780	21	0	804
Jul 10 2022	75661	21	2540	638
Jul 11 2022	74634	21	1016	2022
Jul 12 2022	84420	21	12081	2274
Jul 13 2022	84925	22	4031	3504
Jul 14 2022	96153	22	15343	4093
Jul 15 2022	97252	22	1881	760
Jul 16 2022	99476	29	2253	0
Jul 17 2022	101701	29	2254	0
Jul 18 2022	101211	29	2254	2715
Jul 19 2022	101569	30	2254	1866
Jul 20 2022	100506	30	2254	3287
Jul 21 2022	94373	30	2254	8357
Jul 22 2022	96597	30	2254	0
Jul 23 2022	101260	36	4699	0
Jul 24 2022	105923	36	4699	0
Jul 25 2022	107238	36	4699	3348
Jul 26 2022	109358	36	4699	2543
Jul 27 2022	111126	36	4699	2895
Jul 28 2022	105347	36	4699	10442
Jul 29 2022	110009	37	4699	0
Jul 30 2022	114063	31	4085	0
Jul 31 2022	118117	31	4085	0
Aug 01 2022	117779	31	4085	4392
Aug 02 2022	119740	31	4085	2093
Aug 03 2022	117992	32	4085	5801
Aug 04 2022	111669	32	4085	10376
Aug 05 2022	114157	32	4085	1565
Aug 06 2022	117717	40	3600	0
Aug 07 2022	121277	40	3600	0
Aug 08 2022	122296	41	3600	2540
Aug 09 2022	124841	39	3600	1016
Aug 10 2022	116319	41	3600	12081
Aug 11 2022	115849	39	3600	4031
Aug 12 2022	104700	40	4234	15343
Aug 13 2022	106859	46	4086	1881
Aug 14 2022	107459	43	2619	1976
Aug 15 2022	108827	46	3668	2254
Aug 16 2022	110195	46	3668	2254
Aug 17 2022	111563	46	3668	2254
Aug 18 2022	112931	46	3668	2254
Aug 19 2022	114294	51	3668	2254
Aug 20 2022	115268	41	3269	2254
Aug 21 2022	114124	41	3269	4372
Aug 22 2022	112653	41	3269	4699
Aug 23 2022	111179	44	3269	4699
Aug 24 2022	109706	43	3269	4699
Aug 25 2022	108233	43	3269	4699
Aug 26 2022	106765	39	3270	4699
Aug 27 2022	105003	41	2978	4699
Aug 28 2022	104147	41	2978	3793
Aug 29 2022	102999	41	2978	4085
Aug 30 2022	101851	41	2978	4085
Aug 31 2022	100703	41	2978	4085
Sep 01 2022	99555	41	2978	4085
Sep 02 2022	98406	42	2978	4085
Sep 03 2022	96907	37	2623	4085
Sep 04 2022	96181	37	2623	3312
Sep 05 2022	95167	37	2623	3600
Sep 06 2022	94148	42	2623	3600
Sep 07 2022	93133	38	2623	3600
Sep 08 2022	92119	37	2623	3600
Sep 09 2022	91111	34	2626	3600
Sep 10 2022	89455	56	2634	4234
Sep 11 2022	88209	56	2634	3824
Sep 12 2022	88168	56	2634	2619
Sep 13 2022	87078	56	2634	3668
Sep 14 2022	85987	57	2634	3668
Sep 15 2022	84896	57	2634	3668
Sep 16 2022	83809	55	2636	3668
Sep 17 2022	82973	36	2475	3275
Sep 18 2022	82143	36	2475	3269
Sep 19 2022	81313	36	2475	3269
Sep 20 2022	80483	36	2475	3269
Sep 21 2022	79653	36	2475	3269
Sep 22 2022	78823	36	2475	3269
Sep 23 2022	77995	36	2477	3269
Sep 24 2022	77285	32	2592	3270
Sep 25 2022	77119	32	2592	2726
Sep 26 2022	76701	32	2592	2978
Sep 27 2022	76283	32	2592	2978
Sep 28 2022	75865	32	2592	2978
Sep 29 2022	75446	33	2592	2978
Sep 30 2022	75026	33	2591	2978
Oct 01 2022	74777	25	2754	2978
Oct 02 2022	74883	25	2754	2623
Oct 03 2022	72366	25	2754	5246
Oct 04 2022	75321	25	2754	-226
Oct 05 2022	75427	25	2754	2623
Oct 06 2022	75533	25	2754	2623
Oct 07 2022	75640	26	2756	2623
Oct 08 2022	73535	42	3197	5260
Oct 09 2022	76866	42	3197	-176
Oct 10 2022	77387	42	3197	2634
Oct 11 2022	77908	42	3197	2634
Oct 12 2022	78429	42	3197	2634
Oct 13 2022	78950	42	3197	2634
Oct 14 2022	79473	43	3200	2634
Oct 15 2022	77377	48	3063	5111
Oct 16 2022	80687	48	3063	-295
Oct 17 2022	81227	48	3063	2475
Oct 18 2022	81767	48	3063	2475
Oct 19 2022	82307	48	3063	2475
Oct 20 2022	82848	47	3063	2475
Oct 21 2022	83391	49	3067	2475
Oct 22 2022	84025	52	3163	2477
Oct 23 2022	84880	52	3163	2256
Oct 24 2022	85399	52	3163	2592
Oct 25 2022	85918	52	3163	2592
Oct 26 2022	86437	52	3163	2592
Oct 27 2022	86956	52	3163	2592
Oct 28 2022	87476	52	3164	2592
Oct 29 2022	87140	36	2291	2591
Oct 30 2022	87005	36	2291	2390
Oct 31 2022	86506	36	2291	2754
Nov 01 2022	86007	36	2291	2754
Nov 02 2022	85508	36	2291	2754
Nov 03 2022	85009	36	2291	2754
Nov 04 2022	84510	36	2291	2754
Nov 05 2022	84009	36	2291	2756
Nov 06 2022	83069	33	2290	3197
Nov 07 2022	79073	51	2449	6394
Nov 08 2022	81792	51	2449	-321
Nov 09 2022	80993	51	2449	3197
Nov 10 2022	80194	51	2449	3197
Nov 11 2022	79395	51	2449	3197
Nov 12 2022	78593	51	2449	3200
Nov 13 2022	77928	51	2449	3063
Nov 14 2022	77263	51	2449	3063
Nov 15 2022	73327	50	2240	6126
Nov 16 2022	75924	50	2239	-408
Nov 17 2022	75051	50	2240	3063
Nov 18 2022	74177	50	2239	3063
Nov 19 2022	73300	50	2240	3067
Nov 20 2022	72326	50	2239	3163
Nov 21 2022	68190	50	2240	6326
Nov 22 2022	70713	45	2218	-350
Nov 23 2022	69725	44	2219	3163
Nov 24 2022	68735	45	2218	3163
Nov 25 2022	67746	45	2219	3163
Nov 26 2022	66755	45	2218	3164
Nov 27 2022	66639	44	2219	2291
Nov 28 2022	64230	45	2218	4582
Nov 29 2022	66616	38	2111	-313
Nov 30 2022	66399	37	2111	2291
Dec 01 2022	66181	38	2111	2291
Dec 02 2022	65964	37	2111	2291
Dec 03 2022	65746	38	2111	2291
Dec 04 2022	65529	37	2111	2291
Dec 05 2022	62863	38	2111	4739
Dec 06 2022	65623	44	2541	-263
Dec 07 2022	65671	44	2541	2449
Dec 08 2022	65719	44	2541	2449
Dec 09 2022	65765	45	2540	2449
Dec 10 2022	65813	44	2541	2449
Dec 11 2022	65861	44	2541	2449
Dec 12 2022	63460	44	2541	4898
Dec 13 2022	66088	42	2361	-309
Dec 14 2022	66168	41	2361	2240
Dec 15 2022	66248	42	2361	2239
Dec 16 2022	66327	42	2361	2240
Dec 17 2022	66407	42	2361	2239
Dec 18 2022	66487	41	2361	2240
Dec 19 2022	66567	42	2361	2239
Dec 20 2022	66841	43	2557	2240
Dec 21 2022	67429	44	2558	1926
Dec 22 2022	67724	43	2557	2219
Dec 23 2022	68021	43	2558	2218
Dec 24 2022	68316	43	2557	2219
Dec 25 2022	68612	44	2558	2218
Dec 26 2022	68907	43	2557	2219
Dec 27 2022	69030	61	2402	2218
Dec 28 2022	69561	62	2401	1808
Dec 29 2022	69791	61	2402	2111
Dec 30 2022	70019	62	2401	2111
Dec 31 2022	70249	61	2402	2111
Jan 01 2023	70477	62	2401	2111
Jan 02 2023	70707	61	2402	2111
Jan 03 2023	70883	27	2314	2111
Jan 04 2023	70628	27	2313	2541
Jan 05 2023	70374	27	2314	2541
Jan 06 2023	70121	26	2314	2541
Jan 07 2023	69868	27	2314	2540
Jan 08 2023	69613	27	2313	2541
Jan 09 2023	66818	27	2314	5082
Jan 10 2023	69750	44	2358	-618
Jan 11 2023	69704	43	2358	2361
Jan 12 2023	69657	44	2358	2361
Jan 13 2023	69612	43	2359	2361
Jan 14 2023	69565	44	2358	2361
Jan 15 2023	69519	43	2358	2361
Jan 16 2023	67111	44	2358	4722
Jan 17 2023	69442	38	2064	-305
Jan 18 2023	68912	37	2064	2557
Jan 19 2023	68380	38	2064	2558
Jan 20 2023	67848	38	2063	2557
Jan 21 2023	67316	38	2064	2558
Jan 22 2023	66786	37	2064	2557
Jan 23 2023	63697	38	2064	5115
Jan 24 2023	65501	35	1575	-264
Jan 25 2023	64640	35	1576	2402
Jan 26 2023	63779	35	1575	2401
Jan 27 2023	62917	35	1575	2402
Jan 28 2023	62056	35	1575	2401
Jan 29 2023	61195	35	1576	2402
Jan 30 2023	57932	35	1575	4803
Jan 31 2023	59670	36	1529	-245
Feb 01 2023	58851	35	1530	2314
Feb 02 2023	58031	36	1529	2313
Feb 03 2023	57212	35	1530	2314
Feb 04 2023	56391	36	1529	2314
Feb 05 2023	55572	35	1530	2314
Feb 06 2023	52438	36	1529	4627
Feb 07 2023	54096	33	1442	-249
Feb 08 2023	53145	34	1441	2358
Feb 09 2023	52196	33	1442	2358
Feb 10 2023	51245	34	1441	2358
Feb 11 2023	50295	33	1442	2359
Feb 12 2023	49344	34	1441	2358
Feb 13 2023	48395	33	1442	2358
Feb 14 2023	47539	28	1530	2358
Feb 15 2023	47210	29	1530	1830
Feb 16 2023	46648	28	1530	2064
Feb 17 2023	46086	28	1530	2064
Feb 18 2023	45525	28	1530	2063
Feb 19 2023	44962	29	1530	2064
Feb 20 2023	44400	28	1530	2064
Feb 21 2023	42075	27	1341	3639
Feb 22 2023	43587	27	1341	-198
Feb 23 2023	43325	27	1341	1576
Feb 24 2023	43064	26	1340	1575
Feb 25 2023	42803	27	1341	1575
Feb 26 2023	42542	27	1341	1575
Feb 27 2023	42280	27	1341	1576
Feb 28 2023	42029	28	1352	1575
Mar 01 2023	42012	29	1353	1341
Mar 02 2023	41806	28	1352	1530
Mar 03 2023	41601	28	1352	1529
Mar 04 2023	41395	28	1352	1530
Mar 05 2023	41190	29	1353	1529
Mar 06 2023	40984	28	1352	1530
Mar 07 2023	39225	25	1237	2971
Mar 08 2023	40635	26	1238	-198
Mar 09 2023	40406	25	1237	1441
Mar 10 2023	40177	25	1238	1442
Mar 11 2023	39948	25	1237	1441
Mar 12 2023	39718	26	1238	1442
Mar 13 2023	39489	25	1237	1441
Mar 14 2023	37747	25	1255	2972
Mar 15 2023	39153	25	1254	-177
Mar 16 2023	38853	25	1255	1530
Mar 17 2023	38551	26	1254	1530
Mar 18 2023	38251	25	1255	1530
Mar 19 2023	37950	25	1254	1530
Mar 20 2023	37650	25	1255	1530
Mar 21 2023	35858	19	1098	2871
Mar 22 2023	37113	18	1097	-176
Mar 23 2023	36851	19	1098	1341
Mar 24 2023	36590	18	1098	1341
Mar 25 2023	36329	19	1098	1340
Mar 26 2023	36067	18	1097	1341
Mar 27 2023	35805	19	1098	1341
Mar 28 2023	34304	27	1219	2693
Mar 29 2023	35625	28	1219	-130
Mar 30 2023	35464	27	1219	1353
Mar 31 2023	35305	27	1220	1352
Apr 01 2023	35145	27	1219	1352
Apr 02 2023	34984	28	1219	1352
Apr 03 2023	34823	27	1219	1353
Apr 04 2023	33219	18	1003	2589
Apr 05 2023	34396	18	1004	-191
Apr 06 2023	34143	18	1003	1238
Apr 07 2023	33892	18	1004	1237
Apr 08 2023	33639	18	1003	1238
Apr 09 2023	33388	18	1004	1237
Apr 10 2023	33135	18	1003	1238
Apr 11 2023	31898	0	0	1237
Apr 12 2023	30643	0	0	1255
Apr 13 2023	28134	0	0	2509
Apr 14 2023	28260	0	0	-126
Apr 15 2023	27006	0	0	1254
Apr 16 2023	25751	0	0	1255
Apr 17 2023	24497	0	0	1254
Apr 18 2023	23242	0	0	1255
Apr 19 2023	22144	0	0	1098
Apr 20 2023	21047	0	0	1097
Apr 21 2023	19949	0	0	1098
Apr 22 2023	18851	0	0	1098
Apr 23 2023	17753	0	0	1098
Apr 24 2023	16656	0	0	1097
Apr 25 2023	15558	0	0	1098
Apr 26 2023	14339	0	0	1219
Apr 27 2023	13120	0	0	1219
Apr 28 2023	11901	0	0	1219
Apr 29 2023	10681	0	0	1220
Apr 30 2023	9462	0	0	1219
May 01 2023	8243	0	0	1219
May 02 2023	7024	0	0	1219
May 03 2023	6021	0	0	1003
May 04 2023	5017	0	0	1004
May 05 2023	4014	0	0	1003
May 06 2023	3010	0	0	1004
May 07 2023	2007	0	0	1003
May 08 2023	1003	0	0	1004
May 09 2023	3813	8	3821	1003
May 10 2023	7817	8	4012	0
May 11 2023	11920	8	4111	0
May 12 2023	16002	8	4090	0
May 13 2023	20337	8	4343	0
May 14 2023	24441	8	4112	0
May 15 2023	28009	6	3574	0
May 16 2023	28557	8	556	0
May 17 2023	29158	9	556	-54
May 18 2023	29706	8	556	0
May 19 2023	30254	8	556	0
May 20 2023	30802	8	556	0
May 21 2023	31349	9	556	0
May 22 2023	31897	8	556	0
May 23 2023	32405	9	517	0
May 24 2023	32913	10	518	0
May 25 2023	33421	9	517	0
May 26 2023	33987	10	518	-58
May 27 2023	34495	9	517	0
May 28 2023	35003	10	518	0
May 29 2023	35511	9	517	0
May 30 2023	36106	31	626	0
May 31 2023	36765	32	625	-66
Jun 01 2023	37360	31	626	0
Jun 02 2023	37953	32	625	0
Jun 03 2023	38548	31	626	0
Jun 04 2023	39141	32	625	0
Jun 05 2023	39736	31	626	0
Jun 06 2023	40178	15	457	0
Jun 07 2023	32787	15	457	7833
Jun 08 2023	33449	15	457	-220
Jun 09 2023	29779	16	457	4111
Jun 10 2023	26131	15	457	4090
Jun 11 2023	22230	15	457	4343
Jun 12 2023	18560	15	457	4112
Jun 13 2023	15322	8	344	3574
Jun 14 2023	14548	7	345	1112
Jun 15 2023	14990	8	344	-106
Jun 16 2023	14772	7	345	556
Jun 17 2023	14552	8	344	556
Jun 18 2023	14334	7	345	556
Jun 19 2023	14114	8	344	556
Jun 20 2023	13313	8	280	1073
Jun 21 2023	13639	8	281	-53
Jun 22 2023	13393	8	280	518
Jun 23 2023	13149	8	281	517
Jun 24 2023	12903	8	280	518
Jun 25 2023	12659	8	281	517
Jun 26 2023	12413	8	280	518
Jun 27 2023	11500	7	237	1143
Jun 28 2023	11784	8	236	-56
Jun 29 2023	11389	7	237	625
Jun 30 2023	10991	8	236	626
Jul 01 2023	10596	7	237	625
Jul 02 2023	10198	8	236	626
Jul 03 2023	9803	7	237	625
Jul 04 2023	9479	19	321	626
Jul 05 2023	9324	19	321	457
Jul 06 2023	8712	19	321	914
Jul 07 2023	9064	20	320	-52
Jul 08 2023	8909	19	321	457
Jul 09 2023	8754	19	321	457
Jul 10 2023	8599	19	321	457
Jul 11 2023	7948	2	152	801
Jul 12 2023	8232	3	153	-134
Jul 13 2023	8037	2	152	345
Jul 14 2023	7842	3	152	344
Jul 15 2023	7647	2	152	345
Jul 16 2023	7453	3	153	344
Jul 17 2023	7258	2	152	345
Jul 18 2023	6887	4	257	624
Jul 19 2023	7157	4	257	-17
Jul 20 2023	7130	3	257	281
Jul 21 2023	7104	3	257	280
Jul 22 2023	7077	3	257	281
Jul 23 2023	7051	3	257	280
Jul 24 2023	7020	3	253	281
Jul 25 2023	6767	9	273	517
Jul 26 2023	7055	8	273	-23
Jul 27 2023	7083	9	273	236
Jul 28 2023	7110	9	273	237
Jul 29 2023	7138	9	273	236
Jul 30 2023	7164	10	273	237
Jul 31 2023	7194	7	273	236
Aug 01 2023	6917	10	291	558
Aug 02 2023	7259	10	291	-61
Aug 03 2023	7219	10	291	321
Aug 04 2023	7179	10	291	321
Aug 05 2023	7140	10	291	320
Aug 06 2023	7100	10	291	321
Aug 07 2023	7064	9	294	321
Aug 08 2023	6979	4	240	321
Aug 09 2023	7063	5	241	152
Aug 10 2023	6994	4	240	305
Aug 11 2023	7300	4	241	-69
Aug 12 2023	7384	4	240	152
Aug 13 2023	7468	5	241	152
Aug 14 2023	7551	4	240	153
Aug 15 2023	7456	8	322	409
Aug 16 2023	7800	8	322	-30
Aug 17 2023	7857	8	322	257
Aug 18 2023	7914	8	322	257
Aug 19 2023	7972	7	322	257
Aug 20 2023	8029	8	322	257
Aug 21 2023	8083	6	317	257
Aug 22 2023	7975	7	425	526
Aug 23 2023	8446	7	425	-53
Aug 24 2023	8591	7	425	273
Aug 25 2023	8736	7	425	273
Aug 26 2023	8882	6	425	273
Aug 27 2023	9028	6	425	273
Aug 28 2023	9173	6	424	273
Aug 29 2023	9200	11	602	564
Aug 30 2023	9837	11	602	-46
Aug 31 2023	10137	11	602	291
Sep 01 2023	10437	11	602	291
Sep 02 2023	10738	10	602	291
Sep 03 2023	11039	10	602	291
Sep 04 2023	11338	10	600	291
Sep 05 2023	11789	18	763	294
Sep 06 2023	12053	18	763	481
Sep 07 2023	12872	18	763	-74
Sep 08 2023	13378	17	763	240
Sep 09 2023	13882	18	763	241
Sep 10 2023	14388	17	763	240
Sep 11 2023	14891	16	760	241
Sep 12 2023	15442	15	806	240
Sep 13 2023	15911	15	806	322
Sep 14 2023	16502	15	806	200
Sep 15 2023	16971	15	806	322
Sep 16 2023	17441	14	806	322
Sep 17 2023	17911	14	806	322
Sep 18 2023	18378	15	804	322
Sep 19 2023	18578	21	963	742
Sep 20 2023	19622	22	963	-103
Sep 21 2023	20139	21	963	425
Sep 22 2023	20656	21	963	425
Sep 23 2023	21173	21	963	425
Sep 24 2023	21689	22	963	425
Sep 25 2023	22200	21	957	425
Sep 26 2023	22477	18	1321	1026
Sep 27 2023	23929	18	1321	-149
Sep 28 2023	24630	18	1321	602
Sep 29 2023	25331	18	1321	602
Sep 30 2023	26032	18	1321	602
Oct 01 2023	26734	17	1321	602
Oct 02 2023	27436	17	1321	602
Oct 03 2023	28133	19	1316	600
Oct 04 2023	27920	21	1334	1526
Oct 05 2023	29376	21	1334	-143
Oct 06 2023	29927	20	1334	763
Oct 07 2023	30477	21	1334	763
Oct 08 2023	31027	21	1334	763
Oct 09 2023	31577	21	1334	763
Oct 10 2023	32131	20	1334	760
Oct 11 2023	32640	19	1334	806
Oct 12 2023	33578	29	1773	806
Oct 13 2023	34515	30	1773	806
Oct 14 2023	35451	31	1773	806
Oct 15 2023	36553	29	1773	642
Oct 16 2023	37491	29	1773	806
Oct 17 2023	37467	28	1771	1767
Oct 18 2023	38747	32	1136	-176
Oct 19 2023	38889	31	1136	963
Oct 20 2023	39030	32	1136	963
Oct 21 2023	39173	30	1136	963
Oct 22 2023	39314	32	1136	963
Oct 23 2023	39454	33	1136	963
Oct 24 2023	38277	32	1133	2278
Oct 25 2023	39818	34	1353	-222
Oct 26 2023	39816	34	1353	1321
Oct 27 2023	39815	33	1353	1321
Oct 28 2023	39813	34	1353	1321
Oct 29 2023	39811	34	1353	1321
Oct 30 2023	39809	34	1353	1321
Oct 31 2023	38490	33	1351	2637
Nov 01 2023	39930	24	1228	-236
Nov 02 2023	39800	24	1228	1334
Nov 03 2023	39670	24	1228	1334
Nov 04 2023	39540	24	1228	1334
Nov 05 2023	39410	24	1228	1334
Nov 06 2023	39280	24	1228	1334
Nov 07 2023	39148	24	1226	1334
Nov 08 2023	39304	36	1526	1334
Nov 09 2023	39628	36	1526	1166
Nov 10 2023	39345	36	1526	1773
Nov 11 2023	39062	37	1527	1773
Nov 12 2023	38779	36	1526	1773
Nov 13 2023	38496	36	1526	1773
Nov 14 2023	38213	36	1526	1773
Nov 15 2023	37658	17	1233	1771
Nov 16 2023	37737	17	1232	1136
Nov 17 2023	37817	17	1233	1136
Nov 18 2023	37896	18	1233	1136
Nov 19 2023	37976	17	1233	1136
Nov 20 2023	38055	17	1232	1136
Nov 21 2023	38135	17	1233	1136
Nov 22 2023	37739	35	2125	2486
Nov 23 2023	40203	34	2125	-373
Nov 24 2023	40940	35	2125	1353
Nov 25 2023	41677	35	2125	1353
Nov 26 2023	42415	34	2125	1353
Nov 27 2023	43152	35	2125	1353
Nov 28 2023	43889	34	2124	1353
Nov 29 2023	44073	68	1603	1351
Nov 30 2023	43147	73	1603	2456
Dec 01 2023	44919	73	1603	-242
Dec 02 2023	45221	73	1603	1228
Dec 03 2023	45523	73	1603	1228
Dec 04 2023	45825	73	1603	1228
Dec 05 2023	46127	73	1603	1228
Dec 06 2023	46537	73	1709	1226
Dec 07 2023	45121	73	1709	3052
Dec 08 2023	46757	73	1709	0
Dec 09 2023	46867	73	1709	1526
Dec 10 2023	46976	73	1709	1527
Dec 11 2023	47086	73	1709	1526
Dec 12 2023	47195	73	1708	1526
Dec 13 2023	47389	37	1757	1526
Dec 14 2023	47658	36	1753	1448
Dec 15 2023	49375	36	1753	0
Dec 16 2023	49859	36	1753	1233
Dec 17 2023	50343	36	1753	1233
Dec 18 2023	51650	36	2576	1233
Dec 19 2023	51882	36	1500	1232
Dec 20 2023	52128	21	1500	1233
Dec 21 2023	51490	13	1500	2125
Dec 22 2023	50839	26	1500	2125
Dec 23 2023	50185	29	1500	2125
Dec 24 2023	49531	29	1500	2125
Dec 25 2023	48877	29	1500	2125
Dec 26 2023	46099	29	1500	4249
Dec 27 2023	47823	29	1500	-253
Dec 28 2023	47991	29	1800	1603
Dec 29 2023	48159	29	1800	1603
Dec 30 2023	48327	29	1800	1603
Dec 31 2023	48495	29	1800	1603
Jan 01 2024	48663	29	1800	1603
Jan 02 2024	48831	29	1800	1603
Jan 03 2024	48999	29	1800	1603
Jan 04 2024	48474	24	2917	3418
Jan 05 2024	50118	11	1452	-203
Jan 06 2024	49850	11	1452	1709
Jan 07 2024	49582	11	1452	1709
Jan 08 2024	49314	11	1452	1709
Jan 09 2024	49046	11	1452	1709
Jan 10 2024	46970	32	1421	3465
Jan 11 2024	48649	35	1430	-284
Jan 12 2024	48291	35	1430	1753
Jan 13 2024	47933	35	1430	1753
Jan 14 2024	47575	35	1430	1753
Jan 15 2024	47217	35	1430	1753
Jan 16 2024	46036	35	1430	2576
Jan 17 2024	44274	33	1271	3000
Jan 18 2024	45749	27	1260	-242
Jan 19 2024	45482	27	1260	1500
Jan 20 2024	45215	27	1260	1500
Jan 21 2024	44948	27	1260	1500
Jan 22 2024	44681	27	1260	1500
Jan 23 2024	44414	27	1260	1500
Jan 24 2024	42238	32	856	3000
Jan 25 2024	43246	27	840	-195
Jan 26 2024	42259	27	840	1800
Jan 27 2024	41272	27	840	1800
Jan 28 2024	40285	27	840	1800
Jan 29 2024	39298	27	840	1800
Jan 30 2024	38311	27	840	1800
Jan 31 2024	36016	27	1332	3600
Feb 01 2024	36852	23	665	-194
Feb 02 2024	34577	23	665	2917
Feb 03 2024	33767	23	665	1452
Feb 04 2024	32957	23	665	1452
Feb 05 2024	32147	23	665	1452
Feb 06 2024	31337	23	665	1452
Feb 07 2024	29091	22	649	2873
Feb 08 2024	29880	21	645	-165
Feb 09 2024	29074	21	645	1430
Feb 10 2024	28268	21	645	1430
Feb 11 2024	27462	21	645	1430
Feb 12 2024	26656	21	645	1430
Feb 13 2024	25850	21	645	1430
Feb 14 2024	23693	22	566	2701
Feb 15 2024	24384	18	561	-148
Feb 16 2024	23667	18	561	1260
Feb 17 2024	22950	18	561	1260
Feb 18 2024	22233	18	561	1260
Feb 19 2024	21516	18	561	1260
Feb 20 2024	20799	18	561	1260
Feb 21 2024	19069	127	513	2116
Feb 22 2024	19706	1	508	-130
Feb 23 2024	19369	5	508	840
Feb 24 2024	19032	5	508	840
Feb 25 2024	18695	5	508	840
Feb 26 2024	18358	5	508	840
Feb 27 2024	18021	5	508	840
Feb 28 2024	16316	5	472	2172
Feb 29 2024	16904	9	470	-127
Mar 01 2024	16700	9	470	665
Mar 02 2024	16496	9	470	665
Mar 03 2024	16292	9	470	665
Mar 04 2024	16088	9	470	665
Mar 05 2024	15884	9	470	665
Mar 06 2024	14946	11	387	1314
Mar 07 2024	15402	12	383	-85
Mar 08 2024	15128	12	383	645
Mar 09 2024	14854	12	383	645
Mar 10 2024	14580	12	383	645
Mar 11 2024	14306	12	383	645
Mar 12 2024	14032	12	383	645
Mar 13 2024	13715	30	358	645
Mar 14 2024	12915	23	350	1127
Mar 15 2024	13325	23	350	-83
Mar 16 2024	13091	23	350	561
Mar 17 2024	12857	23	350	561
Mar 18 2024	12623	23	350	561
Mar 19 2024	12389	23	350	561
Mar 20 2024	12155	23	350	561
Mar 21 2024	11969	23	350	513
Mar 22 2024	11788	23	350	508
Mar 23 2024	11607	23	350	508
Mar 24 2024	11426	23	350	508
Mar 25 2024	11245	23	350	508
Mar 26 2024	11064	23	350	508
Mar 27 2024	10556	0	0	508
