Date	Active Cases	Daily Death	New cases	Recoverd Cases
Feb 15 2020	0	0	0	0
Feb 16 2020	0	0	0	0
Feb 17 2020	0	0	0	0
Feb 18 2020	0	0	0	0
Feb 19 2020	0	0	0	0
Feb 20 2020	0	0	0	0
Feb 21 2020	0	0	0	0
Feb 22 2020	0	0	0	0
Feb 23 2020	0	0	0	0
Feb 24 2020	0	0	0	0
Feb 25 2020	0	0	0	0
Feb 26 2020	0	0	0	0
Feb 27 2020	0	0	0	0
Feb 28 2020	0	0	0	0
Feb 29 2020	0	0	0	0
Mar 01 2020	0	0	0	0
Mar 02 2020	0	0	0	0
Mar 03 2020	0	0	0	0
Mar 04 2020	0	0	0	0
Mar 05 2020	0	0	0	0
Mar 06 2020	0	0	0	0
Mar 07 2020	0	0	0	0
Mar 08 2020	0	0	0	0
Mar 09 2020	0	0	0	0
Mar 10 2020	0	0	0	0
Mar 11 2020	0	0	0	0
Mar 12 2020	0	0	0	0
Mar 13 2020	0	0	0	0
Mar 14 2020	0	0	2	0
Mar 15 2020	0	0	0	0
Mar 16 2020	0	0	3	0
Mar 17 2020	0	0	2	0
Mar 18 2020	0	0	4	0
Mar 19 2020	0	0	4	0
Mar 20 2020	0	0	2	0
Mar 21 2020	0	1	4	0
Mar 22 2020	0	0	9	0
Mar 23 2020	0	1	6	0
Mar 24 2020	0	1	0	0
Mar 25 2020	0	1	5	0
Mar 26 2020	0	0	4	0
Mar 27 2020	0	0	0	0
Mar 28 2020	0	0	0	0
Mar 29 2020	0	0	1	0
Mar 30 2020	0	0	2	0
Mar 31 2020	0	0	3	0
Apr 01 2020	0	1	2	0
Apr 02 2020	0	0	5	0
Apr 03 2020	0	0	9	0
Apr 04 2020	0	2	18	0
Apr 05 2020	0	1	35	0
Apr 06 2020	0	3	41	0
Apr 07 2020	0	5	54	0
Apr 08 2020	0	3	112	0
Apr 09 2020	0	1	94	0
Apr 10 2020	0	6	58	0
Apr 11 2020	0	3	139	0
Apr 12 2020	0	4	182	0
Apr 13 2020	0	5	209	0
Apr 14 2020	0	7	219	0
Apr 15 2020	0	4	341	0
Apr 16 2020	0	10	266	0
Apr 17 2020	0	15	306	0
Apr 18 2020	0	9	312	0
Apr 19 2020	0	7	492	0
Apr 20 2020	0	10	434	0
Apr 21 2020	0	9	390	0
Apr 22 2020	0	10	414	0
Apr 23 2020	0	7	503	0
Apr 24 2020	0	4	309	0
Apr 25 2020	0	9	418	0
Apr 26 2020	0	5	497	0
Apr 27 2020	0	7	549	0
Apr 28 2020	0	3	641	0
Apr 29 2020	0	8	564	0
Apr 30 2020	0	5	571	0
May 01 2020	0	2	552	0
May 02 2020	0	5	665	0
May 03 2020	0	2	688	0
May 04 2020	0	5	786	0
May 05 2020	0	1	790	0
May 06 2020	0	3	706	0
May 07 2020	0	13	709	0
May 08 2020	0	7	636	0
May 09 2020	0	8	887	0
May 10 2020	0	14	1034	0
May 11 2020	0	11	969	0
May 12 2020	0	11	1162	0
May 13 2020	0	19	1041	0
May 14 2020	0	14	1202	0
May 15 2020	0	15	930	0
May 16 2020	0	16	1273	0
May 17 2020	0	14	1602	0
May 18 2020	0	21	1251	0
May 19 2020	0	21	1617	0
May 20 2020	0	16	1773	0
May 21 2020	0	22	1694	0
May 22 2020	0	24	1873	0
May 23 2020	0	20	1532	0
May 24 2020	0	28	1975	0
May 25 2020	0	21	1166	0
May 26 2020	0	21	1541	0
May 27 2020	0	22	2029	0
May 28 2020	0	15	2523	0
May 29 2020	0	23	1764	0
May 30 2020	0	28	2545	0
May 31 2020	0	40	2381	0
Jun 01 2020	0	22	2911	0
Jun 02 2020	0	37	2695	0
Jun 03 2020	0	37	2423	0
Jun 04 2020	0	35	2828	0
Jun 05 2020	0	30	2635	0
Jun 06 2020	0	35	2743	0
Jun 07 2020	0	42	2735	0
Jun 08 2020	0	42	3171	0
Jun 09 2020	0	45	3190	0
Jun 10 2020	0	37	3187	0
Jun 11 2020	0	37	3471	0
Jun 12 2020	0	46	2856	0
Jun 13 2020	0	44	3141	0
Jun 14 2020	0	32	3099	0
Jun 15 2020	0	38	3862	0
Jun 16 2020	0	53	4008	0
Jun 17 2020	0	43	3803	0
Jun 18 2020	0	38	3243	0
Jun 19 2020	0	45	3240	0
Jun 20 2020	0	37	3531	0
Jun 21 2020	0	39	3480	0
Jun 22 2020	0	38	3412	0
Jun 23 2020	0	43	3462	0
Jun 24 2020	0	37	3946	0
Jun 25 2020	0	39	3868	0
Jun 26 2020	0	40	3504	0
Jun 27 2020	0	34	3809	0
Jun 28 2020	0	43	4014	0
Jun 29 2020	0	45	3682	0
Jun 30 2020	0	64	3775	0
Jul 01 2020	0	41	4019	0
Jul 02 2020	0	38	3114	0
Jul 03 2020	0	42	3288	0
Jul 04 2020	0	29	2738	0
Jul 05 2020	0	55	3201	0
Jul 06 2020	0	44	3027	0
Jul 07 2020	0	55	3489	0
Jul 08 2020	0	46	3360	0
Jul 09 2020	0	41	2949	0
Jul 10 2020	0	37	2686	0
Jul 11 2020	0	30	2666	0
Jul 12 2020	0	47	3099	0
Jul 13 2020	0	39	3163	0
Jul 14 2020	0	33	3533	0
Jul 15 2020	0	33	2733	0
Jul 16 2020	0	39	3034	0
Jul 17 2020	0	51	2709	0
Jul 18 2020	0	34	2459	0
Jul 19 2020	0	37	2928	0
Jul 20 2020	0	50	3057	0
Jul 21 2020	0	41	2744	0
Jul 22 2020	0	42	2856	0
Jul 23 2020	0	50	2548	0
Jul 24 2020	0	35	2520	0
Jul 25 2020	0	38	2275	0
Jul 26 2020	0	54	2772	0
Jul 27 2020	0	37	2960	0
Jul 28 2020	0	35	3009	0
Jul 29 2020	0	35	2695	0
Jul 30 2020	0	48	2772	0
Jul 31 2020	0	28	2199	0
Aug 01 2020	0	21	886	0
Aug 02 2020	0	22	1356	0
Aug 03 2020	0	30	1918	0
Aug 04 2020	0	50	2654	0
Aug 05 2020	0	33	2977	0
Aug 06 2020	0	39	2851	0
Aug 07 2020	0	27	2611	0
Aug 08 2020	0	32	2487	0
Aug 09 2020	0	34	2907	0
Aug 10 2020	0	39	2996	0
Aug 11 2020	0	33	2995	0
Aug 12 2020	0	42	2617	0
Aug 13 2020	0	44	2766	0
Aug 14 2020	0	34	2644	0
Aug 15 2020	0	34	2024	0
Aug 16 2020	0	32	2595	0
Aug 17 2020	0	37	3200	0
Aug 18 2020	0	46	2747	0
Aug 19 2020	0	41	2868	0
Aug 20 2020	0	41	2401	0
Aug 21 2020	0	39	2265	0
Aug 22 2020	0	46	1973	0
Aug 23 2020	0	34	2485	0
Aug 24 2020	0	42	2545	0
Aug 25 2020	0	45	2519	0
Aug 26 2020	0	54	2436	0
Aug 27 2020	0	45	2211	0
Aug 28 2020	0	47	2131	0
Aug 29 2020	0	32	1897	0
Aug 30 2020	0	42	2174	0
Aug 31 2020	0	33	1950	0
Sep 01 2020	0	35	2582	0
Sep 02 2020	0	35	2158	0
Sep 03 2020	0	32	1929	0
Sep 04 2020	0	29	1950	0
Sep 05 2020	0	35	1592	0
Sep 06 2020	0	32	2202	0
Sep 07 2020	0	37	1892	0
Sep 08 2020	0	36	1827	0
Sep 09 2020	0	41	1892	0
Sep 10 2020	0	41	1792	0
Sep 11 2020	0	34	1282	0
Sep 12 2020	0	34	1476	0
Sep 13 2020	0	31	1812	0
Sep 14 2020	0	26	1724	0
Sep 15 2020	0	43	1615	0
Sep 16 2020	0	21	1593	0
Sep 17 2020	0	36	1541	0
Sep 18 2020	0	22	1567	0
Sep 19 2020	0	32	1544	0
Sep 20 2020	0	26	1705	0
Sep 21 2020	0	40	1557	0
Sep 22 2020	0	28	1666	0
Sep 23 2020	0	37	1540	0
Sep 24 2020	0	28	1383	0
Sep 25 2020	0	21	1106	0
Sep 26 2020	0	36	1275	0
Sep 27 2020	0	32	1407	0
Sep 28 2020	0	32	1488	0
Sep 29 2020	0	26	1436	0
Sep 30 2020	0	32	1508	0
Oct 01 2020	0	21	1396	0
Oct 02 2020	0	33	1182	0
Oct 03 2020	0	20	1125	0
Oct 04 2020	0	23	1442	0
Oct 05 2020	0	27	1499	0
Oct 06 2020	0	30	1520	0
Oct 07 2020	0	35	1441	0
Oct 08 2020	0	20	1278	0
Oct 09 2020	0	17	1203	0
Oct 10 2020	0	23	1193	0
Oct 11 2020	0	24	1472	0
Oct 12 2020	0	31	1537	0
Oct 13 2020	0	22	1684	0
Oct 14 2020	0	16	1600	0
Oct 15 2020	0	15	1527	0
Oct 16 2020	0	15	1209	0
Oct 17 2020	0	23	1274	0
Oct 18 2020	0	14	1637	0
Oct 19 2020	0	21	1380	0
Oct 20 2020	0	18	1545	0
Oct 21 2020	0	24	1696	0
Oct 22 2020	0	24	1586	0
Oct 23 2020	0	14	1094	0
Oct 24 2020	0	19	1308	0
Oct 25 2020	0	23	1436	0
Oct 26 2020	0	15	1335	0
Oct 27 2020	0	20	1493	0
Oct 28 2020	0	23	1681	0
Oct 29 2020	0	25	1604	0
Oct 30 2020	0	19	1320	0
Oct 31 2020	0	18	1568	0
Nov 01 2020	0	18	1736	0
Nov 02 2020	0	25	1659	0
Nov 03 2020	0	17	1517	0
Nov 04 2020	0	21	1842	0
Nov 05 2020	0	17	1469	0
Nov 06 2020	0	15	1289	0
Nov 07 2020	0	13	1474	0
Nov 08 2020	0	18	1683	0
Nov 09 2020	0	25	1699	0
Nov 10 2020	0	16	1733	0
Nov 11 2020	0	19	1845	0
Nov 12 2020	0	13	1767	0
Nov 13 2020	0	19	1531	0
Nov 14 2020	0	14	1837	0
Nov 15 2020	0	21	2139	0
Nov 16 2020	0	21	2212	0
Nov 17 2020	0	39	2111	0
Nov 18 2020	0	21	2364	0
Nov 19 2020	0	30	2275	0
Nov 20 2020	0	17	1847	0
Nov 21 2020	0	28	2060	0
Nov 22 2020	0	38	2419	0
Nov 23 2020	0	28	2230	0
Nov 24 2020	0	32	2156	0
Nov 25 2020	0	39	2292	0
Nov 26 2020	0	37	2273	0
Nov 27 2020	0	20	1908	0
Nov 28 2020	0	36	1788	0
Nov 29 2020	0	29	2525	0
Nov 30 2020	0	35	2293	0
Dec 01 2020	0	31	2198	0
Dec 02 2020	0	38	2316	0
Dec 03 2020	0	35	2252	0
Dec 04 2020	0	24	1888	0
Dec 05 2020	0	35	1666	0
Dec 06 2020	0	31	2198	0
Dec 07 2020	0	36	2202	0
Dec 08 2020	0	32	2159	0
Dec 09 2020	0	24	1861	0
Dec 10 2020	0	37	1884	0
Dec 11 2020	0	19	1329	0
Dec 12 2020	0	34	1355	0
Dec 13 2020	0	32	1799	0
Dec 14 2020	0	37	1877	0
Dec 15 2020	0	40	1632	0
Dec 16 2020	0	27	1134	0
Dec 17 2020	0	36	1318	0
Dec 18 2020	0	25	1267	0
Dec 19 2020	0	25	1153	0
Dec 20 2020	0	38	1470	0
Dec 21 2020	0	32	1318	0
Dec 22 2020	0	17	1367	0
Dec 23 2020	0	30	1234	0
Dec 24 2020	0	19	1163	0
Dec 25 2020	0	20	834	0
Dec 26 2020	0	30	1049	0
Dec 27 2020	0	24	932	0
Dec 28 2020	0	27	1181	0
Dec 29 2020	0	30	1235	0
Dec 30 2020	0	22	1014	0
Dec 31 2020	0	28	990	0
Jan 01 2021	0	17	684	0
Jan 02 2021	0	23	835	0
Jan 03 2021	0	27	910	0
Jan 04 2021	0	24	991	0
Jan 05 2021	0	20	978	0
Jan 06 2021	0	17	1007	0
Jan 07 2021	0	31	785	0
Jan 08 2021	0	16	692	0
Jan 09 2021	0	22	1071	0
Jan 10 2021	0	25	849	0
Jan 11 2021	0	22	718	0
Jan 12 2021	0	16	890	0
Jan 13 2021	0	14	813	0
Jan 14 2021	0	16	762	0
Jan 15 2021	0	13	578	0
Jan 16 2021	0	21	569	0
Jan 17 2021	0	23	697	0
Jan 18 2021	0	16	702	0
Jan 19 2021	0	20	656	0
Jan 20 2021	0	8	584	0
Jan 21 2021	0	16	619	0
Jan 22 2021	0	15	436	0
Jan 23 2021	0	22	473	0
Jan 24 2021	0	20	602	0
Jan 25 2021	0	18	515	0
Jan 26 2021	0	14	528	0
Jan 27 2021	0	17	509	0
Jan 28 2021	0	15	454	0
Jan 29 2021	0	7	363	0
Jan 30 2021	0	17	369	0
Jan 31 2021	0	16	443	0
Feb 01 2021	0	10	525	0
Feb 02 2021	0	12	438	0
Feb 03 2021	0	13	485	0
Feb 04 2021	0	13	435	0
Feb 05 2021	0	7	305	0
Feb 06 2021	0	8	292	0
Feb 07 2021	0	15	316	0
Feb 08 2021	0	16	387	0
Feb 09 2021	0	8	388	0
Feb 10 2021	0	10	418	0
Feb 11 2021	0	9	404	0
Feb 12 2021	0	5	291	0
Feb 13 2021	0	13	326	0
Feb 14 2021	0	8	446	0
Feb 15 2021	0	11	396	0
Feb 16 2021	0	13	443	0
Feb 17 2021	0	16	391	0
Feb 18 2021	0	15	406	0
Feb 19 2021	0	8	350	0
Feb 20 2021	0	5	327	0
Feb 21 2021	0	7	366	0
Feb 22 2021	0	7	399	0
Feb 23 2021	0	18	428	0
Feb 24 2021	0	5	410	0
Feb 25 2021	0	5	470	0
Feb 26 2021	0	11	407	0
Feb 27 2021	0	5	385	0
Feb 28 2021	0	8	585	0
Mar 01 2021	0	8	515	0
Mar 02 2021	0	7	614	0
Mar 03 2021	0	5	619	0
Mar 04 2021	0	7	635	0
Mar 05 2021	0	6	540	0
Mar 06 2021	0	10	606	0
Mar 07 2021	0	11	845	0
Mar 08 2021	0	14	912	0
Mar 09 2021	0	13	1018	0
Mar 10 2021	0	7	1051	0
Mar 11 2021	0	6	1066	0
Mar 12 2021	0	13	1014	0
Mar 13 2021	0	12	1159	0
Mar 14 2021	0	18	1773	0
Mar 15 2021	0	26	1719	0
Mar 16 2021	0	26	1865	0
Mar 17 2021	0	11	2187	0
Mar 18 2021	0	16	1899	0
Mar 19 2021	0	18	1868	0
Mar 20 2021	0	26	2172	0
Mar 21 2021	0	22	2809	0
Mar 22 2021	0	30	3554	0
Mar 23 2021	0	18	3567	0
Mar 24 2021	0	25	3587	0
Mar 25 2021	0	34	3737	0
Mar 26 2021	0	33	3674	0
Mar 27 2021	0	39	3908	0
Mar 28 2021	0	35	5181	0
Mar 29 2021	0	45	5042	0
Mar 30 2021	0	45	5358	0
Mar 31 2021	0	52	6469	0
Apr 01 2021	0	59	6830	0
Apr 02 2021	0	50	5683	0
Apr 03 2021	0	58	7087	0
Apr 04 2021	0	53	7075	0
Apr 05 2021	0	52	7213	0
Apr 06 2021	0	66	7626	0
Apr 07 2021	0	63	6854	0
Apr 08 2021	0	74	7462	0
Apr 09 2021	0	63	5343	0
Apr 10 2021	0	77	5819	0
Apr 11 2021	0	78	7201	0
Apr 12 2021	0	83	6028	0
Apr 13 2021	0	69	5185	0
Apr 14 2021	0	96	4192	0
Apr 15 2021	0	94	4417	0
Apr 16 2021	0	101	3473	0
Apr 17 2021	0	101	3698	0
Apr 18 2021	0	102	4271	0
Apr 19 2021	0	112	4559	0
Apr 20 2021	0	91	4280	0
Apr 21 2021	0	95	4014	0
Apr 22 2021	0	98	3629	0
Apr 23 2021	0	88	2697	0
Apr 24 2021	0	83	2922	0
Apr 25 2021	0	101	3306	0
Apr 26 2021	0	97	3031	0
Apr 27 2021	0	78	2955	0
Apr 28 2021	0	77	2341	0
Apr 29 2021	0	88	2177	0
Apr 30 2021	0	57	1452	0
May 01 2021	0	60	1359	0
May 02 2021	0	69	1739	0
May 03 2021	0	65	1914	0
May 04 2021	0	61	1742	0
May 05 2021	0	50	1822	0
May 06 2021	0	41	1682	0
May 07 2021	0	37	1285	0
May 08 2021	0	45	1386	0
May 09 2021	0	56	1514	0
May 10 2021	0	38	1230	0
May 11 2021	0	33	1140	0
May 12 2021	0	40	1290	0
May 13 2021	0	31	848	0
May 14 2021	0	26	261	0
May 15 2021	0	22	363	0
May 16 2021	0	25	698	0
May 17 2021	0	32	1272	0
May 18 2021	0	30	1608	0
May 19 2021	0	37	1457	0
May 20 2021	0	36	1504	0
May 21 2021	0	26	1028	0
May 22 2021	0	38	1354	0
May 23 2021	0	28	1441	0
May 24 2021	0	25	1675	0
May 25 2021	0	40	1497	0
May 26 2021	0	17	1292	0
May 27 2021	0	22	1358	0
May 28 2021	0	31	1043	0
May 29 2021	0	38	1444	0
May 30 2021	0	34	1710	0
May 31 2021	0	36	1765	0
Jun 01 2021	0	41	1988	0
Jun 02 2021	0	34	1687	0
Jun 03 2021	0	30	1887	0
Jun 04 2021	0	34	1447	0
Jun 05 2021	0	43	1676	0
Jun 06 2021	0	38	1970	0
Jun 07 2021	0	30	2322	0
Jun 08 2021	0	44	2537	0
Jun 09 2021	0	36	2576	0
Jun 10 2021	0	40	2454	0
Jun 11 2021	0	43	1637	0
Jun 12 2021	0	39	2436	0
Jun 13 2021	0	47	3050	0
Jun 14 2021	0	54	3319	0
Jun 15 2021	0	50	3956	0
Jun 16 2021	0	60	3840	0
Jun 17 2021	0	63	3883	0
Jun 18 2021	0	54	3057	0
Jun 19 2021	0	67	3641	0
Jun 20 2021	0	82	4636	0
Jun 21 2021	0	78	4846	0
Jun 22 2021	0	76	5727	0
Jun 23 2021	0	85	6058	0
Jun 24 2021	0	81	5869	0
Jun 25 2021	0	108	4334	0
Jun 26 2021	0	77	5268	0
Jun 27 2021	0	119	8364	0
Jun 28 2021	0	104	7666	0
Jun 29 2021	0	112	8822	0
Jun 30 2021	0	115	8301	0
Jul 01 2021	0	143	8483	0
Jul 02 2021	0	132	6214	0
Jul 03 2021	0	134	8661	0
Jul 04 2021	0	153	9964	0
Jul 05 2021	0	164	11525	0
Jul 06 2021	0	163	11162	0
Jul 07 2021	0	201	11651	0
Jul 08 2021	0	199	11324	0
Jul 09 2021	0	212	8772	0
Jul 10 2021	0	185	11874	0
Jul 11 2021	0	230	13768	0
Jul 12 2021	0	220	12198	0
Jul 13 2021	0	203	12383	0
Jul 14 2021	0	210	12236	0
Jul 15 2021	0	226	12148	0
Jul 16 2021	0	187	8489	0
Jul 17 2021	0	204	11578	0
Jul 18 2021	0	225	13321	0
Jul 19 2021	0	231	11579	0
Jul 20 2021	0	200	7614	0
Jul 21 2021	0	173	3697	0
Jul 22 2021	0	187	6364	0
Jul 23 2021	0	166	6780	0
Jul 24 2021	0	195	11291	0
Jul 25 2021	0	228	15192	0
Jul 26 2021	0	247	14925	0
Jul 27 2021	0	258	16230	0
Jul 28 2021	0	237	15271	0
Jul 29 2021	0	239	13862	0
Jul 30 2021	0	212	9369	0
Jul 31 2021	0	218	14844	0
Aug 01 2021	0	231	15989	0
Aug 02 2021	0	246	15776	0
Aug 03 2021	0	235	13817	0
Aug 04 2021	0	241	12744	0
Aug 05 2021	0	264	12606	0
Aug 06 2021	0	248	8136	0
Aug 07 2021	0	261	10299	0
Aug 08 2021	0	241	11463	0
Aug 09 2021	0	245	11164	0
Aug 10 2021	0	264	10420	0
Aug 11 2021	0	237	10126	0
Aug 12 2021	0	215	8465	0
Aug 13 2021	0	197	6885	0
Aug 14 2021	0	178	6684	0
Aug 15 2021	0	187	6959	0
Aug 16 2021	0	174	7535	0
Aug 17 2021	0	198	7248	0
Aug 18 2021	0	172	6566	0
Aug 19 2021	0	159	5993	0
Aug 20 2021	0	145	3991	0
Aug 21 2021	0	120	4804	0
Aug 22 2021	0	139	5717	0
Aug 23 2021	0	117	5249	0
Aug 24 2021	0	114	4966	0
Aug 25 2021	0	114	4698	0
Aug 26 2021	0	102	3525	0
Aug 27 2021	0	117	3436	0
Aug 28 2021	0	80	3948	0
Aug 29 2021	0	89	3724	0
Aug 30 2021	0	94	3357	0
Aug 31 2021	0	86	3062	0
Sep 01 2021	0	79	3436	0
Sep 02 2021	0	88	3167	0
Sep 03 2021	0	70	1743	0
Sep 04 2021	0	61	2430	0
Sep 05 2021	0	70	2710	0
Sep 06 2021	0	65	2639	0
Sep 07 2021	0	56	2497	0
Sep 08 2021	0	52	2588	0
Sep 09 2021	0	58	2325	0
Sep 10 2021	0	38	1327	0
Sep 11 2021	0	48	1871	0
Sep 12 2021	0	51	1953	0
Sep 13 2021	0	41	2074	0
Sep 14 2021	0	35	1901	0
Sep 15 2021	0	51	1862	0
Sep 16 2021	0	51	1907	0
Sep 17 2021	0	38	1190	0
Sep 18 2021	0	35	1383	0
Sep 19 2021	0	43	1555	0
Sep 20 2021	0	26	1562	0
Sep 21 2021	0	26	1376	0
Sep 22 2021	0	36	1144	0
Sep 23 2021	0	24	1233	0
Sep 24 2021	0	31	818	0
Sep 25 2021	0	25	980	0
Sep 26 2021	0	21	1212	0
Sep 27 2021	0	25	1310	0
Sep 28 2021	0	31	1178	0
Sep 29 2021	0	17	860	0
Sep 30 2021	0	23	847	0
Oct 01 2021	0	21	589	0
Oct 02 2021	0	24	617	0
Oct 03 2021	0	18	794	0
Oct 04 2021	0	18	694	0
Oct 05 2021	0	23	703	0
Oct 06 2021	0	21	663	0
Oct 07 2021	0	12	645	0
Oct 08 2021	0	7	415	0
Oct 09 2021	0	20	481	0
Oct 10 2021	0	14	599	0
Oct 11 2021	0	11	543	0
Oct 12 2021	0	14	518	0
Oct 13 2021	0	17	466	0
Oct 14 2021	0	7	396	0
Oct 15 2021	0	9	293	0
Oct 16 2021	0	6	314	0
Oct 17 2021	0	16	339	0
Oct 18 2021	0	10	469	0
Oct 19 2021	0	7	368	0
Oct 20 2021	0	6	243	0
Oct 21 2021	0	10	232	0
Oct 22 2021	0	4	278	0
Oct 23 2021	0	9	275	0
Oct 24 2021	0	9	289	0
Oct 25 2021	0	5	276	0
Oct 26 2021	0	6	306	0
Oct 27 2021	0	7	294	0
Oct 28 2021	0	6	305	0
Oct 29 2021	0	7	166	0
Oct 30 2021	0	8	211	0
Oct 31 2021	0	6	214	0
Nov 01 2021	0	2	229	0
Nov 02 2021	0	3	256	0
Nov 03 2021	0	7	247	0
Nov 04 2021	0	7	0	0
Nov 05 2021	0	3	350	0
Nov 06 2021	0	1	178	0
Nov 07 2021	0	4	215	0
Nov 08 2021	0	6	206	0
Nov 09 2021	0	3	235	0
Nov 10 2021	0	2	237	0
Nov 11 2021	0	1	221	0
Nov 12 2021	0	5	151	0
Nov 13 2021	0	6	223	0
Nov 14 2021	0	4	234	0
Nov 15 2021	0	4	213	0
Nov 16 2021	0	2	266	0
Nov 17 2021	0	6	253	0
Nov 18 2021	0	5	244	0
Nov 19 2021	0	7	178	0
Nov 20 2021	0	0	199	0
Nov 21 2021	0	7	264	0
Nov 22 2021	0	2	284	0
Nov 23 2021	0	3	312	0
Nov 24 2021	0	3	237	0
Nov 25 2021	0	9	239	0
Nov 26 2021	0	3	155	0
Nov 27 2021	0	2	205	0
Nov 28 2021	0	3	227	0
Nov 29 2021	0	2	273	0
Nov 30 2021	0	1	282	0
Dec 01 2021	0	2	261	0
Dec 02 2021	0	3	243	0
Dec 03 2021	0	3	176	0
Dec 04 2021	0	6	197	0
Dec 05 2021	0	6	277	0
Dec 06 2021	0	4	291	0
Dec 07 2021	0	5	277	0
Dec 08 2021	0	6	262	0
Dec 09 2021	0	0	269	0
Dec 10 2021	0	1	177	0
Dec 11 2021	0	5	329	0
Dec 12 2021	0	6	385	0
Dec 13 2021	0	3	295	0
Dec 14 2021	0	3	297	0
Dec 15 2021	0	4	257	0
Dec 16 2021	0	3	191	0
Dec 17 2021	0	2	122	0
Dec 18 2021	0	4	211	0
Dec 19 2021	0	1	260	0
Dec 20 2021	0	2	291	0
Dec 21 2021	0	1	352	0
Dec 22 2021	0	1	382	0
Dec 23 2021	0	2	342	0
Dec 24 2021	0	1	275	0
Dec 25 2021	0	1	268	0
Dec 26 2021	0	4	373	0
Dec 27 2021	0	1	397	0
Dec 28 2021	0	1	495	0
Dec 29 2021	0	1	509	0
Dec 30 2021	0	7	512	0
Dec 31 2021	0	2	370	0
Jan 01 2022	0	4	557	0
Jan 02 2022	0	1	674	0
Jan 03 2022	0	4	775	0
Jan 04 2022	0	6	892	0
Jan 05 2022	0	3	1140	0
Jan 06 2022	0	7	1146	0
Jan 07 2022	0	1	1116	0
Jan 08 2022	0	1	1491	0
Jan 09 2022	0	3	2231	0
Jan 10 2022	0	3	2458	0
Jan 11 2022	0	2	2916	0
Jan 12 2022	0	4	3359	0
Jan 13 2022	0	12	4378	0
Jan 14 2022	0	6	3447	0
Jan 15 2022	0	7	5222	0
Jan 16 2022	0	8	6676	0
Jan 17 2022	0	10	8407	0
Jan 18 2022	0	10	9500	0
Jan 19 2022	0	12	10888	0
Jan 20 2022	0	4	11434	0
Jan 21 2022	0	12	9614	0
Jan 22 2022	0	17	10906	0
Jan 23 2022	0	14	14828	0
Jan 24 2022	0	15	16033	0
Jan 25 2022	0	18	15527	0
Jan 26 2022	0	17	15807	0
Jan 27 2022	0	15	15440	0
Jan 28 2022	0	20	10378	0
Jan 29 2022	0	21	12183	0
Jan 30 2022	0	34	13501	0
Jan 31 2022	0	31	13154	0
Feb 01 2022	0	31	12193	0
Feb 02 2022	0	36	11596	0
Feb 03 2022	0	33	9052	0
Feb 04 2022	0	30	8359	0
Feb 05 2022	0	36	8345	0
Feb 06 2022	0	29	9369	0
Feb 07 2022	0	38	8354	0
Feb 08 2022	0	43	8016	0
Feb 09 2022	0	33	7264	0
Feb 10 2022	0	41	5268	0
Feb 11 2022	0	27	5023	0
Feb 12 2022	0	20	4838	0
Feb 13 2022	0	28	4692	0
Feb 14 2022	0	19	4746	0
Feb 15 2022	0	34	3929	0
Feb 16 2022	0	15	3539	0
Feb 17 2022	0	20	2584	0
Feb 18 2022	0	24	2150	0
Feb 19 2022	0	13	1987	0
Feb 20 2022	0	21	1951	0
Feb 21 2022	0	9	1595	0
Feb 22 2022	0	16	1298	0
Feb 23 2022	0	5	1516	0
Feb 24 2022	0	10	1406	0
Feb 25 2022	0	11	759	0
Feb 26 2022	0	8	864	0
Feb 27 2022	0	9	897	0
Feb 28 2022	0	4	799	0
Mar 01 2022	0	8	732	0
Mar 02 2022	0	8	657	0
Mar 03 2022	0	5	604	0
Mar 04 2022	0	6	368	0
Mar 05 2022	0	13	529	0
Mar 06 2022	0	8	436	0
Mar 07 2022	0	4	446	0
Mar 08 2022	0	7	323	0
Mar 09 2022	0	1	327	0
Mar 10 2022	0	3	257	0
Mar 11 2022	0	5	198	0
Mar 12 2022	0	3	233	0
Mar 13 2022	0	3	239	0
Mar 14 2022	0	1	217	0
Mar 15 2022	0	0	182	0
Mar 16 2022	0	0	233	0
Mar 17 2022	0	0	108	0
Mar 18 2022	0	2	62	0
Mar 19 2022	0	0	82	0
Mar 20 2022	0	3	116	0
Mar 21 2022	0	0	121	0
Mar 22 2022	0	0	134	0
Mar 23 2022	0	1	92	0
Mar 24 2022	0	0	102	0
Mar 25 2022	0	0	65	0
Mar 26 2022	0	0	43	0
Mar 27 2022	0	0	81	0
Mar 28 2022	0	1	69	0
Mar 29 2022	0	1	72	0
Mar 30 2022	0	2	73	0
Mar 31 2022	0	0	81	0
Apr 01 2022	0	0	56	0
Apr 02 2022	0	0	56	0
Apr 03 2022	0	0	61	0
Apr 04 2022	0	1	0	0
Apr 05 2022	0	0	36	0
Apr 06 2022	0	0	44	0
Apr 07 2022	0	0	84	0
Apr 08 2022	0	0	28	0
Apr 09 2022	0	0	42	0
Apr 10 2022	0	0	44	0
Apr 11 2022	0	1	22	0
Apr 12 2022	0	0	31	0
Apr 13 2022	0	0	35	0
Apr 14 2022	0	0	27	0
Apr 15 2022	0	0	51	0
Apr 16 2022	0	0	51	0
Apr 17 2022	0	0	36	0
Apr 18 2022	0	2	50	0
Apr 19 2022	0	0	28	0
Apr 20 2022	0	1	45	0
Apr 21 2022	0	0	21	0
Apr 22 2022	0	0	26	0
Apr 23 2022	0	0	24	0
Apr 24 2022	0	0	27	0
Apr 25 2022	0	0	19	0
Apr 26 2022	0	0	23	0
Apr 27 2022	0	0	19	0
Apr 28 2022	0	0	30	0
Apr 29 2022	0	0	17	0
Apr 30 2022	0	0	25	0
May 01 2022	0	0	10	0
May 02 2022	0	0	7	0
May 03 2022	0	0	10	0
May 04 2022	0	0	4	0
May 05 2022	0	0	19	0
May 06 2022	0	0	10	0
May 07 2022	0	0	23	0
May 08 2022	0	0	30	0
May 09 2022	0	0	26	0
May 10 2022	0	0	33	0
May 11 2022	0	0	51	0
May 12 2022	0	0	18	0
May 13 2022	0	0	22	0
May 14 2022	0	0	33	0
May 15 2022	0	0	37	0
May 16 2022	0	0	32	0
May 17 2022	0	0	22	0
May 18 2022	0	0	35	0
May 19 2022	0	0	50	0
May 20 2022	0	0	0	0
May 21 2022	0	1	16	0
May 22 2022	0	0	29	0
May 23 2022	0	2	31	0
May 24 2022	0	0	34	0
May 25 2022	0	0	30	0
May 26 2022	0	0	28	0
May 27 2022	0	0	23	0
May 28 2022	0	0	28	0
May 29 2022	0	0	40	0
May 30 2022	0	1	34	0
May 31 2022	0	0	26	0
Jun 01 2022	0	0	34	0
Jun 02 2022	0	0	22	0
Jun 03 2022	0	0	29	0
Jun 04 2022	0	0	31	0
Jun 05 2022	0	0	34	0
Jun 06 2022	0	0	43	0
Jun 07 2022	0	0	54	0
Jun 08 2022	0	0	58	0
Jun 09 2022	0	0	123	0
Jun 10 2022	0	0	71	0
Jun 11 2022	0	0	109	0
Jun 12 2022	0	0	128	0
Jun 13 2022	0	0	162	0
Jun 14 2022	0	0	232	0
Jun 15 2022	0	0	357	0
Jun 16 2022	0	0	433	0
Jun 17 2022	0	0	304	0
Jun 18 2022	0	0	596	0
Jun 19 2022	0	0	873	0
Jun 20 2022	0	1	874	0
Jun 21 2022	0	1	1135	0
Jun 22 2022	0	1	1319	0
Jun 23 2022	0	1	1685	0
Jun 24 2022	0	0	1280	0
Jun 25 2022	0	3	1680	0
Jun 26 2022	0	2	2101	0
Jun 27 2022	0	2	2087	0
Jun 28 2022	0	3	2241	0
Jun 29 2022	0	0	2183	0
Jun 30 2022	0	4	1897	0
Jul 01 2022	0	5	1105	0
Jul 02 2022	0	6	1902	0
Jul 03 2022	0	2	2285	0
Jul 04 2022	0	12	1998	0
Jul 05 2022	0	7	1728	0
Jul 06 2022	0	4	1790	0
Jul 07 2022	0	3	1611	0
Jul 08 2022	0	7	939	0
Jul 09 2022	0	3	814	0
Jul 10 2022	0	2	521	0
Jul 11 2022	0	3	656	0
Jul 12 2022	0	9	1027	0
Jul 13 2022	0	5	1324	0
Jul 14 2022	0	6	1051	0
Jul 15 2022	0	2	1007	0
Jul 16 2022	0	5	900	0
Jul 17 2022	0	4	1072	0
Jul 18 2022	0	7	879	0
Jul 19 2022	0	8	1104	0
Jul 20 2022	0	1	884	0
Jul 21 2022	0	6	620	0
Jul 22 2022	0	2	446	0
Jul 23 2022	0	4	430	0
Jul 24 2022	0	4	548	0
Jul 25 2022	0	5	621	0
Jul 26 2022	0	4	626	0
Jul 27 2022	0	5	618	0
Jul 28 2022	0	4	355	0
Jul 29 2022	0	1	349	0
Jul 30 2022	0	3	365	0
Jul 31 2022	0	3	349	0
Aug 01 2022	0	1	387	0
Aug 02 2022	0	3	375	0
Aug 03 2022	0	3	278	0
Aug 04 2022	0	2	253	0
Aug 05 2022	0	2	220	0
Aug 06 2022	0	2	216	0
Aug 07 2022	0	0	296	0
Aug 08 2022	0	3	239	0
Aug 09 2022	0	1	198	0
Aug 10 2022	0	1	214	0
Aug 11 2022	0	1	218	0
Aug 12 2022	0	2	144	0
Aug 13 2022	0	0	226	0
Aug 14 2022	0	1	259	0
Aug 15 2022	0	1	93	0
Aug 16 2022	0	0	212	0
Aug 17 2022	0	0	170	0
Aug 18 2022	0	1	93	0
Aug 19 2022	0	0	100	0
Aug 20 2022	0	0	173	0
Aug 21 2022	0	0	178	0
Aug 22 2022	0	1	175	0
Aug 23 2022	0	0	167	0
Aug 24 2022	0	3	258	0
Aug 25 2022	0	1	196	0
Aug 26 2022	0	1	156	0
Aug 27 2022	0	2	217	0
Aug 28 2022	0	0	243	0
Aug 29 2022	0	0	172	0
Aug 30 2022	0	0	214	0
Aug 31 2022	0	0	216	0
Sep 01 2022	0	2	214	0
Sep 02 2022	0	1	155	0
Sep 03 2022	0	1	230	0
Sep 04 2022	0	1	333	0
Sep 05 2022	0	0	313	0
Sep 06 2022	0	1	282	0
Sep 07 2022	0	0	388	0
Sep 08 2022	0	1	278	0
Sep 09 2022	0	1	222	0
Sep 10 2022	0	1	310	0
Sep 11 2022	0	2	421	0
Sep 12 2022	0	0	435	0
Sep 13 2022	0	1	402	0
Sep 14 2022	0	1	438	0
Sep 15 2022	0	1	363	0
Sep 16 2022	0	2	141	0
Sep 17 2022	0	0	527	0
Sep 18 2022	0	0	601	0
Sep 19 2022	0	1	614	0
Sep 20 2022	0	5	641	0
Sep 21 2022	0	0	678	0
Sep 22 2022	0	1	620	0
Sep 23 2022	0	1	350	0
Sep 24 2022	0	4	572	0
Sep 25 2022	0	2	718	0
Sep 26 2022	0	6	737	0
Sep 27 2022	0	1	665	0
Sep 28 2022	0	0	679	0
Sep 29 2022	0	2	708	0
Sep 30 2022	0	1	480	0
Oct 01 2022	0	5	535	0
Oct 02 2022	0	1	696	0
Oct 03 2022	0	2	657	0
Oct 04 2022	0	1	549	0
Oct 05 2022	0	2	410	0
Oct 06 2022	0	1	491	0
Oct 07 2022	0	5	299	0
Oct 08 2022	0	0	409	0
Oct 09 2022	0	1	367	0
Oct 10 2022	0	3	460	0
Oct 11 2022	0	2	456	0
Oct 12 2022	0	2	445	0
Oct 13 2022	0	1	346	0
Oct 14 2022	0	4	295	0
Oct 15 2022	0	2	351	0
Oct 16 2022	0	6	389	0
Oct 17 2022	0	1	287	0
Oct 18 2022	0	6	300	0
Oct 19 2022	0	2	243	0
Oct 20 2022	0	1	216	0
Oct 21 2022	0	0	124	0
Oct 22 2022	0	1	139	0
Oct 23 2022	0	1	207	0
Oct 24 2022	0	2	185	0
Oct 25 2022	0	1	196	0
Oct 26 2022	0	0	137	0
Oct 27 2022	0	1	102	0
Oct 28 2022	0	1	69	0
Oct 29 2022	0	1	115	0
Oct 30 2022	0	4	88	0
Oct 31 2022	0	0	94	0
Nov 01 2022	0	1	183	0
Nov 02 2022	0	0	140	0
Nov 03 2022	0	1	88	0
Nov 04 2022	0	0	37	0
Nov 05 2022	0	0	46	0
Nov 06 2022	0	1	54	0
Nov 07 2022	0	0	48	0
Nov 08 2022	0	0	62	0
Nov 09 2022	0	0	69	0
Nov 10 2022	0	0	48	0
Nov 11 2022	0	0	22	0
Nov 12 2022	0	0	35	0
Nov 13 2022	0	1	38	0
Nov 14 2022	0	2	29	0
Nov 15 2022	0	0	35	0
Nov 16 2022	0	1	38	0
Nov 17 2022	0	0	19	0
Nov 18 2022	0	0	18	0
Nov 19 2022	0	0	24	0
Nov 20 2022	0	0	26	0
Nov 21 2022	0	1	23	0
Nov 22 2022	0	0	33	0
Nov 23 2022	0	0	20	0
Nov 24 2022	0	0	19	0
Nov 25 2022	0	0	23	0
Nov 26 2022	0	0	16	0
Nov 27 2022	0	0	29	0
Nov 28 2022	0	1	11	0
Nov 29 2022	0	1	18	0
Nov 30 2022	0	0	12	0
Dec 01 2022	0	0	15	0
Dec 02 2022	0	1	10	0
Dec 03 2022	0	0	15	0
Dec 04 2022	0	0	26	0
Dec 05 2022	0	1	22	0
Dec 06 2022	0	0	32	0
Dec 07 2022	0	1	13	0
Dec 08 2022	0	0	30	0
Dec 09 2022	0	0	17	0
Dec 10 2022	0	0	29	0
Dec 11 2022	0	0	19	0
Dec 12 2022	0	1	20	0
Dec 13 2022	0	0	21	0
Dec 14 2022	0	0	15	0
Dec 15 2022	0	0	16	0
Dec 16 2022	0	0	14	0
Dec 17 2022	0	1	17	0
Dec 18 2022	0	0	20	0
Dec 19 2022	0	0	19	0
Dec 20 2022	0	0	20	0
Dec 21 2022	0	0	16	0
Dec 22 2022	0	0	8	0
Dec 23 2022	0	0	7	0
Dec 24 2022	0	0	6	0
Dec 25 2022	0	1	7	0
Dec 26 2022	0	0	15	0
Dec 27 2022	0	0	21	0
Dec 28 2022	0	0	22	0
Dec 29 2022	0	0	13	0
Dec 30 2022	0	0	23	0
Dec 31 2022	0	1	17	0
Jan 01 2023	0	0	14	0
Jan 02 2023	0	0	31	0
Jan 03 2023	0	0	21	0
Jan 04 2023	0	0	22	0
Jan 05 2023	0	0	10	0
Jan 06 2023	0	0	10	0
Jan 07 2023	0	0	17	0
Jan 08 2023	0	0	17	0
Jan 09 2023	0	0	21	0
Jan 10 2023	0	1	22	0
Jan 11 2023	0	0	4	0
Jan 12 2023	0	0	15	0
Jan 13 2023	0	0	10	0
Jan 14 2023	0	0	12	0
Jan 15 2023	0	0	9	0
Jan 16 2023	0	0	9	0
Jan 17 2023	0	0	13	0
Jan 18 2023	0	0	9	0
Jan 19 2023	0	0	8	0
Jan 20 2023	0	0	17	0
Jan 21 2023	0	0	11	0
Jan 22 2023	0	0	12	0
Jan 23 2023	0	0	13	0
Jan 24 2023	0	0	9	0
Jan 25 2023	0	0	16	0
Jan 26 2023	0	0	12	0
Jan 27 2023	0	0	10	0
Jan 28 2023	0	0	16	0
Jan 29 2023	0	0	11	0
Jan 30 2023	0	1	13	0
Jan 31 2023	0	0	12	0
Feb 01 2023	0	0	10	0
Feb 02 2023	0	0	10	0
Feb 03 2023	0	1	12	0
Feb 04 2023	0	0	9	0
Feb 05 2023	0	0	13	0
Feb 06 2023	0	0	14	0
Feb 07 2023	0	0	11	0
Feb 08 2023	0	1	8	0
Feb 09 2023	0	0	9	0
Feb 10 2023	0	0	9	0
Feb 11 2023	0	0	6	0
Feb 12 2023	0	0	9	0
Feb 13 2023	0	1	15	0
Feb 14 2023	0	0	13	0
Feb 15 2023	0	0	14	0
Feb 16 2023	0	0	8	0
Feb 17 2023	0	0	5	0
Feb 18 2023	0	0	7	0
Feb 19 2023	0	0	14	0
Feb 20 2023	0	0	9	0
Feb 21 2023	0	0	7	0
Feb 22 2023	0	0	6	0
Feb 23 2023	0	0	4	0
Feb 24 2023	0	0	6	0
Feb 25 2023	0	0	12	0
Feb 26 2023	0	0	10	0
Feb 27 2023	0	0	11	0
Feb 28 2023	0	0	11	0
Mar 01 2023	0	0	10	0
Mar 02 2023	0	0	4	0
Mar 03 2023	0	0	2	0
Mar 04 2023	0	0	9	0
Mar 05 2023	0	0	6	0
Mar 06 2023	0	0	8	0
Mar 07 2023	0	0	8	0
Mar 08 2023	0	0	6	0
Mar 09 2023	0	0	11	0
Mar 10 2023	0	0	15	0
Mar 11 2023	0	0	3	0
Mar 12 2023	0	0	7	0
Mar 13 2023	0	0	9	0
Mar 14 2023	0	0	9	0
Mar 15 2023	0	0	7	0
Mar 16 2023	0	0	5	0
Mar 17 2023	0	0	4	0
Mar 18 2023	0	0	6	0
Mar 19 2023	0	0	5	0
Mar 20 2023	0	0	4	0
Mar 21 2023	0	0	4	0
Mar 22 2023	0	0	4	0
Mar 23 2023	0	0	3	0
Mar 24 2023	0	0	4	0
Mar 25 2023	0	0	8	0
Mar 26 2023	0	0	7	0
Mar 27 2023	0	0	6	0
Mar 28 2023	0	0	4	0
Mar 29 2023	0	1	5	0
Mar 30 2023	0	0	5	0
Mar 31 2023	0	0	4	0
Apr 01 2023	0	0	6	0
Apr 02 2023	0	0	7	0
Apr 03 2023	0	0	8	0
Apr 04 2023	0	0	8	0
Apr 05 2023	0	0	5	0
Apr 06 2023	0	0	3	0
Apr 07 2023	0	0	4	0
Apr 08 2023	0	0	5	0
Apr 09 2023	0	0	8	0
Apr 10 2023	0	0	5	0
Apr 11 2023	0	0	6	0
Apr 12 2023	0	0	6	0
Apr 13 2023	0	0	6	0
Apr 14 2023	0	0	4	0
Apr 15 2023	0	0	3	0
Apr 16 2023	0	0	8	0
Apr 17 2023	0	0	5	0
Apr 18 2023	0	0	5	0
Apr 19 2023	0	0	9	0
Apr 20 2023	0	0	3	0
Apr 21 2023	0	0	4	0
Apr 22 2023	0	0	4	0
Apr 23 2023	0	0	7	0
Apr 24 2023	0	0	13	0
Apr 25 2023	0	0	11	0
Apr 26 2023	0	0	7	0
Apr 27 2023	0	0	15	0
Apr 28 2023	0	0	9	0
Apr 29 2023	0	0	16	0
Apr 30 2023	0	0	13	0
May 01 2023	0	0	5	0
May 02 2023	0	0	18	0
May 03 2023	0	0	23	0
May 04 2023	0	0	9	0
May 05 2023	0	0	15	0
May 06 2023	0	0	23	0
May 07 2023	0	0	24	0
May 08 2023	0	0	22	0
May 09 2023	0	0	22	0
May 10 2023	0	0	24	0
May 11 2023	0	0	23	0
May 12 2023	0	0	8	0
May 13 2023	0	0	17	0
May 14 2023	0	0	19	0
May 15 2023	0	0	20	0
May 16 2023	0	0	22	0
May 17 2023	0	0	36	0
May 18 2023	0	0	14	0
May 19 2023	0	0	18	0
May 20 2023	0	0	19	0
May 21 2023	0	0	38	0
May 22 2023	0	0	44	0
May 23 2023	0	0	33	0
May 24 2023	0	0	68	0
May 25 2023	0	0	28	0
May 26 2023	0	0	61	0
May 27 2023	0	0	73	0
May 28 2023	0	0	159	0
May 29 2023	0	0	114	0
May 30 2023	0	0	103	0
May 31 2023	0	0	70	0
Jun 01 2023	0	0	89	0
Jun 02 2023	0	0	65	0
Jun 03 2023	0	0	68	0
Jun 04 2023	0	0	75	0
Jun 05 2023	0	0	197	0
Jun 06 2023	0	0	103	0
Jun 07 2023	0	5	104	0
Jun 08 2023	0	0	94	0
Jun 09 2023	0	0	107	0
Jun 10 2023	0	0	151	0
Jun 11 2023	0	0	140	0
Jun 12 2023	0	0	71	0
Jun 13 2023	0	0	134	0
Jun 14 2023	0	1	151	0
Jun 15 2023	0	0	166	0
Jun 16 2023	0	0	108	0
Jun 17 2023	0	0	230	0
Jun 18 2023	0	0	153	0
Jun 19 2023	0	0	125	0
Jun 20 2023	0	0	146	0
Jun 21 2023	0	5	95	0
Jun 22 2023	0	0	60	0
Jun 23 2023	0	0	82	0
Jun 24 2023	0	0	121	0
Jun 25 2023	0	0	110	0
Jun 26 2023	0	0	60	0
Jun 27 2023	0	0	97	0
Jun 28 2023	0	5	34	0
Jun 29 2023	0	0	39	0
Jun 30 2023	0	0	68	0
Jul 01 2023	0	0	42	0
Jul 02 2023	0	0	66	0
Jul 03 2023	0	0	86	0
Jul 04 2023	0	0	86	0
Jul 05 2023	0	0	35	0
Jul 06 2023	0	0	87	0
Jul 07 2023	0	0	23	0
Jul 08 2023	0	0	76	0
Jul 09 2023	0	0	61	0
Jul 10 2023	0	0	66	0
Jul 11 2023	0	0	36	0
Jul 12 2023	0	1	63	0
Jul 13 2023	0	0	62	0
Jul 14 2023	0	0	36	0
Jul 15 2023	0	0	92	0
Jul 16 2023	0	0	80	0
Jul 17 2023	0	0	73	0
Jul 18 2023	0	0	42	0
Jul 19 2023	0	2	109	0
Jul 20 2023	0	0	32	0
Jul 21 2023	0	0	22	0
Jul 22 2023	0	0	36	0
Jul 23 2023	0	0	77	0
Jul 24 2023	0	0	83	0
Jul 25 2023	0	0	38	0
Jul 26 2023	0	4	71	0
Jul 27 2023	0	0	61	0
Jul 28 2023	0	0	50	0
Jul 29 2023	0	0	59	0
Jul 30 2023	0	0	47	0
Jul 31 2023	0	0	75	0
Aug 01 2023	0	0	32	0
Aug 02 2023	0	4	77	0
Aug 03 2023	0	0	72	0
Aug 04 2023	0	0	22	0
Aug 05 2023	0	0	44	0
Aug 06 2023	0	0	43	0
Aug 07 2023	0	0	39	0
Aug 08 2023	0	0	41	0
Aug 09 2023	0	0	35	0
Aug 10 2023	0	2	20	0
Aug 11 2023	0	0	12	0
Aug 12 2023	0	0	28	0
Aug 13 2023	0	0	43	0
Aug 14 2023	0	0	37	0
Aug 15 2023	0	0	26	0
Aug 16 2023	0	1	17	0
Aug 17 2023	0	0	12	0
Aug 18 2023	0	0	14	0
Aug 19 2023	0	0	13	0
Aug 20 2023	0	0	27	0
Aug 21 2023	0	0	21	0
Aug 22 2023	0	0	23	0
Aug 23 2023	0	0	12	0
Aug 24 2023	0	0	13	0
Aug 25 2023	0	0	9	0
Aug 26 2023	0	0	22	0
Aug 27 2023	0	0	21	0
Aug 28 2023	0	0	13	0
Aug 29 2023	0	0	14	0
Aug 30 2023	0	0	18	0
Aug 31 2023	0	0	25	0
Sep 01 2023	0	0	9	0
Sep 02 2023	0	0	22	0
Sep 03 2023	0	0	14	0
Sep 04 2023	0	0	11	0
Sep 05 2023	0	0	16	0
Sep 06 2023	0	1	22	0
Sep 07 2023	0	0	16	0
Sep 08 2023	0	0	13	0
Sep 09 2023	0	0	17	0
Sep 10 2023	0	0	13	0
Sep 11 2023	0	0	7	0
Sep 12 2023	0	0	18	0
Sep 13 2023	0	0	11	0
Sep 14 2023	0	0	8	0
Sep 15 2023	0	0	19	0
Sep 16 2023	0	0	9	0
Sep 17 2023	0	0	10	0
Sep 18 2023	0	0	12	0
Sep 19 2023	0	0	9	0
Sep 20 2023	0	0	9	0
Sep 21 2023	0	0	10	0
Sep 22 2023	0	0	9	0
Sep 23 2023	0	0	10	0
Sep 24 2023	0	0	9	0
Sep 25 2023	0	0	7	0
Sep 26 2023	0	0	11	0
Sep 27 2023	0	0	8	0
Sep 28 2023	0	0	15	0
Sep 29 2023	0	0	8	0
Sep 30 2023	0	0	5	0
Oct 01 2023	0	0	7	0
Oct 02 2023	0	0	8	0
Oct 03 2023	0	0	5	0
Oct 04 2023	0	0	8	0
Oct 05 2023	0	0	7	0
Oct 06 2023	0	0	11	0
Oct 07 2023	0	0	9	0
Oct 08 2023	0	0	14	0
Oct 09 2023	0	0	9	0
Oct 10 2023	0	0	7	0
Oct 11 2023	0	0	9	0
Oct 12 2023	0	0	5	0
Oct 13 2023	0	0	5	0
Oct 14 2023	0	0	5	0
Oct 15 2023	0	0	9	0
Oct 16 2023	0	0	6	0
Oct 17 2023	0	0	7	0
Oct 18 2023	0	0	7	0
Oct 19 2023	0	0	8	0
Oct 20 2023	0	0	5	0
Oct 21 2023	0	0	7	0
Oct 22 2023	0	0	6	0
Oct 23 2023	0	0	4	0
Oct 24 2023	0	0	4	0
Oct 25 2023	0	0	5	0
Oct 26 2023	0	0	4	0
Oct 27 2023	0	0	5	0
Oct 28 2023	0	0	3	0
Oct 29 2023	0	0	5	0
Oct 30 2023	0	0	5	0
Oct 31 2023	0	0	7	0
Nov 01 2023	0	0	6	0
Nov 02 2023	0	0	3	0
Nov 03 2023	0	0	5	0
Nov 04 2023	0	0	4	0
Nov 05 2023	0	0	6	0
Nov 06 2023	0	0	4	0
Nov 07 2023	0	0	5	0
Nov 08 2023	0	0	6	0
Nov 09 2023	0	0	5	0
Nov 10 2023	0	0	5	0
Nov 11 2023	0	0	3	0
Nov 12 2023	0	0	6	0
Nov 13 2023	0	0	5	0
Nov 14 2023	0	0	4	0
Nov 15 2023	0	0	7	0
Nov 16 2023	0	0	4	0
Nov 17 2023	0	0	4	0
Nov 18 2023	0	0	4	0
Nov 19 2023	0	0	5	0
Nov 20 2023	0	0	7	0
Nov 21 2023	0	0	6	0
Nov 22 2023	0	0	4	0
Nov 23 2023	0	0	3	0
Nov 24 2023	0	0	5	0
Nov 25 2023	0	0	4	0
Nov 26 2023	0	0	8	0
Nov 27 2023	0	0	4	0
Nov 28 2023	0	0	4	0
Nov 29 2023	0	0	3	0
Nov 30 2023	0	0	3	0
Dec 01 2023	0	0	4	0
Dec 02 2023	0	0	4	0
Dec 03 2023	0	0	5	0
Dec 04 2023	0	0	5	0
Dec 05 2023	0	0	8	0
Dec 06 2023	0	0	9	0
Dec 07 2023	0	0	5	0
Dec 08 2023	0	0	6	0
Dec 09 2023	0	0	5	0
Dec 10 2023	0	0	5	0
Dec 11 2023	0	0	6	0
Dec 12 2023	0	0	5	0
Dec 13 2023	0	0	6	0
Dec 14 2023	0	0	3	0
Dec 15 2023	0	0	4	0
Dec 16 2023	0	0	3	0
Dec 17 2023	0	0	0	0
Dec 18 2023	0	0	0	0
Dec 19 2023	0	0	0	0
Dec 20 2023	0	0	0	0
Dec 21 2023	0	0	0	0
Dec 22 2023	0	0	0	0
Dec 23 2023	0	0	0	0
Dec 24 2023	0	0	42	0
Dec 25 2023	0	0	0	0
Dec 26 2023	0	0	0	0
Dec 27 2023	0	0	0	0
Dec 28 2023	0	0	0	0
Dec 29 2023	0	0	0	0
Dec 30 2023	0	0	0	0
Dec 31 2023	0	0	85	0
Jan 01 2024	0	0	0	0
Jan 02 2024	0	0	0	0
Jan 03 2024	0	0	0	0
Jan 04 2024	0	0	0	0
Jan 05 2024	0	0	0	0
Jan 06 2024	0	0	0	0
Jan 07 2024	0	0	117	0
Jan 08 2024	0	0	0	0
Jan 09 2024	0	0	0	0
Jan 10 2024	0	0	0	0
Jan 11 2024	0	0	0	0
Jan 12 2024	0	0	0	0
Jan 13 2024	0	0	0	0
Jan 14 2024	0	2	190	0
Jan 15 2024	0	0	0	0
Jan 16 2024	0	0	0	0
Jan 17 2024	0	0	0	0
Jan 18 2024	0	0	0	0
Jan 19 2024	0	0	0	0
Jan 20 2024	0	0	125	0
Jan 21 2024	0	2	34	0
Jan 22 2024	0	0	30	0
Jan 23 2024	0	0	35	0
Jan 24 2024	0	0	0	0
Jan 25 2024	0	0	0	0
Jan 26 2024	0	0	112	0
Jan 27 2024	0	0	28	0
Jan 28 2024	0	0	0	0
Jan 29 2024	0	0	35	0
Jan 30 2024	0	0	53	0
Jan 31 2024	0	1	99	0
Feb 01 2024	0	0	49	0
Feb 02 2024	0	0	0	0
Feb 03 2024	0	0	59	0
Feb 04 2024	0	0	39	0
Feb 05 2024	0	0	0	0
Feb 06 2024	0	0	0	0
Feb 07 2024	0	0	0	0
Feb 08 2024	0	0	0	0
Feb 09 2024	0	0	0	0
Feb 10 2024	0	0	0	0
Feb 11 2024	0	1	255	0
Feb 12 2024	0	0	0	0
Feb 13 2024	0	0	0	0
Feb 14 2024	0	0	0	0
Feb 15 2024	0	0	0	0
Feb 16 2024	0	0	0	0
Feb 17 2024	0	0	0	0
Feb 18 2024	0	3	335	0
Feb 19 2024	0	0	0	0
Feb 20 2024	0	0	0	0
Feb 21 2024	0	0	0	0
Feb 22 2024	0	0	0	0
Feb 23 2024	0	0	0	0
Feb 24 2024	0	0	0	0
Feb 25 2024	0	3	345	0
Feb 26 2024	0	0	0	0
Feb 27 2024	0	0	0	0
Feb 28 2024	0	0	0	0
Feb 29 2024	0	0	0	0
Mar 01 2024	0	0	0	0
Mar 02 2024	0	0	0	0
Mar 03 2024	0	2	356	0
Mar 04 2024	0	0	0	0
Mar 05 2024	0	0	0	0
Mar 06 2024	0	0	0	0
Mar 07 2024	0	0	0	0
Mar 08 2024	0	0	0	0
Mar 09 2024	0	0	0	0
Mar 10 2024	0	1	326	0
Mar 11 2024	0	0	0	0
Mar 12 2024	0	0	0	0
Mar 13 2024	0	0	0	0
Mar 14 2024	0	0	0	0
Mar 15 2024	0	0	0	0
Mar 16 2024	0	0	0	0
Mar 17 2024	0	0	0	0
Mar 18 2024	0	0	0	0
Mar 19 2024	0	0	0	0
Mar 20 2024	0	0	0	0
Mar 21 2024	0	0	0	0
Mar 22 2024	0	0	0	0
Mar 23 2024	0	0	0	0
Mar 24 2024	0	0	0	0
Mar 25 2024	0	0	0	0
Mar 26 2024	0	0	0	0
Mar 27 2024	0	0	0	0
