Date	Active Cases	Daily Death	New cases	Recoverd Cases
Feb 15 2020	0	0	0	0
Feb 16 2020	0	0	0	0
Feb 17 2020	0	0	0	0
Feb 18 2020	0	0	0	0
Feb 19 2020	0	0	0	0
Feb 20 2020	0	0	0	0
Feb 21 2020	0	0	0	0
Feb 22 2020	0	0	0	0
Feb 23 2020	0	0	0	0
Feb 24 2020	0	0	0	0
Feb 25 2020	0	0	0	0
Feb 26 2020	0	0	0	0
Feb 27 2020	0	0	0	0
Feb 28 2020	0	0	0	0
Feb 29 2020	0	0	0	0
Mar 01 2020	0	0	0	0
Mar 02 2020	0	0	0	0
Mar 03 2020	0	0	0	0
Mar 04 2020	0	0	0	0
Mar 05 2020	0	0	0	0
Mar 06 2020	1	0	0	0
Mar 07 2020	6	0	5	0
Mar 08 2020	7	0	1	0
Mar 09 2020	9	0	2	0
Mar 10 2020	11	0	2	0
Mar 11 2020	17	0	6	0
Mar 12 2020	22	0	5	0
Mar 13 2020	38	0	16	0
Mar 14 2020	43	0	5	0
Mar 15 2020	71	0	28	0
Mar 16 2020	85	0	15	0
Mar 17 2020	116	0	31	0
Mar 18 2020	144	0	28	0
Mar 19 2020	230	0	89	0
Mar 20 2020	259	0	29	0
Mar 21 2020	306	8	55	0
Mar 22 2020	346	5	45	0
Mar 23 2020	375	3	32	0
Mar 24 2020	391	5	21	0
Mar 25 2020	452	3	64	0
Mar 26 2020	528	11	100	0
Mar 27 2020	565	16	55	0
Mar 28 2020	580	21	36	0
Mar 29 2020	750	11	181	0
Mar 30 2020	779	32	98	0
Mar 31 2020	518	35	115	0
Apr 01 2020	723	53	258	0
Apr 02 2020	636	35	91	0
Apr 03 2020	777	40	181	0
Apr 04 2020	463	88	151	0
Apr 05 2020	803	120	535	0
Apr 06 2020	1032	43	280	0
Apr 07 2020	1041	80	393	0
Apr 08 2020	2320	77	1388	0
Apr 09 2020	2977	152	914	0
Apr 10 2020	3351	136	641	0
Apr 11 2020	3991	141	951	0
Apr 12 2020	4483	120	671	0
Apr 13 2020	5725	179	2265	0
Apr 14 2020	5841	176	519	0
Apr 15 2020	6542	232	1172	0
Apr 16 2020	4301	245	1016	0
Apr 17 2020	4614	264	998	0
Apr 18 2020	5141	261	931	0
Apr 19 2020	5942	280	1208	0
Apr 20 2020	6178	304	697	0
Apr 21 2020	7367	309	1512	0
Apr 22 2020	8431	304	1413	0
Apr 23 2020	9335	365	1664	0
Apr 24 2020	9630	365	734	0
Apr 25 2020	12620	392	3683	0
Apr 26 2020	14142	373	2186	0
Apr 27 2020	14555	432	1182	0
Apr 28 2020	15847	445	2491	0
Apr 29 2020	17266	464	2741	0
Apr 30 2020	19511	432	3045	0
May 01 2020	21777	493	3483	0
May 02 2020	21974	573	2075	0
May 03 2020	23711	541	3394	0
May 04 2020	23678	600	1444	0
May 05 2020	25970	539	3817	0
May 06 2020	26876	608	3628	0
May 07 2020	29087	637	3709	0
May 08 2020	31232	552	3321	0
May 09 2020	32572	594	3168	0
May 10 2020	33121	640	2292	0
May 11 2020	32966	613	1515	0
May 12 2020	34595	690	3237	0
May 13 2020	37335	507	4247	0
May 14 2020	40283	523	4298	0
May 15 2020	41554	624	3891	0
May 16 2020	43955	520	4046	0
May 17 2020	46778	560	3732	0
May 18 2020	47180	573	2660	0
May 19 2020	44790	722	4550	0
May 20 2020	43289	594	4537	0
May 21 2020	45702	717	4749	0
May 22 2020	46754	616	2929	0
May 23 2020	47090	653	4056	0
May 24 2020	48802	613	4205	0
May 25 2020	50922	746	4020	0
May 26 2020	54087	650	5772	0
May 27 2020	56551	427	6154	0
May 28 2020	58568	584	5874	0
May 29 2020	61136	589	6506	0
May 30 2020	64205	661	7386	0
May 31 2020	71575	674	8805	0
Jun 01 2020	75229	610	5563	0
Jun 02 2020	78674	650	4845	0
Jun 03 2020	79058	584	4030	0
Jun 04 2020	78775	658	4284	0
Jun 05 2020	79330	661	4202	0
Jun 06 2020	79547	624	4358	0
Jun 07 2020	80123	693	4757	0
Jun 08 2020	79405	562	3181	0
Jun 09 2020	79339	733	4040	0
Jun 10 2020	78610	714	5087	0
Jun 11 2020	79377	800	5965	0
Jun 12 2020	79893	741	5961	0
Jun 13 2020	78944	741	4383	0
Jun 14 2020	78920	773	4604	0
Jun 15 2020	77624	722	3256	0
Jun 16 2020	75184	808	4164	0
Jun 17 2020	74714	805	3752	0
Jun 18 2020	74837	789	3480	0
Jun 19 2020	73340	704	3537	0
Jun 20 2020	72748	762	3413	0
Jun 21 2020	72372	770	3598	0
Jun 22 2020	70842	688	2511	0
Jun 23 2020	70390	698	3363	0
Jun 24 2020	70403	714	3879	0
Jun 25 2020	69130	701	3913	0
Jun 26 2020	68470	690	3762	0
Jun 27 2020	67139	738	3625	0
Jun 28 2020	65878	717	3430	0
Jun 29 2020	64893	770	2946	0
Jun 30 2020	63715	650	2848	0
Jul 01 2020	62579	690	3264	0
Jul 02 2020	61694	560	3527	0
Jul 03 2020	61027	507	3595	0
Jul 04 2020	60232	507	3481	0
Jul 05 2020	59099	435	3638	0
Jul 06 2020	57926	496	2985	0
Jul 07 2020	57737	445	3575	0
Jul 08 2020	57104	456	3633	0
Jul 09 2020	57043	544	3537	0
Jul 10 2020	56938	467	3198	0
Jul 11 2020	55973	515	3064	0
Jul 12 2020	56086	544	3616	0
Jul 13 2020	55458	528	3797	0
Jul 14 2020	56450	499	3744	0
Jul 15 2020	56632	536	3857	0
Jul 16 2020	55343	557	3862	0
Jul 17 2020	55775	531	3951	0
Jul 18 2020	55093	541	3963	0
Jul 19 2020	54797	517	4090	0
Jul 20 2020	55237	525	4091	0
Jul 21 2020	55525	453	4406	0
Jul 22 2020	56045	443	4463	0
Jul 23 2020	56335	557	4546	0
Jul 24 2020	57205	517	4865	0
Jul 25 2020	56954	467	3923	0
Jul 26 2020	56712	435	4913	0
Jul 27 2020	56567	368	4920	0
Jul 28 2020	57585	365	5288	0
Jul 29 2020	59284	387	5678	0
Jul 30 2020	61843	379	6809	0
Jul 31 2020	65450	424	7243	0
Aug 01 2020	68758	432	7448	0
Aug 02 2020	71537	536	6667	0
Aug 03 2020	71443	440	4250	0
Aug 04 2020	73694	173	6790	0
Aug 05 2020	76855	600	7734	0
Aug 06 2020	80277	456	7785	0
Aug 07 2020	84146	602	8466	0
Aug 08 2020	85959	485	7137	0
Aug 09 2020	87514	608	7012	0
Aug 10 2020	86831	408	5109	0
Aug 11 2020	86418	608	6547	0
Aug 12 2020	88692	419	8875	0
Aug 13 2020	91617	448	9441	0
Aug 14 2020	93137	554	8300	0
Aug 15 2020	96511	584	9507	0
Aug 16 2020	100519	549	10143	0
Aug 17 2020	100183	533	5547	0
Aug 18 2020	104237	472	7828	0
Aug 19 2020	109433	469	9099	0
Aug 20 2020	114262	533	8639	0
Aug 21 2020	118530	562	9008	0
Aug 22 2020	120909	554	9169	0
Aug 23 2020	121226	560	9090	0
Aug 24 2020	118994	400	6112	0
Aug 25 2020	118161	501	6944	0
Aug 26 2020	116529	328	5996	0
Aug 27 2020	116955	408	8619	0
Aug 28 2020	116047	517	7964	0
Aug 29 2020	116500	363	9474	0
Aug 30 2020	114966	483	7731	0
Aug 31 2020	112549	416	4871	0
Sep 01 2020	108040	331	5092	0
Sep 02 2020	105261	509	6308	0
Sep 03 2020	101871	389	6708	0
Sep 04 2020	99540	397	6703	0
Sep 05 2020	98140	355	6854	0
Sep 06 2020	95395	403	6275	0
Sep 07 2020	89413	368	1598	0
Sep 08 2020	86136	392	4615	0
Sep 09 2020	85213	301	6586	0
Sep 10 2020	84430	288	7291	0
Sep 11 2020	83228	336	6603	0
Sep 12 2020	81955	328	6162	0
Sep 13 2020	80955	312	6787	0
Sep 14 2020	78356	272	4241	0
Sep 15 2020	74583	307	4160	0
Sep 16 2020	74255	331	6380	0
Sep 17 2020	73250	253	5698	0
Sep 18 2020	72710	365	6314	0
Sep 19 2020	72888	229	6453	0
Sep 20 2020	77320	496	6030	0
Sep 21 2020	76706	280	4001	0
Sep 22 2020	73770	299	3650	0
Sep 23 2020	72628	261	6149	0
Sep 24 2020	72260	181	6235	0
Sep 25 2020	71752	264	5654	0
Sep 26 2020	70523	280	5558	0
Sep 27 2020	71442	320	5160	0
Sep 28 2020	70694	165	3412	0
Sep 29 2020	67368	192	3054	0
Sep 30 2020	64731	179	3061	0
Oct 01 2020	61885	192	3468	0
Oct 02 2020	58699	197	3267	0
Oct 03 2020	56090	149	3421	0
Oct 04 2020	55273	205	3184	0
Oct 05 2020	53453	245	1830	0
Oct 06 2020	50234	213	2930	0
Oct 07 2020	46732	253	2733	0
Oct 08 2020	44030	237	2952	0
Oct 09 2020	43213	160	4741	0
Oct 10 2020	40786	173	2733	0
Oct 11 2020	40657	219	3283	0
Oct 12 2020	39403	139	1800	0
Oct 13 2020	39145	165	2803	0
Oct 14 2020	38654	248	2977	0
Oct 15 2020	38176	173	2789	0
Oct 16 2020	37432	189	2677	0
Oct 17 2020	37380	144	3132	0
Oct 18 2020	38676	152	3126	0
Oct 19 2020	37947	163	2201	0
Oct 20 2020	38456	147	3242	0
Oct 21 2020	38271	165	2767	0
Oct 22 2020	36521	125	2991	0
Oct 23 2020	37028	131	3240	0
Oct 24 2020	36843	165	3098	0
Oct 25 2020	37544	144	2501	0
Oct 26 2020	36600	128	1859	0
Oct 27 2020	35546	160	1923	0
Oct 28 2020	35188	155	2431	0
Oct 29 2020	35177	125	2666	0
Oct 30 2020	34631	131	2586	0
Oct 31 2020	33828	173	2323	0
Nov 01 2020	34035	141	2408	0
Nov 02 2020	32427	149	1634	0
Nov 03 2020	32017	101	2357	0
Nov 04 2020	31911	128	2885	0
Nov 05 2020	31606	157	2935	0
Nov 06 2020	31289	141	2781	0
Nov 07 2020	31295	152	2507	0
Nov 08 2020	31759	104	2323	0
Nov 09 2020	31030	171	1194	0
Nov 10 2020	30503	131	1904	0
Nov 11 2020	30412	104	2575	0
Nov 12 2020	30057	96	2231	0
Nov 13 2020	30147	104	2413	0
Nov 14 2020	29988	189	2249	0
Nov 15 2020	30466	144	2112	0
Nov 16 2020	29366	107	1257	0
Nov 17 2020	28144	123	1663	0
Nov 18 2020	27229	227	2020	0
Nov 19 2020	26414	117	1966	0
Nov 20 2020	26077	101	2170	0
Nov 21 2020	25748	173	1994	0
Nov 22 2020	26143	123	1589	0
Nov 23 2020	25126	123	887	0
Nov 24 2020	24433	117	1882	0
Nov 25 2020	24222	112	2020	0
Nov 26 2020	23697	155	1888	0
Nov 27 2020	23425	144	1977	0
Nov 28 2020	23357	107	2044	0
Nov 29 2020	24262	117	2162	0
Nov 30 2020	23674	115	1075	0
Dec 01 2020	23277	173	1623	0
Dec 02 2020	23158	120	1847	0
Dec 03 2020	22759	75	1771	0
Dec 04 2020	22779	243	2014	0
Dec 05 2020	23018	96	1828	0
Dec 06 2020	23355	115	1224	0
Dec 07 2020	22677	133	1204	0
Dec 08 2020	22162	205	1505	0
Dec 09 2020	20965	144	691	0
Dec 10 2020	20787	117	1799	0
Dec 11 2020	20575	120	1832	0
Dec 12 2020	20515	173	2102	0
Dec 13 2020	21368	181	1928	0
Dec 14 2020	20902	205	1157	0
Dec 15 2020	20600	168	1545	0
Dec 16 2020	20611	109	1782	0
Dec 17 2020	20658	115	2061	0
Dec 18 2020	21072	181	2242	0
Dec 19 2020	21987	173	2139	0
Dec 20 2020	22401	184	1618	0
Dec 21 2020	21854	187	958	0
Dec 22 2020	22841	120	1678	0
Dec 23 2020	23152	147	2110	0
Dec 24 2020	23039	117	1719	0
Dec 25 2020	22501	136	1564	0
Dec 26 2020	21345	123	772	0
Dec 27 2020	21527	160	1339	0
Dec 28 2020	21233	136	1251	0
Dec 29 2020	21039	131	1588	0
Dec 30 2020	21096	125	2118	0
Dec 31 2020	21377	157	2523	0
Jan 01 2021	21300	117	2062	0
Jan 02 2021	20582	131	900	0
Jan 03 2021	21000	152	1376	0
Jan 04 2021	20905	115	1583	0
Jan 05 2021	19755	139	960	0
Jan 06 2021	20450	176	2414	0
Jan 07 2021	21144	155	2258	0
Jan 08 2021	23153	256	2781	0
Jan 09 2021	24618	181	2804	0
Jan 10 2021	26276	179	2909	0
Jan 11 2021	26854	147	2166	0
Jan 12 2021	27617	171	2881	0
Jan 13 2021	28503	197	3409	0
Jan 14 2021	31463	243	5022	0
Jan 15 2021	37924	240	7361	0
Jan 16 2021	41092	309	4544	0
Jan 17 2021	43851	269	4342	0
Jan 18 2021	46784	160	3893	0
Jan 19 2021	48782	301	4412	0
Jan 20 2021	51985	301	5461	0
Jan 21 2021	53436	312	4232	0
Jan 22 2021	55821	408	5189	0
Jan 23 2021	58754	483	5842	0
Jan 24 2021	61663	451	5075	0
Jan 25 2021	62564	293	3782	0
Jan 26 2021	63599	586	4444	0
Jan 27 2021	65308	440	6731	0
Jan 28 2021	63662	565	5715	0
Jan 29 2021	65308	539	6190	0
Jan 30 2021	68113	456	7147	0
Jan 31 2021	69437	451	5217	0
Feb 01 2021	69502	413	4477	0
Feb 02 2021	71089	461	7048	0
Feb 03 2021	75430	491	8573	0
Feb 04 2021	76956	573	6715	0
Feb 05 2021	79107	480	7993	0
Feb 06 2021	81465	501	7433	0
Feb 07 2021	83903	499	6220	0
Feb 08 2021	83982	424	4523	0
Feb 09 2021	82808	424	5557	0
Feb 10 2021	83817	621	6724	0
Feb 11 2021	86434	496	8807	0
Feb 12 2021	87726	560	8439	0
Feb 13 2021	88966	629	6457	0
Feb 14 2021	92582	565	8093	0
Feb 15 2021	88737	472	3203	0
Feb 16 2021	86392	469	6228	0
Feb 17 2021	87085	672	7408	0
Feb 18 2021	88759	483	9667	0
Feb 19 2021	89045	536	7719	0
Feb 20 2021	89201	499	6376	0
Feb 21 2021	92088	586	7410	0
Feb 22 2021	89979	443	3448	0
Feb 23 2021	89995	597	6740	0
Feb 24 2021	88490	523	7302	0
Feb 25 2021	87974	586	7923	0
Feb 26 2021	89158	509	7641	0
Feb 27 2021	88565	546	7500	0
Feb 28 2021	91304	520	5942	0
Mar 01 2021	88210	509	3134	0
Mar 02 2021	86160	557	5358	0
Mar 03 2021	83165	520	6672	0
Mar 04 2021	80324	578	4878	0
Mar 05 2021	82395	493	8447	0
Mar 06 2021	81655	507	6670	0
Mar 07 2021	84419	461	6212	0
Mar 08 2021	80970	317	3291	0
Mar 09 2021	79224	507	5556	0
Mar 10 2021	78735	427	7434	0
Mar 11 2021	78208	429	7114	0
Mar 12 2021	78747	480	8039	0
Mar 13 2021	78158	472	5353	0
Mar 14 2021	79467	432	4443	0
Mar 15 2021	80677	464	6568	0
Mar 16 2021	82095	408	8090	0
Mar 17 2021	85751	515	8534	0
Mar 18 2021	85227	488	7923	0
Mar 19 2021	86681	509	8124	0
Mar 20 2021	89603	501	9134	0
Mar 21 2021	91859	301	5547	0
Mar 22 2021	92767	376	6464	0
Mar 23 2021	93802	360	8469	0
Mar 24 2021	97948	485	11260	0
Mar 25 2021	97855	467	7946	0
Mar 26 2021	104421	536	11919	0
Mar 27 2021	108567	549	8589	0
Mar 28 2021	110908	616	8909	0
Mar 29 2021	106057	443	3239	0
Mar 30 2021	104479	443	6956	0
Mar 31 2021	105286	552	8730	0
Apr 01 2021	110078	408	12916	0
Apr 02 2021	107566	453	6622	0
Apr 03 2021	107635	784	5616	0
Apr 04 2021	109577	672	8406	0
Apr 05 2021	108950	696	7842	0
Apr 06 2021	106074	728	8384	0
Apr 07 2021	107433	837	9305	0
Apr 08 2021	105480	674	9966	0
Apr 09 2021	107546	818	10655	0
Apr 10 2021	109885	1024	11248	0
Apr 11 2021	114573	624	7927	0
Apr 12 2021	113243	872	5626	0
Apr 13 2021	110900	690	6387	0
Apr 14 2021	106014	861	8030	0
Apr 15 2021	112718	898	13326	0
Apr 16 2021	115090	813	7988	0
Apr 17 2021	115259	914	8575	0
Apr 18 2021	114548	1154	7131	0
Apr 19 2021	109194	818	3030	0
Apr 20 2021	111190	1112	11301	0
Apr 21 2021	108942	818	7718	0
Apr 22 2021	106087	914	7800	0
Apr 23 2021	105888	1088	11049	0
Apr 24 2021	106456	1141	8495	0
Apr 25 2021	108255	757	7425	0
Apr 26 2021	108479	770	6611	0
Apr 27 2021	107325	1074	6876	0
Apr 28 2021	102276	869	8277	0
Apr 29 2021	102947	957	8659	0
Apr 30 2021	101819	1002	7447	0
May 01 2021	100158	832	5470	0
May 02 2021	103211	898	6083	0
May 03 2021	95039	664	3129	0
May 04 2021	91883	797	4562	0
May 05 2021	89851	805	5768	0
May 06 2021	87016	658	8214	0
May 07 2021	85315	789	6794	0
May 08 2021	83481	818	5591	0
May 09 2021	82104	738	5234	0
May 10 2021	78308	720	3080	0
May 11 2021	74900	848	4869	0
May 12 2021	73641	552	7400	0
May 13 2021	73871	1114	7677	0
May 14 2021	74134	778	5733	0
May 15 2021	73598	808	5547	0
May 16 2021	74925	824	4456	0
May 17 2021	74645	669	4282	0
May 18 2021	73443	797	4566	0
May 19 2021	70944	704	5715	0
May 20 2021	70895	584	6745	0
May 21 2021	70510	842	5206	0
May 22 2021	70561	633	5285	0
May 23 2021	71919	446	4438	0
May 24 2021	68684	553	1634	0
May 25 2021	66616	288	5332	0
May 26 2021	63929	297	4990	0
May 27 2021	63005	355	4809	0
May 28 2021	62959	314	5501	0
May 29 2021	62599	406	4096	0
May 30 2021	62135	319	3818	0
May 31 2021	59803	527	2234	0
Jun 01 2021	57472	238	3384	0
Jun 02 2021	55072	435	4345	0
Jun 03 2021	53127	438	3261	0
Jun 04 2021	55315	433	7473	0
Jun 05 2021	55102	260	4225	0
Jun 06 2021	56647	438	3179	0
Jun 07 2021	52744	246	1429	0
Jun 08 2021	50688	400	2934	0
Jun 09 2021	49149	322	3270	0
Jun 10 2021	47702	368	4054	0
Jun 11 2021	46405	253	2799	0
Jun 12 2021	45590	343	3003	0
Jun 13 2021	45922	265	2566	0
Jun 14 2021	43165	213	627	0
Jun 15 2021	42045	340	3225	0
Jun 16 2021	46497	261	7713	0
Jun 17 2021	43550	235	4526	0
Jun 18 2021	42788	176	3463	0
Jun 19 2021	43159	269	3550	0
Jun 20 2021	44626	223	2896	0
Jun 21 2021	42678	220	986	0
Jun 22 2021	42403	261	2995	0
Jun 23 2021	41192	167	2843	0
Jun 24 2021	42130	213	3737	0
Jun 25 2021	42203	161	3076	0
Jun 26 2021	42432	137	2795	0
Jun 27 2021	43863	315	2058	0
Jun 28 2021	42090	264	1452	0
Jun 29 2021	36875	168	2498	0
Jun 30 2021	34759	234	2410	0
Jul 01 2021	34375	122	3079	0
Jul 02 2021	33615	215	2790	0
Jul 03 2021	33487	167	2768	0
Jul 04 2021	34502	161	2001	0
Jul 05 2021	33071	159	1564	0
Jul 06 2021	32602	199	2374	0
Jul 07 2021	31451	155	2586	0
Jul 08 2021	30924	166	2549	0
Jul 09 2021	30473	175	2344	0
Jul 10 2021	30700	165	2285	0
Jul 11 2021	31210	138	1962	0
Jul 12 2021	29492	101	780	0
Jul 13 2021	29092	118	2010	0
Jul 14 2021	28329	146	2316	0
Jul 15 2021	27799	93	2260	0
Jul 16 2021	27063	90	2032	0
Jul 17 2021	27012	112	1950	0
Jul 18 2021	27077	99	1629	0
Jul 19 2021	25394	97	691	0
Jul 20 2021	24376	89	1568	0
Jul 21 2021	23625	97	1798	0
Jul 22 2021	22992	118	1711	0
Jul 23 2021	22324	149	1617	0
Jul 24 2021	22127	99	1765	0
Jul 25 2021	22837	95	1490	0
Jul 26 2021	21438	83	611	0
Jul 27 2021	20488	85	1366	0
Jul 28 2021	19730	80	1502	0
Jul 29 2021	18420	76	722	0
Jul 30 2021	17169	77	699	0
Jul 31 2021	17639	62	2099	0
Aug 01 2021	18756	85	1808	0
Aug 02 2021	18432	80	1244	0
Aug 03 2021	18841	80	2207	0
Aug 04 2021	19546	75	2416	0
Aug 05 2021	19922	87	1993	0
Aug 06 2021	19653	58	1496	0
Aug 07 2021	19734	55	1571	0
Aug 08 2021	20340	77	1217	0
Aug 09 2021	19477	79	503	0
Aug 10 2021	19161	73	1186	0
Aug 11 2021	19921	44	1482	0
Aug 12 2021	20724	63	1502	0
Aug 13 2021	19944	70	1319	0
Aug 14 2021	19633	61	1497	0
Aug 15 2021	19367	53	978	0
Aug 16 2021	17713	94	553	0
Aug 17 2021	16759	52	1462	0
Aug 18 2021	16234	120	1468	0
Aug 19 2021	16109	57	1371	0
Aug 20 2021	15934	36	1396	0
Aug 21 2021	15890	66	1173	0
Aug 22 2021	16305	61	918	0
Aug 23 2021	15531	42	412	0
Aug 24 2021	15175	23	1126	0
Aug 25 2021	15033	87	1360	0
Aug 26 2021	14832	33	1118	0
Aug 27 2021	14451	51	1116	0
Aug 28 2021	14607	52	1134	0
Aug 29 2021	14862	42	808	0
Aug 30 2021	13764	54	364	0
Aug 31 2021	12711	32	415	0
Sep 01 2021	12344	34	1004	0
Sep 02 2021	12056	35	1108	0
Sep 03 2021	11857	56	974	0
Sep 04 2021	11979	27	1040	0
Sep 05 2021	12469	41	902	0
Sep 06 2021	11817	35	474	0
Sep 07 2021	11400	45	943	0
Sep 08 2021	11367	27	1085	0
Sep 09 2021	11208	26	957	0
Sep 10 2021	10887	52	813	0
Sep 11 2021	11100	55	1021	0
Sep 12 2021	11495	36	759	0
Sep 13 2021	11352	35	272	0
Sep 14 2021	11284	41	936	0
Sep 15 2021	11194	20	1018	0
Sep 16 2021	11288	31	1068	0
Sep 17 2021	11401	57	1153	0
Sep 18 2021	11385	28	886	0
Sep 19 2021	11500	30	589	0
Sep 20 2021	11201	30	644	0
Sep 21 2021	10895	24	779	0
Sep 22 2021	10934	48	996	0
Sep 23 2021	11169	48	1048	0
Sep 24 2021	11047	26	899	0
Sep 25 2021	11175	46	887	0
Sep 26 2021	11676	64	773	0
Sep 27 2021	11060	22	320	0
Sep 28 2021	10907	15	865	0
Sep 29 2021	10925	38	1086	0
Sep 30 2021	10788	28	1016	0
Oct 01 2021	10864	28	962	0
Oct 02 2021	11139	34	864	0
Oct 03 2021	11287	28	792	0
Oct 04 2021	10885	17	377	0
Oct 05 2021	10722	18	833	0
Oct 06 2021	10708	39	1034	0
Oct 07 2021	10732	22	923	0
Oct 08 2021	10764	34	919	0
Oct 09 2021	10555	26	564	0
Oct 10 2021	10910	31	675	0
Oct 11 2021	10457	31	412	0
Oct 12 2021	10050	24	679	0
Oct 13 2021	9925	19	891	0
Oct 14 2021	10085	29	1122	0
Oct 15 2021	10204	17	983	0
Oct 16 2021	10226	24	814	0
Oct 17 2021	10693	27	844	0
Oct 18 2021	10247	39	387	0
Oct 19 2021	9988	46	775	0
Oct 20 2021	10099	17	1034	0
Oct 21 2021	10064	33	884	0
Oct 22 2021	10543	25	1043	0
Oct 23 2021	10837	16	969	0
Oct 24 2021	11183	33	758	0
Oct 25 2021	10904	31	400	0
Oct 26 2021	10806	35	793	0
Oct 27 2021	10670	31	986	0
Oct 28 2021	10685	30	998	0
Oct 29 2021	10711	18	840	0
Oct 30 2021	10899	20	1032	0
Oct 31 2021	11400	29	888	0
Nov 01 2021	11018	30	393	0
Nov 02 2021	10466	24	482	0
Nov 03 2021	10221	26	639	0
Nov 04 2021	10292	24	1114	0
Nov 05 2021	10385	23	1062	0
Nov 06 2021	10697	36	1070	0
Nov 07 2021	11251	29	954	0
Nov 08 2021	10838	31	380	0
Nov 09 2021	10853	33	1001	0
Nov 10 2021	11093	30	1238	0
Nov 11 2021	11490	22	1237	0
Nov 12 2021	11606	19	1148	0
Nov 13 2021	11752	32	1034	0
Nov 14 2021	12354	30	995	0
Nov 15 2021	12702	37	830	0
Nov 16 2021	13522	23	1459	0
Nov 17 2021	13778	46	1370	0
Nov 18 2021	14131	26	1415	0
Nov 19 2021	14598	34	1537	0
Nov 20 2021	15369	32	1725	0
Nov 21 2021	16454	33	1465	0
Nov 22 2021	16226	28	773	0
Nov 23 2021	16527	37	1539	0
Nov 24 2021	16846	30	1556	0
Nov 25 2021	17227	26	1529	0
Nov 26 2021	17627	39	1434	0
Nov 27 2021	18206	45	1574	0
Nov 28 2021	18702	37	1326	0
Nov 29 2021	18138	36	895	0
Nov 30 2021	18149	32	1381	0
Dec 01 2021	18225	33	1491	0
Dec 02 2021	18267	73	1579	0
Dec 03 2021	18148	44	1606	0
Dec 04 2021	18302	34	1619	0
Dec 05 2021	18298	19	769	0
Dec 06 2021	18490	42	1731	0
Dec 07 2021	18421	29	1487	0
Dec 08 2021	18706	40	1814	0
Dec 09 2021	18496	37	1224	0
Dec 10 2021	18278	123	1356	0
Dec 11 2021	18771	83	1819	0
Dec 12 2021	19403	37	1527	0
Dec 13 2021	18967	78	945	0
Dec 14 2021	18954	54	1478	0
Dec 15 2021	19035	90	1660	0
Dec 16 2021	19153	84	1724	0
Dec 17 2021	19237	44	1703	0
Dec 18 2021	20324	34	1856	0
Dec 19 2021	20174	71	1581	0
Dec 20 2021	19572	70	885	0
Dec 21 2021	19268	43	1510	0
Dec 22 2021	19826	37	1782	0
Dec 23 2021	20522	49	2052	0
Dec 24 2021	20039	30	1336	0
Dec 25 2021	24434	34	5922	0
Dec 26 2021	23981	36	492	0
Dec 27 2021	24566	26	2063	0
Dec 28 2021	25018	34	2112	0
Dec 29 2021	27314	0	4020	0
Dec 30 2021	30371	69	4760	0
Dec 31 2021	33092	37	4577	0
Jan 01 2022	31511	0	0	0
Jan 02 2022	34972	51	4346	0
Jan 03 2022	36959	77	3497	0
Jan 04 2022	40359	49	5182	0
Jan 05 2022	46994	37	8687	0
Jan 06 2022	56832	30	11174	0
Jan 07 2022	63743	47	12833	0
Jan 08 2022	79386	38	16135	0
Jan 09 2022	94451	48	17128	0
Jan 10 2022	104815	30	12476	0
Jan 11 2022	125083	60	24288	0
Jan 12 2022	148095	36	27772	0
Jan 13 2022	176954	62	33360	0
Jan 14 2022	215958	47	39080	0
Jan 15 2022	261357	74	49745	0
Jan 16 2022	301452	88	43592	0
Jan 17 2022	321970	86	25700	0
Jan 18 2022	349681	95	36398	0
Jan 19 2022	393449	105	54942	0
Jan 20 2022	437499	118	56883	0
Jan 21 2022	480834	126	59470	0
Jan 22 2022	518402	147	54696	0
Jan 23 2022	557862	182	51936	0
Jan 24 2022	563683	81	30109	0
Jan 25 2022	580407	183	44496	0
Jan 26 2022	596648	182	49601	0
Jan 27 2022	607612	171	50044	0
Jan 28 2022	598198	172	40331	0
Jan 29 2022	590362	235	35756	0
Jan 30 2022	592580	158	27918	0
Jan 31 2022	571314	329	15132	0
Feb 01 2022	538999	151	22627	0
Feb 02 2022	506102	235	23986	0
Feb 03 2022	469174	186	22542	0
Feb 04 2022	437075	240	22597	0
Feb 05 2022	403147	245	18008	0
Feb 06 2022	387229	93	14191	0
Feb 07 2022	352139	130	9406	0
Feb 08 2022	314189	198	11651	0
Feb 09 2022	277236	224	13091	0
Feb 10 2022	250469	201	13564	0
Feb 11 2022	228406	228	13693	0
Feb 12 2022	211347	155	10859	0
Feb 13 2022	206142	261	9927	0
Feb 14 2022	187547	85	4032	0
Feb 15 2022	170638	156	7077	0
Feb 16 2022	157616	167	9520	0
Feb 17 2022	143675	175	8656	0
Feb 18 2022	132454	146	6787	0
Feb 19 2022	127499	188	9236	0
Feb 20 2022	123114	170	5021	0
Feb 21 2022	113350	173	1887	0
Feb 22 2022	103243	167	2984	0
Feb 23 2022	92691	119	3012	0
Feb 24 2022	81181	189	2183	0
Feb 25 2022	72889	113	2567	0
Feb 26 2022	66724	178	3762	0
Feb 27 2022	66552	131	3860	0
Feb 28 2022	60471	134	996	0
Mar 01 2022	52412	72	1461	0
Mar 02 2022	45639	107	1883	0
Mar 03 2022	40732	56	1880	0
Mar 04 2022	33516	88	2020	0
Mar 05 2022	28495	0	0	0
Mar 06 2022	29653	113	3045	0
Mar 07 2022	27158	47	489	0
Mar 08 2022	25047	97	901	0
Mar 09 2022	23929	49	1065	0
Mar 10 2022	22433	63	1071	0
Mar 11 2022	22283	59	3612	0
Mar 12 2022	19462	59	1039	0
Mar 13 2022	19236	64	770	0
Mar 14 2022	18121	33	346	0
Mar 15 2022	16884	40	646	0
Mar 16 2022	15969	42	965	0
Mar 17 2022	15709	30	947	0
Mar 18 2022	15604	60	708	0
Mar 19 2022	13244	63	685	0
Mar 20 2022	13359	51	604	0
Mar 21 2022	13055	59	597	0
Mar 22 2022	12598	20	608	0
Mar 23 2022	12104	37	577	0
Mar 24 2022	9103	41	611	0
Mar 25 2022	8612	28	548	0
Mar 26 2022	8366	52	524	0
Mar 27 2022	8561	26	541	0
Mar 28 2022	8140	29	225	0
Mar 29 2022	7630	22	455	0
Mar 30 2022	7296	28	613	0
Mar 31 2022	7017	15	429	0
Apr 01 2022	6813	34	481	0
Apr 02 2022	6691	43	482	0
Apr 03 2022	6565	29	471	0
Apr 04 2022	6115	26	158	0
Apr 05 2022	5849	18	311	0
Apr 06 2022	5721	24	483	0
Apr 07 2022	5902	24	729	0
Apr 08 2022	5929	18	551	0
Apr 09 2022	5842	33	454	0
Apr 10 2022	5912	15	295	0
Apr 11 2022	5717	21	260	0
Apr 12 2022	5771	21	667	0
Apr 13 2022	6085	19	743	0
Apr 14 2022	6400	18	796	0
Apr 15 2022	6581	31	663	0
Apr 16 2022	6580	23	470	0
Apr 17 2022	7022	11	600	0
Apr 18 2022	7356	24	645	0
Apr 19 2022	7628	22	755	0
Apr 20 2022	7629	28	730	0
Apr 21 2022	7822	11	744	0
Apr 22 2022	8098	9	730	0
Apr 23 2022	8555	12	752	0
Apr 24 2022	9076	6	781	0
Apr 25 2022	9210	19	801	0
Apr 26 2022	9090	8	623	0
Apr 27 2022	9145	9	851	0
Apr 28 2022	9260	20	778	0
Apr 29 2022	9419	12	629	0
Apr 30 2022	9514	14	695	0
May 01 2022	9455	17	586	0
May 02 2022	9384	24	684	0
May 03 2022	9302	12	648	0
May 04 2022	9250	14	692	0
May 05 2022	9349	15	829	0
May 06 2022	8931	7	334	0
May 07 2022	8450	20	300	0
May 08 2022	8105	13	456	0
May 09 2022	7775	11	293	0
May 10 2022	7188	11	264	0
May 11 2022	6872	11	462	0
May 12 2022	6603	21	360	0
May 13 2022	6263	13	355	0
May 14 2022	6080	10	403	0
May 15 2022	5900	17	504	0
May 16 2022	5661	4	409	0
May 17 2022	5357	14	388	0
May 18 2022	5046	11	518	0
May 19 2022	5156	8	444	0
May 20 2022	5550	9	694	0
May 21 2022	5509	12	415	0
May 22 2022	5967	8	751	0
May 23 2022	5970	10	267	0
May 24 2022	5839	6	331	0
May 25 2022	6080	12	601	0
May 26 2022	6391	11	666	0
May 27 2022	6445	10	457	0
May 28 2022	7111	7	1170	0
May 29 2022	7219	11	517	0
May 30 2022	7127	13	296	0
May 31 2022	7222	9	613	0
Jun 01 2022	7342	10	564	0
Jun 02 2022	7728	22	1080	0
Jun 03 2022	8112	1	799	0
Jun 04 2022	8214	20	853	0
Jun 05 2022	9072	11	1125	0
Jun 06 2022	9127	10	386	0
Jun 07 2022	9001	12	475	0
Jun 08 2022	9235	8	900	0
Jun 09 2022	9535	7	764	0
Jun 10 2022	8634	12	791	0
Jun 11 2022	9723	8	1085	0
Jun 12 2022	10527	8	1100	0
Jun 13 2022	10842	14	934	0
Jun 14 2022	11236	5	949	0
Jun 15 2022	11014	7	860	0
Jun 16 2022	12362	11	1352	0
Jun 17 2022	12961	13	1400	0
Jun 18 2022	12477	8	1489	0
Jun 19 2022	13727	7	1635	0
Jun 20 2022	15220	6	1492	0
Jun 21 2022	15975	10	2134	0
Jun 22 2022	18452	20	2487	0
Jun 23 2022	20632	7	2951	0
Jun 24 2022	21323	11	2558	0
Jun 25 2022	22578	4	2341	0
Jun 26 2022	26032	15	3465	0
Jun 27 2022	24851	13	700	0
Jun 28 2022	24864	0	0	0
Jun 29 2022	25816	8	3172	0
Jun 30 2022	28700	14	4290	0
Jul 01 2022	31901	29	4705	0
Jul 02 2022	35398	19	5122	0
Jul 03 2022	36530	6	2611	0
Jul 04 2022	36906	28	2532	0
Jul 05 2022	38571	14	4138	0
Jul 06 2022	41619	19	6004	0
Jul 07 2022	47733	11	6106	0
Jul 08 2022	51533	29	6376	0
Jul 09 2022	52101	13	6358	0
Jul 10 2022	58203	20	6109	0
Jul 11 2022	65554	10	8061	0
Jul 12 2022	73555	19	8000	0
Jul 13 2022	78624	17	12538	0
Jul 14 2022	89238	15	10610	0
Jul 15 2022	100045	23	15518	0
Jul 16 2022	105888	32	10982	0
Jul 17 2022	109518	24	8774	0
Jul 18 2022	117231	15	11810	0
Jul 19 2022	129504	30	12288	0
Jul 20 2022	131524	24	14154	0
Jul 21 2022	139184	24	14006	0
Jul 22 2022	154084	35	14911	0
Jul 23 2022	154578	45	12971	0
Jul 24 2022	163917	30	9324	0
Jul 25 2022	161807	43	5994	0
Jul 26 2022	167982	41	14186	0
Jul 27 2022	159333	8	14423	0
Jul 28 2022	174634	34	15327	0
Jul 29 2022	165542	41	6467	0
Jul 30 2022	151283	32	5454	0
Jul 31 2022	148349	76	8920	0
Aug 01 2022	152924	61	4636	0
Aug 02 2022	149907	43	9238	0
Aug 03 2022	130878	24	9094	0
Aug 04 2022	123605	49	7644	0
Aug 05 2022	134576	66	11013	0
Aug 06 2022	122306	42	10018	0
Aug 07 2022	121714	49	5385	0
Aug 08 2022	110951	57	3438	0
Aug 09 2022	107046	45	10514	0
Aug 10 2022	103605	49	11878	0
Aug 11 2022	107374	30	10221	0
Aug 12 2022	118233	72	10882	0
Aug 13 2022	112030	44	8185	0
Aug 14 2022	113042	22	5598	0
Aug 15 2022	116407	72	3393	0
Aug 16 2022	105007	60	6970	0
Aug 17 2022	106057	71	8693	0
Aug 18 2022	103838	50	8784	0
Aug 19 2022	99735	59	5903	0
Aug 20 2022	103577	49	9226	0
Aug 21 2022	103594	25	3421	0
Aug 22 2022	94998	37	1906	0
Aug 23 2022	88301	75	5231	0
Aug 24 2022	83619	32	5486	0
Aug 25 2022	77507	28	4739	0
Aug 26 2022	72566	42	3286	0
Aug 27 2022	69828	46	2878	0
Aug 28 2022	68695	37	2255	0
Aug 29 2022	69833	46	1138	0
Aug 30 2022	55865	60	1718	0
Aug 31 2022	48343	17	1233	0
Sep 01 2022	52003	18	3618	0
Sep 02 2022	49660	10	3553	0
Sep 03 2022	39484	69	2522	0
Sep 04 2022	39120	18	1550	0
Sep 05 2022	39899	51	761	0
Sep 06 2022	30536	32	1368	0
Sep 07 2022	27372	22	1546	0
Sep 08 2022	26341	21	2244	0
Sep 09 2022	25842	42	2399	0
Sep 10 2022	25382	41	1773	0
Sep 11 2022	25018	39	813	0
Sep 12 2022	23756	26	441	0
Sep 13 2022	23716	22	1150	0
Sep 14 2022	21137	29	1068	0
Sep 15 2022	18962	33	1360	0
Sep 16 2022	17508	29	1097	0
Sep 17 2022	16827	23	859	0
Sep 18 2022	16764	22	691	0
Sep 19 2022	15620	41	242	0
Sep 20 2022	16277	31	2212	0
Sep 21 2022	16222	25	2173	0
Sep 22 2022	15496	23	1665	0
Sep 23 2022	14881	17	1150	0
Sep 24 2022	14809	27	745	0
Sep 25 2022	14732	20	367	0
Sep 26 2022	14907	21	169	0
Sep 27 2022	13391	12	694	0
Sep 28 2022	13020	13	981	0
Sep 29 2022	12710	9	784	0
Sep 30 2022	12384	27	547	0
Oct 01 2022	12331	3	632	0
Oct 02 2022	12351	18	253	0
Oct 03 2022	10279	11	148	0
Oct 04 2022	8656	19	551	0
Oct 05 2022	7849	11	858	0
Oct 06 2022	7654	28	964	0
Oct 07 2022	7224	35	339	0
Oct 08 2022	7154	27	296	0
Oct 09 2022	7122	28	130	0
Oct 10 2022	6526	33	104	0
Oct 11 2022	5930	31	388	0
Oct 12 2022	5529	11	361	0
Oct 13 2022	5382	14	383	0
Oct 14 2022	5048	11	298	0
Oct 15 2022	5227	5	423	0
Oct 16 2022	5266	17	193	0
Oct 17 2022	5366	0	95	0
Oct 18 2022	4186	0	212	0
Oct 19 2022	3592	0	370	0
Oct 20 2022	3544	0	291	0
Oct 21 2022	3562	0	314	0
Oct 22 2022	3697	0	265	0
Oct 23 2022	3808	0	215	0
Oct 24 2022	3501	0	81	0
Oct 25 2022	3364	0	224	0
Oct 26 2022	3775	7	801	0
Oct 27 2022	3766	25	314	0
Oct 28 2022	3734	33	417	0
Oct 29 2022	4486	30	950	0
Oct 30 2022	5278	33	792	0
Oct 31 2022	5840	7	846	0
Nov 01 2022	6154	1	645	0
Nov 02 2022	6816	12	965	0
Nov 03 2022	7410	5	598	0
Nov 04 2022	7630	32	819	0
Nov 05 2022	8680	7	1267	0
Nov 06 2022	9019	11	399	0
Nov 07 2022	8936	18	152	0
Nov 08 2022	9698	5	1557	0
Nov 09 2022	11237	26	1861	0
Nov 10 2022	12911	17	2103	0
Nov 11 2022	14422	26	2461	0
Nov 12 2022	15721	13	2087	0
Nov 13 2022	15542	7	648	0
Nov 14 2022	15240	8	338	0
Nov 15 2022	16838	3	2559	0
Nov 16 2022	18642	9	2403	0
Nov 17 2022	20868	6	3048	0
Nov 18 2022	22956	11	3357	0
Nov 19 2022	27052	12	4501	0
Nov 20 2022	29300	19	2256	0
Nov 21 2022	30481	19	1352	0
Nov 22 2022	33654	8	4726	0
Nov 23 2022	35915	16	6203	0
Nov 24 2022	40127	11	6676	0
Nov 25 2022	45205	25	7163	0
Nov 26 2022	51426	14	6883	0
Nov 27 2022	54591	17	3495	0
Nov 28 2022	53763	16	1733	0
Nov 29 2022	60232	8	8863	0
Nov 30 2022	71521	20	14341	0
Dec 01 2022	82026	14	13868	0
Dec 02 2022	90278	13	12746	0
Dec 03 2022	100383	29	12376	0
Dec 04 2022	108221	26	9203	0
Dec 05 2022	107670	23	4169	0
Dec 06 2022	112892	23	11422	0
Dec 07 2022	120569	24	14354	0
Dec 08 2022	127847	38	14456	0
Dec 09 2022	126504	20	5536	0
Dec 10 2022	126773	12	3738	0
Dec 11 2022	129997	21	4958	0
Dec 12 2022	124196	22	3072	0
Dec 13 2022	124475	25	14624	0
Dec 14 2022	137913	34	13450	0
Dec 15 2022	132744	44	8718	0
Dec 16 2022	114431	39	6770	0
Dec 17 2022	111492	34	6298	0
Dec 18 2022	115322	39	3830	0
Dec 19 2022	100585	32	852	0
Dec 20 2022	94338	15	8083	0
Dec 21 2022	99605	19	5254	0
Dec 22 2022	89596	38	4470	0
Dec 23 2022	84518	9	4148	0
Dec 24 2022	82972	1	3413	0
Dec 25 2022	81310	64	1465	0
Dec 26 2022	67017	20	350	0
Dec 27 2022	68802	21	1742	0
Dec 28 2022	60665	33	5326	0
Dec 29 2022	48328	32	3162	0
Dec 30 2022	44862	23	2790	0
Dec 31 2022	42618	31	1617	0
Jan 01 2023	42916	1	1128	0
Jan 02 2023	35175	18	329	0
Jan 03 2023	30918	33	1029	0
Jan 04 2023	28958	20	2512	0
Jan 05 2023	25908	26	1091	0
Jan 06 2023	24088	26	1599	0
Jan 07 2023	26657	1	2544	0
Jan 08 2023	25564	30	726	0
Jan 09 2023	26130	26	591	0
Jan 10 2023	19818	1	727	0
Jan 11 2023	20610	41	807	0
Jan 12 2023	16105	22	1468	0
Jan 13 2023	15143	13	627	0
Jan 14 2023	14777	19	759	0
Jan 15 2023	15286	21	846	0
Jan 16 2023	14443	17	184	0
Jan 17 2023	12475	7	513	0
Jan 18 2023	12299	26	941	0
Jan 19 2023	11177	17	487	0
Jan 20 2023	11598	9	404	0
Jan 21 2023	9063	19	737	0
Jan 22 2023	8736	24	279	0
Jan 23 2023	8852	7	104	0
Jan 24 2023	8641	16	508	0
Jan 25 2023	8253	14	426	0
Jan 26 2023	7205	25	445	0
Jan 27 2023	6205	18	374	0
Jan 28 2023	5636	21	273	0
Jan 29 2023	5555	60	145	0
Jan 30 2023	5054	53	44	0
Jan 31 2023	4173	0	0	0
Feb 01 2023	4002	68	331	0
Feb 02 2023	3845	73	252	0
Feb 03 2023	4157	8	247	0
Feb 04 2023	3266	73	190	0
Feb 05 2023	3340	82	187	0
Feb 06 2023	3479	28	85	0
Feb 07 2023	2610	10	47	0
Feb 08 2023	2389	9	223	0
Feb 09 2023	2194	14	184	0
Feb 10 2023	2134	1	200	0
Feb 11 2023	2176	21	207	0
Feb 12 2023	2319	10	176	0
Feb 13 2023	2430	9	110	0
Feb 14 2023	2439	0	0	0
Feb 15 2023	2132	24	300	0
Feb 16 2023	2041	12	144	0
Feb 17 2023	2046	6	189	0
Feb 18 2023	2027	7	169	0
Feb 19 2023	2055	14	120	0
Feb 20 2023	2128	12	118	0
Feb 21 2023	1951	7	41	0
Feb 22 2023	2037	14	93	0
Feb 23 2023	1954	13	100	0
Feb 24 2023	1695	9	144	0
Feb 25 2023	1655	8	135	0
Feb 26 2023	1986	11	334	0
Feb 27 2023	1921	23	68	0
Feb 28 2023	1988	2	69	0
Mar 01 2023	1997	8	281	0
Mar 02 2023	1911	9	248	0
Mar 03 2023	1892	30	171	0
Mar 04 2023	2007	7	212	0
Mar 05 2023	2055	8	167	0
Mar 06 2023	2063	0	0	0
Mar 07 2023	2104	20	102	0
Mar 08 2023	2338	25	332	0
Mar 09 2023	2380	1	287	0
Mar 10 2023	2478	9	217	0
Mar 11 2023	2651	14	186	0
Mar 12 2023	2454	1	183	0
Mar 13 2023	2482	24	120	0
Mar 14 2023	2575	10	79	0
Mar 15 2023	2312	17	273	0
Mar 16 2023	2625	13	309	0
Mar 17 2023	2459	10	227	0
Mar 18 2023	2534	11	230	0
Mar 19 2023	2802	7	264	0
Mar 20 2023	2836	8	144	0
Mar 21 2023	2571	15	67	0
Mar 22 2023	2548	8	257	0
Mar 23 2023	2713	8	382	0
Mar 24 2023	3011	15	305	0
Mar 25 2023	2979	3	340	0
Mar 26 2023	3485	29	517	0
Mar 27 2023	3400	5	119	0
Mar 28 2023	3486	13	343	0
Mar 29 2023	3555	17	390	0
Mar 30 2023	3568	0	0	0
Mar 31 2023	3489	8	386	0
Apr 01 2023	3691	10	459	0
Apr 02 2023	4018	18	327	0
Apr 03 2023	4021	9	223	0
Apr 04 2023	3903	16	128	0
Apr 05 2023	3868	12	343	0
Apr 06 2023	4282	17	419	0
Apr 07 2023	4353	16	392	0
Apr 08 2023	3800	24	328	0
Apr 09 2023	3817	0	0	0
Apr 10 2023	3355	0	0	0
Apr 11 2023	3633	38	690	0
Apr 12 2023	4029	36	408	0
Apr 13 2023	3958	11	288	0
Apr 14 2023	3535	0	0	0
Apr 15 2023	3901	9	364	0
Apr 16 2023	3943	18	387	0
Apr 17 2023	3863	5	276	0
Apr 18 2023	3909	20	400	0
Apr 19 2023	4177	14	678	0
Apr 20 2023	4143	16	354	0
Apr 21 2023	3829	0	0	0
Apr 22 2023	4872	20	1047	0
Apr 23 2023	5037	11	176	0
Apr 24 2023	4347	0	0	0
Apr 25 2023	3959	0	0	0
Apr 26 2023	4504	18	552	0
Apr 27 2023	4645	10	439	0
Apr 28 2023	4941	22	300	0
Apr 29 2023	4924	14	361	0
Apr 30 2023	4795	13	271	0
May 01 2023	4634	12	127	0
May 02 2023	3715	2	161	0
May 03 2023	4193	1	433	0
May 04 2023	3839	0	0	0
May 05 2023	3867	0	0	0
May 06 2023	2820	0	0	0
May 07 2023	3273	266	895	0
May 08 2023	3414	12	153	0
May 09 2023	3450	11	47	0
May 10 2023	3340	5	447	0
May 11 2023	3118	10	227	0
May 12 2023	3031	16	229	0
May 13 2023	2906	10	246	0
May 14 2023	2810	15	190	0
May 15 2023	2858	14	189	0
May 16 2023	2872	15	190	0
May 17 2023	2614	15	190	0
May 18 2023	2789	15	190	0
May 19 2023	2964	14	189	0
May 20 2023	3139	15	190	0
May 21 2023	3314	15	190	0
May 22 2023	2771	14	189	0
May 23 2023	2899	15	190	0
May 24 2023	2963	22	533	0
May 25 2023	2736	0	0	0
May 26 2023	2507	0	0	0
May 27 2023	2261	0	0	0
May 28 2023	2261	0	0	0
May 29 2023	3223	87	1049	0
May 30 2023	3223	0	0	0
May 31 2023	3223	0	0	0
Jun 01 2023	3223	0	0	0
Jun 02 2023	2232	0	0	0
Jun 03 2023	2042	0	0	0
Jun 04 2023	1852	0	0	0
Jun 05 2023	1663	0	0	0
Jun 06 2023	2435	87	1049	0
Jun 07 2023	2435	0	0	0
Jun 08 2023	2435	0	0	0
Jun 09 2023	2435	0	0	0
Jun 10 2023	2435	0	0	0
Jun 11 2023	1924	0	0	0
Jun 12 2023	1924	0	0	0
Jun 13 2023	2885	87	1048	0
Jun 14 2023	2885	0	0	0
Jun 15 2023	2885	0	0	0
Jun 16 2023	2885	0	0	0
Jun 17 2023	2885	0	0	0
Jun 18 2023	2885	0	0	0
Jun 19 2023	3847	87	1049	0
Jun 20 2023	3847	0	0	0
Jun 21 2023	3847	0	0	0
Jun 22 2023	3847	0	0	0
Jun 23 2023	3847	0	0	0
Jun 24 2023	3847	0	0	0
Jun 25 2023	3847	0	0	0
Jun 26 2023	5042	80	1275	0
Jun 27 2023	5042	0	0	0
Jun 28 2023	5042	0	0	0
Jun 29 2023	5042	0	0	0
Jun 30 2023	5042	0	0	0
Jul 01 2023	5042	0	0	0
Jul 02 2023	5042	0	0	0
Jul 03 2023	5042	0	0	0
Jul 04 2023	6278	80	1316	0
Jul 05 2023	6278	0	0	0
Jul 06 2023	6278	0	0	0
Jul 07 2023	6278	0	0	0
Jul 08 2023	6278	0	0	0
Jul 09 2023	6278	0	0	0
Jul 10 2023	6278	0	0	0
Jul 11 2023	7148	58	928	0
Jul 12 2023	7148	0	0	0
Jul 13 2023	7148	0	0	0
Jul 14 2023	7148	0	0	0
Jul 15 2023	7148	0	0	0
Jul 16 2023	7148	0	0	0
Jul 17 2023	7148	0	0	0
Jul 18 2023	7148	0	0	0
Jul 19 2023	7148	0	0	0
Jul 20 2023	928	0	0	0
Jul 21 2023	928	0	0	0
Jul 22 2023	928	0	0	0
Jul 23 2023	928	0	0	0
Jul 24 2023	928	0	0	0
Jul 25 2023	1321	103	1424	0
Jul 26 2023	1321	0	0	0
Jul 27 2023	1321	0	0	0
Jul 28 2023	1321	0	0	0
Jul 29 2023	1321	0	0	0
Jul 30 2023	1321	0	0	0
Jul 31 2023	1321	0	0	0
Aug 01 2023	2077	119	875	0
Aug 02 2023	2077	0	0	0
Aug 03 2023	2077	0	0	0
Aug 04 2023	2180	0	0	0
Aug 05 2023	2180	0	0	0
Aug 06 2023	2180	0	0	0
Aug 07 2023	2180	0	0	0
Aug 08 2023	939	86	269	0
Aug 09 2023	939	0	0	0
Aug 10 2023	939	0	0	0
Aug 11 2023	939	0	0	0
Aug 12 2023	939	0	0	0
Aug 13 2023	939	0	0	0
Aug 14 2023	939	0	0	0
Aug 15 2023	1191	76	328	0
Aug 16 2023	1191	0	0	0
Aug 17 2023	1191	0	0	0
Aug 18 2023	1191	0	0	0
Aug 19 2023	1191	0	0	0
Aug 20 2023	1191	0	0	0
Aug 21 2023	1191	0	0	0
Aug 22 2023	1626	77	512	0
Aug 23 2023	1626	0	0	0
Aug 24 2023	763	0	0	0
Aug 25 2023	763	0	0	0
Aug 26 2023	763	0	0	0
Aug 27 2023	763	0	0	0
Aug 28 2023	763	0	0	0
Aug 29 2023	644	367	576	0
Aug 30 2023	644	0	0	0
Aug 31 2023	644	0	0	0
Sep 01 2023	721	0	0	0
Sep 02 2023	721	0	0	0
Sep 03 2023	721	0	0	0
Sep 04 2023	1031	72	382	0
Sep 05 2023	519	0	0	0
Sep 06 2023	519	0	0	0
Sep 07 2023	519	0	0	0
Sep 08 2023	519	0	0	0
Sep 09 2023	519	0	0	0
Sep 10 2023	958	0	0	0
Sep 11 2023	958	0	0	0
Sep 12 2023	382	0	0	0
Sep 13 2023	382	0	0	0
Sep 14 2023	382	0	0	0
Sep 15 2023	382	0	0	0
Sep 16 2023	382	0	0	0
Sep 17 2023	382	0	0	0
Sep 18 2023	0	0	0	0
Sep 19 2023	0	0	0	0
Sep 20 2023	0	0	0	0
Sep 21 2023	0	0	0	0
Sep 22 2023	0	0	0	0
Sep 23 2023	0	0	0	0
Sep 24 2023	0	0	0	0
Sep 25 2023	0	0	0	0
Sep 26 2023	0	0	0	0
Sep 27 2023	0	0	0	0
Sep 28 2023	0	0	0	0
Sep 29 2023	0	0	0	0
Sep 30 2023	0	0	0	0
Oct 01 2023	0	0	0	0
Oct 02 2023	0	0	0	0
Oct 03 2023	0	0	0	0
Oct 04 2023	0	0	0	0
Oct 05 2023	0	0	0	0
Oct 06 2023	0	0	0	0
Oct 07 2023	2	0	2	0
Oct 08 2023	765	0	763	0
Oct 09 2023	765	0	0	0
Oct 10 2023	765	0	0	0
Oct 11 2023	765	0	0	0
Oct 12 2023	765	0	0	0
Oct 13 2023	765	0	0	0
Oct 14 2023	765	0	0	0
Oct 15 2023	1274	0	509	0
Oct 16 2023	1274	0	0	0
Oct 17 2023	1274	0	0	0
Oct 18 2023	1274	0	0	0
Oct 19 2023	1274	0	0	0
Oct 20 2023	1274	0	0	0
Oct 21 2023	1274	0	0	0
Oct 22 2023	1714	0	440	0
Oct 23 2023	1714	0	0	0
Oct 24 2023	1714	0	0	0
Oct 25 2023	1714	0	0	0
Oct 26 2023	1714	0	0	0
Oct 27 2023	1714	0	0	0
Oct 28 2023	1714	0	0	0
Oct 29 2023	2396	0	682	0
Oct 30 2023	2396	0	0	0
Oct 31 2023	2396	0	0	0
Nov 01 2023	2396	0	0	0
Nov 02 2023	2396	0	0	0
Nov 03 2023	2396	0	0	0
Nov 04 2023	2396	0	0	0
Nov 05 2023	3350	0	954	0
Nov 06 2023	3350	0	0	0
Nov 07 2023	3350	0	0	0
Nov 08 2023	3350	0	0	0
Nov 09 2023	3350	0	0	0
Nov 10 2023	3350	0	0	0
Nov 11 2023	3350	0	0	0
Nov 12 2023	4547	0	1197	0
Nov 13 2023	4547	0	0	0
Nov 14 2023	4547	0	0	0
Nov 15 2023	4547	0	0	0
Nov 16 2023	4547	0	0	0
Nov 17 2023	4547	0	0	0
Nov 18 2023	4547	0	0	0
Nov 19 2023	5984	0	1437	0
Nov 20 2023	5984	0	0	0
Nov 21 2023	5984	0	0	0
Nov 22 2023	5984	0	0	0
Nov 23 2023	5984	0	0	0
Nov 24 2023	5984	0	0	0
Nov 25 2023	5984	0	0	0
Nov 26 2023	7472	0	1488	0
Nov 27 2023	4974	0	0	0
Nov 28 2023	4974	0	0	0
Nov 29 2023	4974	0	0	0
Nov 30 2023	4974	0	0	0
Dec 01 2023	4974	0	0	0
Dec 02 2023	4974	0	0	0
Dec 03 2023	7068	0	2094	0
Dec 04 2023	5216	0	0	0
Dec 05 2023	5216	0	0	0
Dec 06 2023	5216	0	0	0
Dec 07 2023	5216	0	0	0
Dec 08 2023	5216	0	0	0
Dec 09 2023	5216	0	0	0
Dec 10 2023	7750	0	2534	0
Dec 11 2023	7750	0	0	0
Dec 12 2023	7750	0	0	0
Dec 13 2023	11957	0	4207	0
Dec 14 2023	11957	0	0	0
Dec 15 2023	11957	0	0	0
Dec 16 2023	11957	0	0	0
Dec 17 2023	11957	0	0	0
Dec 18 2023	11957	0	0	0
Dec 19 2023	16103	0	4146	0
Dec 20 2023	16103	0	0	0
Dec 21 2023	16103	0	0	0
Dec 22 2023	16103	0	0	0
Dec 23 2023	16103	0	0	0
Dec 24 2023	16103	0	0	0
Dec 25 2023	16103	0	0	0
Dec 26 2023	16103	0	0	0
Dec 27 2023	26037	0	9934	0
Dec 28 2023	26037	0	0	0
Dec 29 2023	26037	0	0	0
Dec 30 2023	26037	0	0	0
Dec 31 2023	26037	0	0	0
Jan 01 2024	26037	0	0	0
Jan 02 2024	34163	0	8126	0
Jan 03 2024	34163	0	0	0
Jan 04 2024	34163	0	0	0
Jan 05 2024	34163	0	0	0
Jan 06 2024	34163	0	0	0
Jan 07 2024	34163	0	0	0
Jan 08 2024	35276	0	1113	0
Jan 09 2024	35276	0	0	0
Jan 10 2024	35276	0	0	0
Jan 11 2024	35276	0	0	0
Jan 12 2024	35276	0	0	0
Jan 13 2024	35276	0	0	0
Jan 14 2024	22869	0	0	0
Jan 15 2024	31492	0	8623	0
Jan 16 2024	31492	0	0	0
Jan 17 2024	31492	0	0	0
Jan 18 2024	31492	0	0	0
Jan 19 2024	31492	0	0	0
Jan 20 2024	31492	0	0	0
Jan 21 2024	31492	0	0	0
Jan 22 2024	31492	0	0	0
Jan 23 2024	31492	0	0	0
Jan 24 2024	31492	0	0	0
Jan 25 2024	31492	0	0	0
Jan 26 2024	31492	0	0	0
Jan 27 2024	8623	0	0	0
Jan 28 2024	8623	0	0	0
Jan 29 2024	0	0	0	0
Jan 30 2024	3556	0	3556	0
Jan 31 2024	4442	0	886	0
Feb 01 2024	4442	0	0	0
Feb 02 2024	4442	0	0	0
Feb 03 2024	4442	0	0	0
Feb 04 2024	4442	0	0	0
Feb 05 2024	4442	0	0	0
Feb 06 2024	4442	0	0	0
Feb 07 2024	4442	0	0	0
Feb 08 2024	4442	0	0	0
Feb 09 2024	4442	0	0	0
Feb 10 2024	4442	0	0	0
Feb 11 2024	4442	0	0	0
Feb 12 2024	4442	0	0	0
Feb 13 2024	886	0	0	0
Feb 14 2024	0	0	0	0
Feb 15 2024	0	0	0	0
Feb 16 2024	0	0	0	0
Feb 17 2024	0	0	0	0
Feb 18 2024	0	0	0	0
Feb 19 2024	0	0	0	0
Feb 20 2024	0	0	0	0
Feb 21 2024	0	0	0	0
Feb 22 2024	0	0	0	0
Feb 23 2024	0	0	0	0
Feb 24 2024	0	0	0	0
Feb 25 2024	0	0	0	0
Feb 26 2024	0	0	0	0
Feb 27 2024	0	0	0	0
Feb 28 2024	0	0	0	0
Feb 29 2024	0	0	0	0
Mar 01 2024	0	0	0	0
Mar 02 2024	0	0	0	0
Mar 03 2024	0	0	0	0
Mar 04 2024	0	0	0	0
Mar 05 2024	0	0	0	0
Mar 06 2024	0	0	0	0
Mar 07 2024	0	0	0	0
Mar 08 2024	0	0	0	0
Mar 09 2024	0	0	0	0
Mar 10 2024	0	0	0	0
Mar 11 2024	0	0	0	0
Mar 12 2024	0	0	0	0
Mar 13 2024	0	0	0	0
Mar 14 2024	0	0	0	0
Mar 15 2024	0	0	0	0
Mar 16 2024	0	0	0	0
Mar 17 2024	0	0	0	0
Mar 18 2024	0	0	0	0
Mar 19 2024	0	0	0	0
Mar 20 2024	0	0	0	0
Mar 21 2024	0	0	0	0
Mar 22 2024	0	0	0	0
Mar 23 2024	0	0	0	0
Mar 24 2024	0	0	0	0
Mar 25 2024	0	0	0	0
Mar 26 2024	0	0	0	0
Mar 27 2024	0	0	0	0
