Date	Active Cases	Daily Death	New cases	Recoverd Cases
Feb 15 2020	0	0	0	0
Feb 16 2020	0	0	0	0
Feb 17 2020	0	0	0	0
Feb 18 2020	0	0	0	0
Feb 19 2020	0	0	0	0
Feb 20 2020	0	0	0	0
Feb 21 2020	0	0	0	0
Feb 22 2020	0	0	0	0
Feb 23 2020	0	0	0	0
Feb 24 2020	0	0	0	0
Feb 25 2020	0	0	0	0
Feb 26 2020	0	0	0	0
Feb 27 2020	0	0	0	0
Feb 28 2020	0	0	0	0
Feb 29 2020	0	0	0	0
Mar 01 2020	0	0	0	0
Mar 02 2020	0	0	0	0
Mar 03 2020	1	0	0	0
Mar 04 2020	3	0	2	0
Mar 05 2020	4	0	1	0
Mar 06 2020	5	0	1	0
Mar 07 2020	7	0	2	0
Mar 08 2020	11	0	4	0
Mar 09 2020	15	0	4	0
Mar 10 2020	20	0	5	0
Mar 11 2020	27	0	7	0
Mar 12 2020	39	0	12	0
Mar 13 2020	51	0	12	0
Mar 14 2020	72	0	21	0
Mar 15 2020	88	0	16	0
Mar 16 2020	183	0	95	0
Mar 17 2020	236	0	53	0
Mar 18 2020	279	0	43	0
Mar 19 2020	401	0	122	0
Mar 20 2020	503	0	108	6
Mar 21 2020	621	0	121	2
Mar 22 2020	732	0	111	0
Mar 23 2020	861	1	133	3
Mar 24 2020	1061	0	206	6
Mar 25 2020	1312	1	257	5
Mar 26 2020	1503	1	192	0
Mar 27 2020	1837	1	356	21
Mar 28 2020	2168	1	350	18
Mar 29 2020	2422	1	269	14
Mar 30 2020	2703	1	363	81
Mar 31 2020	3035	6	338	0
Apr 01 2020	3294	6	343	78
Apr 02 2020	3627	3	437	101
Apr 03 2020	3919	6	390	92
Apr 04 2020	4306	8	496	101
Apr 05 2020	4569	10	363	90
Apr 06 2020	4858	4	403	110
Apr 07 2020	5031	9	352	170
Apr 08 2020	5309	8	503	217
Apr 09 2020	5636	13	499	159
Apr 10 2020	5947	11	619	297
Apr 11 2020	6142	11	499	293
Apr 12 2020	6272	10	335	195
Apr 13 2020	6326	3	365	308
Apr 14 2020	6492	14	459	279
Apr 15 2020	6615	3	417	291
Apr 16 2020	6863	15	625	362
Apr 17 2020	7047	15	521	322
Apr 18 2020	7178	14	559	414
Apr 19 2020	7284	10	419	303
Apr 20 2020	7427	9	490	338
Apr 21 2020	7503	11	380	293
Apr 22 2020	7610	19	543	417
Apr 23 2020	7785	11	604	418
Apr 24 2020	7831	9	578	523
Apr 25 2020	8048	10	646	419
Apr 26 2020	8313	11	554	278
Apr 27 2020	8561	13	564	303
Apr 28 2020	8811	13	646	383
Apr 29 2020	9060	13	609	347
Apr 30 2020	9854	15	1332	523
May 01 2020	10559	10	1153	438
May 02 2020	11656	19	1670	554
May 03 2020	12605	19	1437	469
May 04 2020	13364	14	1147	374
May 05 2020	14668	8	1607	295
May 06 2020	15388	9	1208	479
May 07 2020	16701	6	1794	475
May 08 2020	17820	13	1628	496
May 09 2020	18758	14	1459	507
May 10 2020	20230	11	1928	445
May 11 2020	21123	15	1401	493
May 12 2020	22525	18	1940	520
May 13 2020	24884	15	3114	740
May 14 2020	27176	31	3113	790
May 15 2020	29110	36	2929	959
May 16 2020	29879	39	2208	1400
May 17 2020	31394	41	2755	1199
May 18 2020	33069	40	2667	952
May 19 2020	35804	44	4121	1342
May 20 2020	39484	50	4727	997
May 21 2020	42572	64	4640	1488
May 22 2020	46169	58	5005	1350
May 23 2020	49043	61	4139	1204
May 24 2020	51719	64	4342	1602
May 25 2020	56234	61	5730	1154
May 26 2020	59197	64	4640	1613
May 27 2020	61588	50	5066	2625
May 28 2020	64357	69	5448	2610
May 29 2020	66157	77	4325	2448
May 30 2020	69189	75	4940	1833
May 31 2020	72467	80	5654	2296
Jun 01 2020	76568	84	6404	2219
Jun 02 2020	80590	107	4129	0
Jun 03 2020	45025	123	5785	41227
Jun 04 2020	45795	115	5460	4575
Jun 05 2020	45707	130	4925	4883
Jun 06 2020	51716	132	6141	0
Jun 07 2020	58293	921	7498	0
Jun 08 2020	63685	105	5497	0
Jun 09 2020	68240	26	4581	0
Jun 10 2020	74684	272	6716	0
Jun 11 2020	50175	246	6550	30813
Jun 12 2020	52853	315	7907	4914
Jun 13 2020	54208	327	7620	5938
Jun 14 2020	55607	315	8122	6408
Jun 15 2020	56484	55	6020	5088
Jun 16 2020	54880	30	5866	7440
Jun 17 2020	59308	330	4758	0
Jun 18 2020	33254	321	4476	30209
Jun 19 2020	34138	357	6291	5050
Jun 20 2020	34089	287	5356	5118
Jun 21 2020	35476	261	5608	3960
Jun 22 2020	35224	33	4609	4828
Jun 23 2020	33852	4	3805	5173
Jun 24 2020	32658	321	3650	4523
Jun 25 2020	32828	245	4649	4234
Jun 26 2020	32786	235	4297	4104
Jun 27 2020	32173	396	4407	4624
Jun 28 2020	32005	230	4217	4155
Jun 29 2020	31985	94	4018	3944
Jun 30 2020	30144	161	3395	5075
Jul 01 2020	28488	93	2651	4214
Jul 02 2020	26946	237	2499	3804
Jul 03 2020	26213	186	3549	4096
Jul 04 2020	25669	201	3759	4102
Jul 05 2020	25604	164	3686	3587
Jul 06 2020	25183	108	3026	3339
Jul 07 2020	23701	71	2463	3874
Jul 08 2020	22110	197	2064	3458
Jul 09 2020	21871	154	3134	3219
Jul 10 2020	21659	140	3059	3131
Jul 11 2020	21212	142	2756	3061
Jul 12 2020	21298	139	3013	2788
Jul 13 2020	21197	64	2617	2654
Jul 14 2020	20305	64	1836	2664
Jul 15 2020	18986	166	1712	2865
Jul 16 2020	18116	148	2494	3216
Jul 17 2020	19322	123	2842	1513
Jul 18 2020	18872	123	2308	2635
Jul 19 2020	18538	73	2084	2345
Jul 20 2020	18276	163	2099	2198
Jul 21 2020	17051	55	1654	2824
Jul 22 2020	16289	56	1719	2425
Jul 23 2020	16311	146	2358	2190
Jul 24 2020	16497	95	2546	2265
Jul 25 2020	16180	133	2289	2473
Jul 26 2020	16337	115	2198	1926
Jul 27 2020	16517	94	2133	1859
Jul 28 2020	15950	66	1877	2378
Jul 29 2020	15452	48	1775	2225
Jul 30 2020	15218	124	1961	2071
Jul 31 2020	15550	100	2131	1699
Aug 01 2020	15266	95	1991	2180
Aug 02 2020	15341	94	2073	1904
Aug 03 2020	15414	124	1762	1565
Aug 04 2020	14481	48	1469	2354
Aug 05 2020	14222	59	1761	1961
Aug 06 2020	14171	122	1948	1877
Aug 07 2020	14238	87	2154	2000
Aug 08 2020	14405	66	2198	1965
Aug 09 2020	14662	83	2033	1693
Aug 10 2020	15056	78	1988	1516
Aug 11 2020	14380	49	1572	2199
Aug 12 2020	14020	34	1552	1878
Aug 13 2020	14056	118	1866	1712
Aug 14 2020	14176	51	2077	1906
Aug 15 2020	13984	69	1791	1914
Aug 16 2020	14080	71	2044	1877
Aug 17 2020	14002	77	1556	1557
Aug 18 2020	13259	41	1353	2055
Aug 19 2020	12556	40	1182	1845
Aug 20 2020	12473	117	1812	1778
Aug 21 2020	12494	65	1920	1834
Aug 22 2020	12513	87	1939	1833
Aug 23 2020	12946	75	1957	1449
Aug 24 2020	13484	80	1903	1285
Aug 25 2020	12849	53	1417	1999
Aug 26 2020	12384	40	1380	1805
Aug 27 2020	12364	103	1737	1654
Aug 28 2020	12629	75	1870	1530
Aug 29 2020	12874	61	2037	1731
Aug 30 2020	13359	79	1965	1401
Aug 31 2020	13760	56	1752	1295
Sep 01 2020	13228	40	1419	1911
Sep 02 2020	12900	29	1594	1893
Sep 03 2020	12838	98	1762	1726
Sep 04 2020	12873	90	1964	1839
Sep 05 2020	13052	71	1969	1719
Sep 06 2020	13645	51	2076	1432
Sep 07 2020	14016	75	1764	1318
Sep 08 2020	13232	38	1267	2013
Sep 09 2020	12868	25	1486	1825
Sep 10 2020	12616	99	1648	1801
Sep 11 2020	12681	87	1860	1708
Sep 12 2020	12901	56	2131	1855
Sep 13 2020	13508	68	2082	1407
Sep 14 2020	13728	80	1699	1399
Sep 15 2020	13011	34	1536	2219
Sep 16 2020	12383	23	1304	1909
Sep 17 2020	12066	105	1863	2075
Sep 18 2020	11619	71	1677	2053
Sep 19 2020	11277	69	1847	2120
Sep 20 2020	11192	40	1600	1645
Sep 21 2020	11006	15	1194	1365
Sep 22 2020	9967	29	1055	2065
Sep 23 2020	9328	30	1380	1989
Sep 24 2020	9204	156	1743	1711
Sep 25 2020	9651	73	2224	1704
Sep 26 2020	7292	80	2111	4390
Sep 27 2020	7722	63	1922	1429
Sep 28 2020	7308	71	1770	2113
Sep 29 2020	7139	34	1629	1764
Sep 30 2020	6968	20	1691	1842
Oct 01 2020	6925	102	1759	1700
Oct 02 2020	6870	56	1840	1839
Oct 03 2020	7284	65	1881	1402
Oct 04 2020	7752	75	1708	1165
Oct 05 2020	7265	73	1567	1981
Oct 06 2020	7204	41	1560	1580
Oct 07 2020	6877	25	1134	1436
Oct 08 2020	6739	97	1576	1617
Oct 09 2020	6761	66	1753	1665
Oct 10 2020	7247	65	1826	1275
Oct 11 2020	7872	58	1776	1093
Oct 12 2020	7674	77	1517	1638
Oct 13 2020	7426	21	1392	1619
Oct 14 2020	6936	24	1092	1558
Oct 15 2020	6454	24	1124	1582
Oct 16 2020	6498	119	1694	1531
Oct 17 2020	6900	74	1813	1337
Oct 18 2020	7565	59	1757	1033
Oct 19 2020	7794	51	1545	1265
Oct 20 2020	7093	33	1099	1767
Oct 21 2020	6618	21	1159	1613
Oct 22 2020	6503	92	1494	1517
Oct 23 2020	6793	65	1780	1425
Oct 24 2020	7099	60	1612	1246
Oct 25 2020	7451	65	1540	1123
Oct 26 2020	7214	74	1535	1698
Oct 27 2020	6631	29	927	1481
Oct 28 2020	6233	8	1005	1395
Oct 29 2020	6350	108	1520	1295
Oct 30 2020	6471	50	1521	1350
Oct 31 2020	6977	61	1685	1118
Nov 01 2020	7504	50	1608	1031
Nov 02 2020	7168	69	1324	1591
Nov 03 2020	6653	21	1014	1508
Nov 04 2020	5964	26	840	1503
Nov 05 2020	6206	80	1540	1218
Nov 06 2020	6635	58	1827	1340
Nov 07 2020	7088	61	1568	1054
Nov 08 2020	7535	55	1581	1079
Nov 09 2020	7073	56	1321	1727
Nov 10 2020	6599	29	1028	1473
Nov 11 2020	6155	28	897	1313
Nov 12 2020	6363	83	1634	1343
Nov 13 2020	6553	49	1592	1353
Nov 14 2020	6980	49	1646	1170
Nov 15 2020	7472	53	1597	1052
Nov 16 2020	7116	55	1331	1632
Nov 17 2020	6568	25	1006	1529
Nov 18 2020	6132	18	948	1366
Nov 19 2020	6194	73	1454	1319
Nov 20 2020	6375	60	1573	1332
Nov 21 2020	6749	34	1558	1150
Nov 22 2020	7170	49	1497	1027
Nov 23 2020	7007	46	1440	1557
Nov 24 2020	6590	31	1007	1393
Nov 25 2020	6185	9	1005	1401
Nov 26 2020	6256	122	1570	1377
Nov 27 2020	6277	54	1561	1486
Nov 28 2020	6800	55	1718	1140
Nov 29 2020	7176	43	1489	1070
Nov 30 2020	6738	68	1313	1683
Dec 01 2020	6333	25	1121	1501
Dec 02 2020	5911	10	1034	1446
Dec 03 2020	5917	102	1508	1400
Dec 04 2020	6187	49	1729	1410
Dec 05 2020	6487	43	1533	1190
Dec 06 2020	7120	45	1714	1036
Dec 07 2020	7049	44	1760	1787
Dec 08 2020	6654	21	1392	1766
Dec 09 2020	6202	13	1244	1683
Dec 10 2020	6082	105	1662	1677
Dec 11 2020	5941	10	1534	1665
Dec 12 2020	6248	80	1807	1420
Dec 13 2020	7109	50	2138	1227
Dec 14 2020	6920	56	1911	2044
Dec 15 2020	6807	23	1499	1589
Dec 16 2020	6303	13	1402	1893
Dec 17 2020	6360	60	2001	1884
Dec 18 2020	6796	55	2403	1912
Dec 19 2020	7288	63	2219	1664
Dec 20 2020	7880	66	2191	1533
Dec 21 2020	7435	54	1943	2334
Dec 22 2020	6889	25	1701	2222
Dec 23 2020	6561	14	1725	2039
Dec 24 2020	6883	94	2396	1980
Dec 25 2020	7281	69	2521	2054
Dec 26 2020	7981	58	2563	1805
Dec 27 2020	7860	49	1711	1783
Dec 28 2020	7111	0	1923	2672
Dec 29 2020	6613	56	1958	2400
Dec 30 2020	6138	14	1964	2425
Dec 31 2020	6880	137	3023	2144
Jan 01 2021	8491	65	3591	1915
Jan 02 2021	9214	80	3338	2535
Jan 03 2021	8975	54	2289	2474
Jan 04 2021	7697	0	2450	3728
Jan 05 2021	7043	26	2460	3088
Jan 06 2021	6275	35	2382	3115
Jan 07 2021	7171	122	3693	2675
Jan 08 2021	8564	77	4205	2735
Jan 09 2021	9758	79	4361	3088
Jan 10 2021	10843	74	4181	3022
Jan 11 2021	9906	83	3969	4823
Jan 12 2021	8968	25	3243	4156
Jan 13 2021	8114	28	3390	4216
Jan 14 2021	8076	113	4187	4112
Jan 15 2021	8459	94	4468	3991
Jan 16 2021	9273	83	4313	3416
Jan 17 2021	10700	53	4339	2859
Jan 18 2021	9964	88	3918	4566
Jan 19 2021	9175	33	3401	4157
Jan 20 2021	8632	26	3589	4106
Jan 21 2021	8922	135	4367	3942
Jan 22 2021	9487	105	4959	4289
Jan 23 2021	10468	85	4581	3515
Jan 24 2021	11721	99	4463	3111
Jan 25 2021	10814	83	4068	4892
Jan 26 2021	9765	30	3322	4341
Jan 27 2021	8896	21	3388	4236
Jan 28 2021	8892	168	4255	4091
Jan 29 2021	9227	104	4606	4167
Jan 30 2021	9995	103	4151	3280
Jan 31 2021	11245	142	4209	2817
Feb 01 2021	10344	107	3779	4573
Feb 02 2021	9592	28	3147	3871
Feb 03 2021	8530	21	2610	3651
Feb 04 2021	8205	194	3592	3723
Feb 05 2021	8384	97	3782	3506
Feb 06 2021	9622	109	4063	2716
Feb 07 2021	10988	99	3804	2339
Feb 08 2021	9949	103	3464	4400
Feb 09 2021	9142	35	2839	3611
Feb 10 2021	8112	26	2387	3391
Feb 11 2021	8256	197	3731	3390
Feb 12 2021	8797	104	4164	3519
Feb 13 2021	9615	123	3924	2983
Feb 14 2021	10824	123	3814	2482
Feb 15 2021	9992	104	3332	4060
Feb 16 2021	8777	25	2498	3688
Feb 17 2021	7341	19	2275	3692
Feb 18 2021	7636	174	3828	3359
Feb 19 2021	7971	124	3797	3338
Feb 20 2021	8959	97	3906	2821
Feb 21 2021	9932	85	3615	2557
Feb 22 2021	9377	105	3549	3999
Feb 23 2021	8111	31	2308	3543
Feb 24 2021	7019	28	2555	3619
Feb 25 2021	7906	172	4472	3413
Feb 26 2021	8724	113	4585	3654
Feb 27 2021	9994	95	4489	3124
Feb 28 2021	11360	120	4207	2721
Mar 01 2021	10756	110	4145	4639
Mar 02 2021	9529	30	2742	3939
Mar 03 2021	8576	25	3040	3968
Mar 04 2021	8985	168	4567	3990
Mar 05 2021	10079	113	5331	4124
Mar 06 2021	11378	100	5033	3634
Mar 07 2021	13242	87	5302	3351
Mar 08 2021	12241	108	4748	5641
Mar 09 2021	10907	24	3531	4841
Mar 10 2021	9945	30	3885	4817
Mar 11 2021	10490	196	5563	4822
Mar 12 2021	11192	112	5973	5159
Mar 13 2021	12423	154	5894	4509
Mar 14 2021	14082	125	5731	3947
Mar 15 2021	12933	148	5121	6122
Mar 16 2021	11805	44	4551	5635
Mar 17 2021	10472	43	4430	5720
Mar 18 2021	11054	216	6257	5459
Mar 19 2021	11533	149	6584	5956
Mar 20 2021	13313	140	7036	5116
Mar 21 2021	15457	149	6850	4557
Mar 22 2021	14075	120	6155	7417
Mar 23 2021	12375	63	4864	6501
Mar 24 2021	10601	53	4825	6546
Mar 25 2021	11199	153	6979	6228
Mar 26 2021	11903	95	7559	6760
Mar 27 2021	13624	99	7592	5772
Mar 28 2021	15612	152	7330	5190
Mar 29 2021	14627	127	7241	8099
Mar 30 2021	12357	46	5008	7232
Mar 31 2021	11406	35	6046	6962
Apr 01 2021	12168	242	7868	6864
Apr 02 2021	12642	117	8079	7488
Apr 03 2021	14673	129	7993	5833
Apr 04 2021	16801	151	7307	5028
Apr 05 2021	14106	41	5827	8481
Apr 06 2021	12040	71	5168	7163
Apr 07 2021	10370	78	5242	6834
Apr 08 2021	10796	230	8248	7592
Apr 09 2021	13906	162	9151	5879
Apr 10 2021	16012	132	8133	5895
Apr 11 2021	18347	167	7945	5443
Apr 12 2021	16087	172	6421	8509
Apr 13 2021	14450	44	5790	7383
Apr 14 2021	13051	38	5557	6918
Apr 15 2021	13461	273	7431	6748
Apr 16 2021	13977	197	7613	6900
Apr 17 2021	15935	166	8037	5913
Apr 18 2021	18199	153	7370	4953
Apr 19 2021	16911	125	6622	7785
Apr 20 2021	15157	50	5095	6799
Apr 21 2021	13491	45	4968	6589
Apr 22 2021	13628	225	6917	6555
Apr 23 2021	14509	137	7582	6564
Apr 24 2021	15839	127	6909	5452
Apr 25 2021	17790	143	6725	4631
Apr 26 2021	16471	149	6078	7248
Apr 27 2021	14034	56	4158	6539
Apr 28 2021	12461	66	4499	6006
Apr 29 2021	13185	218	6720	5778
Apr 30 2021	14264	133	7254	6042
May 01 2021	15535	130	6510	5109
May 02 2021	17333	130	6165	4237
May 03 2021	15502	123	4895	6603
May 04 2021	13039	46	3249	5666
May 05 2021	11485	38	3885	5401
May 06 2021	12644	212	6299	4928
May 07 2021	13687	137	6530	5350
May 08 2021	15382	122	6198	4381
May 09 2021	16749	147	5493	3979
May 10 2021	15518	125	5339	6445
May 11 2021	13716	48	3738	5492
May 12 2021	12131	35	3902	5452
May 13 2021	12782	171	6153	5331
May 14 2021	13912	159	6915	5626
May 15 2021	15881	109	6736	4658
May 16 2021	17832	123	6296	4222
May 17 2021	16169	128	5548	7083
May 18 2021	13805	39	3766	6091
May 19 2021	12506	40	4767	6026
May 20 2021	14280	216	7682	5692
May 21 2021	15324	152	7602	6406
May 22 2021	17337	120	7500	5367
May 23 2021	18689	166	6505	4987
May 24 2021	16010	38	5343	7984
May 25 2021	13166	46	4160	6958
May 26 2021	11802	49	5197	6512
May 27 2021	12755	232	8105	6920
May 28 2021	15653	149	8658	5611
May 29 2021	18059	149	8375	5820
May 30 2021	20015	152	7751	5643
May 31 2021	18302	166	6839	8386
Jun 01 2021	15660	55	5011	7598
Jun 02 2021	13955	51	5616	7270
Jun 03 2021	14968	267	8128	6848
Jun 04 2021	15984	123	8245	7106
Jun 05 2021	18670	151	8920	6083
Jun 06 2021	20874	152	7690	5334
Jun 07 2021	18928	152	6928	8722
Jun 08 2021	16284	58	5533	8119
Jun 09 2021	14125	46	5353	7466
Jun 10 2021	14564	248	7708	7021
Jun 11 2021	15148	167	7941	7190
Jun 12 2021	16603	134	7573	5984
Jun 13 2021	18815	161	7481	5108
Jun 14 2021	17122	122	6190	7761
Jun 15 2021	14598	77	4576	7023
Jun 16 2021	12341	71	4322	6508
Jun 17 2021	12718	273	6670	6020
Jun 18 2021	13203	149	6770	6136
Jun 19 2021	14204	167	6274	5106
Jun 20 2021	15709	152	5743	4086
Jun 21 2021	14281	166	5205	6467
Jun 22 2021	12203	56	3440	5462
Jun 23 2021	9832	70	2746	5047
Jun 24 2021	8503	64	3463	4728
Jun 25 2021	9139	270	5599	4693
Jun 26 2021	10475	189	5171	3646
Jun 27 2021	11474	169	4461	3293
Jun 28 2021	11707	196	4034	3605
Jun 29 2021	9805	44	2637	4495
Jun 30 2021	7916	70	2128	3947
Jul 01 2021	6911	54	2655	3606
Jul 02 2021	7253	277	4056	3437
Jul 03 2021	8079	206	3848	2816
Jul 04 2021	8976	163	3323	2263
Jul 05 2021	8850	183	2824	2767
Jul 06 2021	7579	49	1857	3079
Jul 07 2021	6501	50	1871	2899
Jul 08 2021	6702	233	3255	2821
Jul 09 2021	6651	153	2800	2698
Jul 10 2021	7209	164	2769	2047
Jul 11 2021	7526	138	2318	1863
Jul 12 2021	6865	129	2145	2677
Jul 13 2021	5842	45	1264	2242
Jul 14 2021	5005	41	1243	2039
Jul 15 2021	5202	198	2366	1971
Jul 16 2021	5297	128	2053	1830
Jul 17 2021	5590	118	1932	1521
Jul 18 2021	5676	139	1398	1173
Jul 19 2021	4770	31	1004	1879
Jul 20 2021	4165	38	975	1542
Jul 21 2021	3593	53	996	1515
Jul 22 2021	3840	227	1859	1385
Jul 23 2021	4288	104	1645	1093
Jul 24 2021	4430	104	1391	1145
Jul 25 2021	4726	85	1428	1047
Jul 26 2021	4212	117	1168	1565
Jul 27 2021	3558	40	745	1359
Jul 28 2021	3170	31	827	1184
Jul 29 2021	3251	149	1371	1141
Jul 30 2021	3356	89	1341	1147
Jul 31 2021	3479	103	1142	916
Aug 01 2021	3729	100	1171	821
Aug 02 2021	3312	110	910	1217
Aug 03 2021	2824	30	605	1063
Aug 04 2021	2525	39	726	986
Aug 05 2021	2651	169	1206	911
Aug 06 2021	2889	93	1182	851
Aug 07 2021	2966	89	938	772
Aug 08 2021	2953	82	854	785
Aug 09 2021	2773	114	953	1019
Aug 10 2021	2299	39	507	942
Aug 11 2021	2071	24	633	837
Aug 12 2021	2313	108	1138	788
Aug 13 2021	2263	55	834	829
Aug 14 2021	2408	55	865	665
Aug 15 2021	2633	61	899	613
Aug 16 2021	2365	50	740	958
Aug 17 2021	1950	23	398	790
Aug 18 2021	1690	23	501	738
Aug 19 2021	1781	85	858	682
Aug 20 2021	1798	53	752	682
Aug 21 2021	1921	49	712	540
Aug 22 2021	1997	56	663	531
Aug 23 2021	1720	48	578	807
Aug 24 2021	1419	16	380	665
Aug 25 2021	1184	21	399	613
Aug 26 2021	1332	75	785	562
Aug 27 2021	1386	36	669	579
Aug 28 2021	1485	43	607	465
Aug 29 2021	1605	55	595	420
Aug 30 2021	1383	48	501	675
Aug 31 2021	1168	18	345	542
Sep 01 2021	1062	10	448	544
Sep 02 2021	1105	63	575	469
Sep 03 2021	1091	58	494	450
Sep 04 2021	1146	33	474	386
Sep 05 2021	1207	29	425	335
Sep 06 2021	1157	23	435	462
Sep 07 2021	1001	9	265	412
Sep 08 2021	910	9	355	437
Sep 09 2021	978	46	500	386
Sep 10 2021	1020	24	510	444
Sep 11 2021	1093	29	474	372
Sep 12 2021	1163	39	441	332
Sep 13 2021	1062	26	469	544
Sep 14 2021	883	0	292	471
Sep 15 2021	851	10	401	423
Sep 16 2021	1001	40	587	397
Sep 17 2021	1093	31	583	460
Sep 18 2021	1230	26	591	428
Sep 19 2021	1284	25	475	396
Sep 20 2021	949	10	277	602
Sep 21 2021	726	9	280	494
Sep 22 2021	660	6	524	584
Sep 23 2021	971	39	859	509
Sep 24 2021	1292	16	829	492
Sep 25 2021	1543	11	747	485
Sep 26 2021	1749	10	765	549
Sep 27 2021	1478	6	614	879
Sep 28 2021	1144	5	431	760
Sep 29 2021	1060	8	611	687
Sep 30 2021	1208	16	858	694
Oct 01 2021	1365	10	807	640
Oct 02 2021	1678	10	813	490
Oct 03 2021	1821	13	718	562
Oct 04 2021	1583	8	654	884
Oct 05 2021	1351	8	493	717
Oct 06 2021	1314	8	695	724
Oct 07 2021	1518	26	942	712
Oct 08 2021	1691	11	986	802
Oct 09 2021	1966	15	998	708
Oct 10 2021	2337	13	1063	679
Oct 11 2021	2216	9	950	1062
Oct 12 2021	1839	4	609	982
Oct 13 2021	1591	5	733	976
Oct 14 2021	1804	6	1191	972
Oct 15 2021	2375	14	1631	1046
Oct 16 2021	3074	4	1689	986
Oct 17 2021	3570	15	1514	1003
Oct 18 2021	3631	14	1315	1240
Oct 19 2021	2834	4	933	1726
Oct 20 2021	2482	6	1228	1574
Oct 21 2021	2874	15	1793	1386
Oct 22 2021	3434	14	2004	1430
Oct 23 2021	4111	14	1994	1303
Oct 24 2021	4702	9	1811	1211
Oct 25 2021	4323	20	1623	1982
Oct 26 2021	3551	8	1157	1921
Oct 27 2021	3332	8	1710	1921
Oct 28 2021	3737	28	2136	1703
Oct 29 2021	4215	13	2281	1790
Oct 30 2021	4741	18	2142	1598
Oct 31 2021	5388	18	2171	1506
Nov 01 2021	4803	25	1738	2298
Nov 02 2021	4028	6	1341	2110
Nov 03 2021	3368	10	1300	1950
Nov 04 2021	3296	5	1889	1956
Nov 05 2021	3970	25	2510	1811
Nov 06 2021	5196	34	2796	1536
Nov 07 2021	6131	26	2567	1606
Nov 08 2021	6186	21	2253	2177
Nov 09 2021	5287	5	1746	2640
Nov 10 2021	4871	15	2164	2565
Nov 11 2021	5146	28	2733	2430
Nov 12 2021	5708	24	2940	2354
Nov 13 2021	6417	19	2703	1975
Nov 14 2021	7148	30	2753	1992
Nov 15 2021	6549	33	2286	2852
Nov 16 2021	5485	5	1689	2748
Nov 17 2021	5158	14	2120	2433
Nov 18 2021	5490	41	2611	2238
Nov 19 2021	5669	38	2698	2481
Nov 20 2021	6392	19	2611	1869
Nov 21 2021	7171	29	2641	1833
Nov 22 2021	6450	40	2168	2849
Nov 23 2021	5753	15	1760	2442
Nov 24 2021	5370	18	2034	2399
Nov 25 2021	5810	54	2670	2176
Nov 26 2021	6179	34	2674	2271
Nov 27 2021	6834	46	2634	1933
Nov 28 2021	7292	39	2328	1831
Nov 29 2021	6445	38	1960	2769
Nov 30 2021	5444	4	1386	2383
Dec 01 2021	4823	13	1523	2131
Dec 02 2021	5000	59	2219	1983
Dec 03 2021	5154	45	2091	1892
Dec 04 2021	5544	33	2036	1613
Dec 05 2021	5998	45	1927	1428
Dec 06 2021	5328	38	1501	2133
Dec 07 2021	4646	5	1164	1841
Dec 08 2021	4169	8	1387	1856
Dec 09 2021	4373	74	1771	1493
Dec 10 2021	4240	48	1495	1580
Dec 11 2021	4292	10	1362	1300
Dec 12 2021	4687	50	1577	1132
Dec 13 2021	4214	38	1361	1796
Dec 14 2021	3632	9	959	1532
Dec 15 2021	3552	5	1060	1135
Dec 16 2021	3623	58	1492	1363
Dec 17 2021	3640	49	1433	1367
Dec 18 2021	3913	35	1415	1107
Dec 19 2021	4141	30	1252	994
Dec 20 2021	3739	26	1126	1502
Dec 21 2021	3337	11	884	1275
Dec 22 2021	3114	8	964	1179
Dec 23 2021	3439	68	1482	1089
Dec 24 2021	3663	38	1399	1137
Dec 25 2021	4157	36	1494	964
Dec 26 2021	4278	26	1155	1008
Dec 27 2021	3634	28	753	1369
Dec 28 2021	3126	4	762	1266
Dec 29 2021	3024	5	1096	1193
Dec 30 2021	3591	41	1791	1183
Dec 31 2021	4202	24	1812	1177
Jan 01 2022	5029	31	1904	1046
Jan 02 2022	5719	28	1904	1186
Jan 03 2022	4736	14	995	1964
Jan 04 2022	4038	1	1051	1748
Jan 05 2022	4315	4	1840	1559
Jan 06 2022	5744	38	3112	1645
Jan 07 2022	7785	31	3771	1699
Jan 08 2022	10214	24	4346	1893
Jan 09 2022	11688	26	4020	2520
Jan 10 2022	11490	16	4041	4223
Jan 11 2022	11210	5	3912	4187
Jan 12 2022	11662	1	4828	4375
Jan 13 2022	14499	51	7247	4359
Jan 14 2022	17535	30	8299	5233
Jan 15 2022	22054	26	9337	4792
Jan 16 2022	26345	23	9509	5195
Jan 17 2022	25722	40	8930	9513
Jan 18 2022	23856	1	7575	9440
Jan 19 2022	23239	5	9542	10154
Jan 20 2022	26882	31	13865	10191
Jan 21 2022	33668	23	17682	10873
Jan 22 2022	38829	29	15471	10281
Jan 23 2022	43785	19	15718	10743
Jan 24 2022	44910	29	18797	17643
Jan 25 2022	44450	10	17156	17606
Jan 26 2022	47376	5	20491	17560
Jan 27 2022	54909	59	27139	19547
Jan 28 2022	63639	33	29461	20698
Jan 29 2022	74933	41	30826	19491
Jan 30 2022	86273	39	30477	19098
Jan 31 2022	82598	46	28629	32258
Feb 01 2022	73574	15	23063	32072
Feb 02 2022	72926	11	31376	32013
Feb 03 2022	77244	103	36436	32015
Feb 04 2022	83492	54	39493	33191
Feb 05 2022	94719	79	38768	27462
Feb 06 2022	106816	71	37104	24936
Feb 07 2022	96333	92	32266	42657
Feb 08 2022	80595	34	25861	41565
Feb 09 2022	76934	30	34797	38428
Feb 10 2022	80593	203	39840	35978
Feb 11 2022	84957	122	39720	35234
Feb 12 2022	94822	118	39296	29313
Feb 13 2022	106680	118	38248	26272
Feb 14 2022	94034	135	30210	42721
Feb 15 2022	78214	40	24036	39816
Feb 16 2022	74816	46	32880	36232
Feb 17 2022	78542	252	37578	33600
Feb 18 2022	83040	164	36136	31474
Feb 19 2022	92282	162	35507	26103
Feb 20 2022	101086	189	32217	23224
Feb 21 2022	87535	181	24350	37720
Feb 22 2022	72054	44	18380	33817
Feb 23 2022	68178	56	27289	31109
Feb 24 2022	73423	281	33518	27992
Feb 25 2022	77547	156	31153	26873
Feb 26 2022	85601	189	29688	21445
Feb 27 2022	91282	163	25292	19448
Feb 28 2022	79720	192	19491	30861
Mar 01 2022	67769	35	15348	27264
Mar 02 2022	65317	38	21697	24111
Mar 03 2022	67770	341	24895	22101
Mar 04 2022	69005	158	23132	21739
Mar 05 2022	73235	183	21661	17248
Mar 06 2022	76948	153	19353	15487
Mar 07 2022	65844	187	14114	25031
Mar 08 2022	56162	43	11764	21403
Mar 09 2022	53301	29	16467	19299
Mar 10 2022	55150	306	19943	17788
Mar 11 2022	56120	166	18326	17190
Mar 12 2022	58959	158	17414	14417
Mar 13 2022	61505	118	15271	12607
Mar 14 2022	54421	158	12861	19787
Mar 15 2022	46074	43	8716	17020
Mar 16 2022	44047	29	14200	16198
Mar 17 2022	45744	231	16655	14727
Mar 18 2022	46476	117	15145	14296
Mar 19 2022	47647	127	13182	11884
Mar 20 2022	47697	98	11084	10936
Mar 21 2022	38589	123	7555	16540
Mar 22 2022	32083	11	6819	13314
Mar 23 2022	28969	16	8769	11867
Mar 24 2022	28297	155	9414	9931
Mar 25 2022	28392	75	9423	9253
Mar 26 2022	28724	76	7448	7040
Mar 27 2022	29990	83	7579	6230
Mar 28 2022	24532	65	4463	9856
Mar 29 2022	20099	18	3439	7854
Mar 30 2022	18852	3	5926	7170
Mar 31 2022	19078	113	6511	6172
Apr 01 2022	18989	57	5978	6010
Apr 02 2022	19601	52	5261	4597
Apr 03 2022	19791	61	4478	4227
Apr 04 2022	16500	48	3260	6503
Apr 05 2022	13514	11	2287	5262
Apr 06 2022	12732	13	4038	4807
Apr 07 2022	12999	90	4432	4075
Apr 08 2022	13256	43	4113	3813
Apr 09 2022	13972	42	3773	3015
Apr 10 2022	14541	44	3464	2851
Apr 11 2022	12287	40	2271	4485
Apr 12 2022	10118	13	1587	3743
Apr 13 2022	9928	4	2922	3108
Apr 14 2022	10625	69	3622	2856
Apr 15 2022	11203	38	3423	2807
Apr 16 2022	11700	26	2781	2258
Apr 17 2022	11187	32	1632	2113
Apr 18 2022	9256	7	1271	3195
Apr 19 2022	7786	5	1120	2585
Apr 20 2022	8426	8	2885	2237
Apr 21 2022	9647	42	3309	2046
Apr 22 2022	10890	26	2949	1680
Apr 23 2022	11615	24	2671	1922
Apr 24 2022	11550	0	2030	2095
Apr 25 2022	9793	1	1484	3240
Apr 26 2022	8640	11	1350	2492
Apr 27 2022	8456	81	2056	2159
Apr 28 2022	9013	27	2573	1989
Apr 29 2022	9465	14	2377	1911
Apr 30 2022	9984	18	2298	1761
May 01 2022	10712	12	2385	1645
May 02 2022	9656	2	1505	2559
May 03 2022	8438	3	1129	2344
May 04 2022	8767	36	2533	2168
May 05 2022	10042	17	3309	2017
May 06 2022	11266	17	3325	2084
May 07 2022	12455	15	3322	2118
May 08 2022	13453	8	3210	2204
May 09 2022	12093	2	2025	3383
May 10 2022	10715	3	1853	3228
May 11 2022	11011	25	3295	2974
May 12 2022	12737	13	4575	2836
May 13 2022	14691	17	4871	2900
May 14 2022	16627	17	4928	2975
May 15 2022	18169	8	4626	3076
May 16 2022	17275	3	3816	4707
May 17 2022	15026	8	2475	4716
May 18 2022	15542	21	5137	4600
May 19 2022	18200	13	6939	4268
May 20 2022	20485	15	6852	4552
May 21 2022	22189	12	6252	4536
May 22 2022	23989	8	6143	4335
May 23 2022	21161	8	4225	7045
May 24 2022	18507	3	3715	6366
May 25 2022	18532	22	6112	6065
May 26 2022	21445	16	8674	5745
May 27 2022	24448	16	9223	6204
May 28 2022	28589	10	9500	5349
May 29 2022	31696	0	8656	5549
May 30 2022	28292	10	5426	8820
May 31 2022	24225	5	4274	8336
Jun 01 2022	24025	5	7580	7775
Jun 02 2022	26622	23	9813	7193
Jun 03 2022	29094	12	9572	7088
Jun 04 2022	32629	23	9890	6332
Jun 05 2022	35530	18	8823	5904
Jun 06 2022	33187	18	7601	9926
Jun 07 2022	29000	6	4671	8852
Jun 08 2022	30669	8	10618	8941
Jun 09 2022	34872	31	12436	8202
Jun 10 2022	38868	18	12964	8950
Jun 11 2022	42602	22	12061	8305
Jun 12 2022	45722	19	11039	7900
Jun 13 2022	41930	14	9110	12888
Jun 14 2022	35383	10	4901	11438
Jun 15 2022	35423	16	10648	10592
Jun 16 2022	38382	36	12975	9980
Jun 17 2022	41390	23	13104	10073
Jun 18 2022	44406	32	11678	8630
Jun 19 2022	47511	25	11301	8171
Jun 20 2022	41558	26	7489	13416
Jun 21 2022	34756	9	4892	11685
Jun 22 2022	33522	10	9546	10770
Jun 23 2022	32376	39	8594	9701
Jun 24 2022	34267	11	11128	9226
Jun 25 2022	39319	39	12637	7546
Jun 26 2022	43716	31	11313	6885
Jun 27 2022	40345	29	8449	11791
Jun 28 2022	37261	14	5517	8587
Jun 29 2022	31946	8	6506	11813
Jun 30 2022	32972	12	10896	9858
Jul 01 2022	35554	46	11845	9217
Jul 02 2022	39002	38	11365	7879
Jul 03 2022	41861	26	9794	6909
Jul 04 2022	39750	28	6570	8653
Jul 05 2022	33100	14	5112	11748
Jul 06 2022	32076	18	9232	10238
Jul 07 2022	34295	68	11082	8795
Jul 08 2022	35889	40	10185	8551
Jul 09 2022	38092	30	9655	7422
Jul 10 2022	39905	31	8775	6931
Jul 11 2022	35142	42	6215	10936
Jul 12 2022	30137	18	4573	9560
Jul 13 2022	29987	6	8494	8638
Jul 14 2022	31523	71	9698	8091
Jul 15 2022	32747	35	9113	7854
Jul 16 2022	33917	49	7831	6612
Jul 17 2022	34502	47	6920	6288
Jul 18 2022	29490	40	4626	9598
Jul 19 2022	25021	14	3674	8129
Jul 20 2022	24604	6	7023	7434
Jul 21 2022	27318	70	9003	6219
Jul 22 2022	29189	47	8076	6158
Jul 23 2022	31767	40	7963	5345
Jul 24 2022	34179	29	7730	5289
Jul 25 2022	31204	51	6100	9024
Jul 26 2022	27738	10	4433	7889
Jul 27 2022	29198	12	9044	7572
Jul 28 2022	31932	72	9945	7139
Jul 29 2022	34069	44	9592	7411
Jul 30 2022	36359	31	9188	6867
Jul 31 2022	37790	25	7997	6541
Aug 01 2022	33869	45	6502	10378
Aug 02 2022	30033	7	5008	8837
Aug 03 2022	31459	4	9860	8430
Aug 04 2022	36490	65	11697	6601
Aug 05 2022	41448	43	11603	6602
Aug 06 2022	44160	32	10928	8184
Aug 07 2022	46298	27	9811	7646
Aug 08 2022	46235	35	7504	7532
Aug 09 2022	39616	5	5714	12328
Aug 10 2022	40296	5	11243	10558
Aug 11 2022	43706	51	13494	10033
Aug 12 2022	47204	34	12908	9376
Aug 13 2022	49566	31	11888	9495
Aug 14 2022	50762	28	10442	9218
Aug 15 2022	49853	34	7583	8458
Aug 16 2022	41629	5	5513	13732
Aug 17 2022	36004	8	6164	11781
Aug 18 2022	35327	7	10465	11135
Aug 19 2022	47177	92	11942	0
Aug 20 2022	39188	39	10771	18721
Aug 21 2022	41021	28	9487	7626
Aug 22 2022	41028	34	6943	6902
Aug 23 2022	45557	12	4541	0
Aug 24 2022	34071	6	8312	19792
Aug 25 2022	33842	67	9249	9411
Aug 26 2022	42336	32	8526	0
Aug 27 2022	33826	29	7809	16290
Aug 28 2022	33847	30	6951	6900
Aug 29 2022	38643	23	4819	0
Aug 30 2022	26793	10	3451	15291
Aug 31 2022	24692	6	5748	7843
Sep 01 2022	31583	57	6948	0
Sep 02 2022	25319	35	6925	13154
Sep 03 2022	30529	28	5238	0
Sep 04 2022	24435	39	5029	11084
Sep 05 2022	23449	29	3818	4775
Sep 06 2022	19262	6	2478	6659
Sep 07 2022	18723	3	5124	5660
Sep 08 2022	19525	48	5945	5095
Sep 09 2022	24826	25	5326	0
Sep 10 2022	20403	28	4548	8943
Sep 11 2022	20425	27	4006	3957
Sep 12 2022	19511	36	2741	3619
Sep 13 2022	21448	10	1947	0
Sep 14 2022	14625	8	3855	10670
Sep 15 2022	14861	51	4423	4136
Sep 16 2022	14868	28	3696	3661
Sep 17 2022	14424	14	3185	3615
Sep 18 2022	13265	0	1896	3055
Sep 19 2022	14867	0	1602	0
Sep 20 2022	16248	0	1381	0
Sep 21 2022	8395	43	1888	9698
Sep 22 2022	9816	8	4098	2669
Sep 23 2022	12202	43	4660	2231
Sep 24 2022	14569	29	4335	1939
Sep 25 2022	18605	16	4052	0
Sep 26 2022	16221	23	2787	5148
Sep 27 2022	14870	2	1925	3274
Sep 28 2022	14316	5	4016	4565
Sep 29 2022	18350	49	4083	0
Sep 30 2022	14805	13	3930	7462
Oct 01 2022	15229	24	3616	3168
Oct 02 2022	15242	22	3012	2977
Oct 03 2022	14617	19	2193	2799
Oct 04 2022	12231	8	1761	4139
Oct 05 2022	15574	6	3349	0
Oct 06 2022	12769	35	3795	6565
Oct 07 2022	13605	22	3577	2719
Oct 08 2022	14653	16	3738	2674
Oct 09 2022	15518	19	3428	2544
Oct 10 2022	15117	14	2282	2669
Oct 11 2022	12799	6	1784	4096
Oct 12 2022	11720	5	2359	3433
Oct 13 2022	13545	5	4894	3064
Oct 14 2022	15785	42	5308	3026
Oct 15 2022	17801	15	4970	2939
Oct 16 2022	22051	21	4271	0
Oct 17 2022	19744	15	3423	5715
Oct 18 2022	9164	7	2703	13276
Oct 19 2022	14903	4	5743	0
Oct 20 2022	13073	36	6375	8169
Oct 21 2022	15012	18	5993	4036
Oct 22 2022	16757	22	5989	4222
Oct 23 2022	15351	14	6228	7620
Oct 24 2022	13698	0	3867	5520
Oct 25 2022	11471	28	3219	5418
Oct 26 2022	12595	7	6754	5623
Oct 27 2022	20846	23	8274	0
Oct 28 2022	17648	25	7131	10304
Oct 29 2022	19039	20	6432	5021
Oct 30 2022	24445	25	5431	0
Oct 31 2022	13897	0	3980	14528
Nov 01 2022	10879	0	2587	5605
Nov 02 2022	9170	0	3156	4865
Nov 03 2022	8497	48	3709	4334
Nov 04 2022	16055	12	7570	0
Nov 05 2022	17573	52	8990	7420
Nov 06 2022	20009	24	7704	5244
Nov 07 2022	20108	40	5319	5180
Nov 08 2022	16287	15	4030	7836
Nov 09 2022	16312	2	7523	7496
Nov 10 2022	17722	53	8225	6762
Nov 11 2022	19591	30	7235	5336
Nov 12 2022	20632	30	6604	5533
Nov 13 2022	17480	25	5820	8947
Nov 14 2022	14895	24	3974	6535
Nov 15 2022	12196	13	3116	5802
Nov 16 2022	13167	7	6589	5611
Nov 17 2022	14724	50	6904	5297
Nov 18 2022	16811	28	6457	4342
Nov 19 2022	18577	35	6153	4352
Nov 20 2022	16217	22	5397	7735
Nov 21 2022	13917	24	3636	5912
Nov 22 2022	11116	6	2698	5493
Nov 23 2022	11656	14	5604	5050
Nov 24 2022	12853	57	6106	4852
Nov 25 2022	14462	44	5559	3906
Nov 26 2022	15175	25	4684	3946
Nov 27 2022	13073	20	4343	6425
Nov 28 2022	11150	30	2927	4820
Nov 29 2022	6160	10	2329	7309
Nov 30 2022	9820	5	4876	1211
Dec 01 2022	10916	62	5041	3883
Dec 02 2022	12144	26	4447	3193
Dec 03 2022	12820	33	4027	3318
Dec 04 2022	16314	28	3522	0
Dec 05 2022	9163	16	2257	9392
Dec 06 2022	11076	10	1923	0
Dec 07 2022	8194	8	4198	7072
Dec 08 2022	9160	54	4230	3210
Dec 09 2022	10047	24	3539	2628
Dec 10 2022	9812	25	2342	2552
Dec 11 2022	13085	7	3280	0
Dec 12 2022	15390	30	2335	0
Dec 13 2022	17439	4	2053	0
Dec 14 2022	21725	4	4290	0
Dec 15 2022	13478	42	4359	12564
Dec 16 2022	10653	27	4009	6807
Dec 17 2022	11481	28	3771	2915
Dec 18 2022	10337	25	3459	4578
Dec 19 2022	9300	28	2596	3605
Dec 20 2022	7885	2	2159	3572
Dec 21 2022	8802	8	4278	3353
Dec 22 2022	10360	50	4931	3323
Dec 23 2022	11894	25	4681	3122
Dec 24 2022	13108	24	4422	3184
Dec 25 2022	11700	27	3902	5283
Dec 26 2022	10098	0	2685	4287
Dec 27 2022	8340	32	2041	3767
Dec 28 2022	10109	5	5622	3848
Dec 29 2022	16183	51	6125	0
Dec 30 2022	14886	22	5818	7093
Dec 31 2022	16149	23	5175	3889
Jan 01 2023	13720	28	4351	6752
Jan 02 2023	10914	0	2380	5186
Jan 03 2023	7800	0	1344	4458
Jan 04 2023	6537	43	2483	3703
Jan 05 2023	8144	11	4895	3277
Jan 06 2023	11048	46	5335	2385
Jan 07 2023	12508	30	4419	2929
Jan 08 2023	12191	27	3784	4074
Jan 09 2023	9614	16	2523	5084
Jan 10 2023	7614	8	1993	3985
Jan 11 2023	7808	5	3803	3604
Jan 12 2023	8329	51	3736	3164
Jan 13 2023	9011	29	3289	2578
Jan 14 2023	9567	30	3116	2530
Jan 15 2023	8040	13	2577	4091
Jan 16 2023	6740	32	1850	3118
Jan 17 2023	5455	7	1478	2756
Jan 18 2023	8465	9	3019	0
Jan 19 2023	6503	2	2984	4944
Jan 20 2023	9068	17	2582	0
Jan 21 2023	7366	24	2369	4047
Jan 22 2023	6280	67	2075	3094
Jan 23 2023	5232	16	1377	2409
Jan 24 2023	4359	6	1174	2041
Jan 25 2023	4721	3	2466	2101
Jan 26 2023	5055	38	2216	1844
Jan 27 2023	5411	15	1979	1608
Jan 28 2023	5798	19	2006	1600
Jan 29 2023	5014	27	1638	2395
Jan 30 2023	4268	15	1184	1915
Jan 31 2023	3614	6	1029	1677
Feb 01 2023	3997	4	1994	1607
Feb 02 2023	4428	34	2032	1567
Feb 03 2023	4881	9	1964	1502
Feb 04 2023	5153	16	1686	1398
Feb 05 2023	4515	20	1473	2091
Feb 06 2023	3964	15	1079	1615
Feb 07 2023	3349	4	995	1606
Feb 08 2023	3788	5	1914	1470
Feb 09 2023	1766	22	1823	3823
Feb 10 2023	3506	24	1764	0
Feb 11 2023	4903	20	1600	183
Feb 12 2023	4315	13	1427	2002
Feb 13 2023	3733	15	1072	1639
Feb 14 2023	3253	2	1005	1483
Feb 15 2023	3476	7	1640	1410
Feb 16 2023	3911	18	1771	1318
Feb 17 2023	5698	13	1800	0
Feb 18 2023	7347	14	1663	0
Feb 19 2023	4514	18	1618	4433
Feb 20 2023	5822	17	1325	0
Feb 21 2023	3900	4	1255	3173
Feb 22 2023	4537	3	2225	1585
Feb 23 2023	5257	19	2413	1674
Feb 24 2023	7674	17	2434	0
Feb 25 2023	6521	13	2256	3396
Feb 26 2023	5952	8	2107	2668
Feb 27 2023	5338	10	1606	2210
Feb 28 2023	4705	0	1406	2039
Mar 01 2023	5424	1	2811	2091
Mar 02 2023	6392	20	2951	1963
Mar 03 2023	9240	13	2861	0
Mar 04 2023	12047	12	2819	0
Mar 05 2023	7496	8	2559	7102
Mar 06 2023	6800	17	2031	2710
Mar 07 2023	6427	3	2222	2592
Mar 08 2023	7619	4	3798	2602
Mar 09 2023	8784	19	3906	2722
Mar 10 2023	12480	12	3708	0
Mar 11 2023	10821	16	3785	5428
Mar 12 2023	10472	10	3753	4092
Mar 13 2023	9651	12	2848	3657
Mar 14 2023	8990	7	2772	3426
Mar 15 2023	10179	3	4868	3676
Mar 16 2023	11253	20	4913	3819
Mar 17 2023	12251	12	4545	3535
Mar 18 2023	12596	14	3955	3596
Mar 19 2023	10942	13	3608	5249
Mar 20 2023	9315	15	2419	4031
Mar 21 2023	7869	4	2270	3712
Mar 22 2023	8472	5	4154	3546
Mar 23 2023	8977	27	3769	3237
Mar 24 2023	12352	25	3400	0
Mar 25 2023	9602	14	3024	5760
Mar 26 2023	7828	15	2446	4205
Mar 27 2023	7828	0	0	0
Mar 28 2023	5298	0	3097	5627
Mar 29 2023	5273	0	2499	2524
Mar 30 2023	5381	0	2288	2180
Mar 31 2023	7528	0	2147	0
Apr 01 2023	9304	0	1776	0
Apr 02 2023	4642	0	1564	6226
Apr 03 2023	3689	0	897	1850
Apr 04 2023	4525	0	836	0
Apr 05 2023	3017	0	1485	2993
Apr 06 2023	3276	0	1429	1170
Apr 07 2023	3443	0	1214	1047
Apr 08 2023	3309	0	1012	1146
Apr 09 2023	2436	0	583	1456
Apr 10 2023	2963	0	527	0
Apr 11 2023	3550	0	587	0
Apr 12 2023	4666	0	1116	0
Apr 13 2023	5755	0	1089	0
Apr 14 2023	2609	0	950	4096
Apr 15 2023	2454	0	633	788
Apr 16 2023	1899	0	646	1201
Apr 17 2023	1494	0	368	773
Apr 18 2023	1262	0	365	597
Apr 19 2023	1298	0	602	566
Apr 20 2023	1242	0	505	561
Apr 21 2023	1298	0	484	428
Apr 22 2023	1757	0	459	0
Apr 23 2023	1126	0	348	979
Apr 24 2023	1345	0	219	0
Apr 25 2023	775	0	225	795
Apr 26 2023	807	0	415	383
Apr 27 2023	857	0	392	342
Apr 28 2023	1194	0	337	0
Apr 29 2023	1194	0	0	0
Apr 30 2023	1717	0	523	0
May 01 2023	559	0	118	1276
May 02 2023	429	0	110	240
May 03 2023	374	0	120	175
May 04 2023	402	0	231	203
May 05 2023	499	0	231	134
May 06 2023	543	0	196	152
May 07 2023	524	0	161	180
May 08 2023	400	0	116	240
May 09 2023	369	0	110	141
May 10 2023	548	0	179	0
May 11 2023	395	0	152	305
May 12 2023	526	0	131	0
May 13 2023	374	0	103	255
May 14 2023	301	0	108	181
May 15 2023	374	0	73	0
May 16 2023	217	0	62	219
May 17 2023	252	0	132	97
May 18 2023	291	0	143	104
May 19 2023	419	0	128	0
May 20 2023	304	0	71	186
May 21 2023	247	0	66	123
May 22 2023	187	0	52	112
May 23 2023	155	0	31	63
May 24 2023	169	0	88	74
May 25 2023	181	0	89	77
May 26 2023	215	0	88	54
May 27 2023	210	0	59	64
May 28 2023	179	0	54	85
May 29 2023	144	0	31	66
May 30 2023	121	0	19	42
May 31 2023	105	0	52	68
Jun 01 2023	129	0	60	36
Jun 02 2023	129	0	43	43
Jun 03 2023	145	0	49	33
Jun 04 2023	123	0	38	60
Jun 05 2023	89	0	18	52
Jun 06 2023	76	0	21	34
Jun 07 2023	86	0	42	32
Jun 08 2023	86	0	42	42
Jun 09 2023	86	0	24	24
Jun 10 2023	84	0	25	27
Jun 11 2023	80	0	38	42
Jun 12 2023	67	0	18	31
Jun 13 2023	54	0	13	26
Jun 14 2023	78	0	46	22
Jun 15 2023	97	0	42	23
Jun 16 2023	113	0	40	24
Jun 17 2023	111	0	20	22
Jun 18 2023	92	0	32	51
Jun 19 2023	84	0	20	28
Jun 20 2023	60	0	14	38
Jun 21 2023	70	0	36	26
Jun 22 2023	65	0	22	27
Jun 23 2023	62	0	17	20
Jun 24 2023	62	0	20	20
Jun 25 2023	60	0	30	32
Jun 26 2023	60	0	17	17
Jun 27 2023	63	0	19	16
Jun 28 2023	62	0	18	19
Jun 29 2023	62	0	29	29
Jun 30 2023	63	0	26	25
Jul 01 2023	64	0	19	18
Jul 02 2023	70	0	32	26
Jul 03 2023	45	0	5	30
Jul 04 2023	41	0	11	15
Jul 05 2023	41	0	23	23
Jul 06 2023	46	0	24	19
Jul 07 2023	59	0	29	16
Jul 08 2023	74	0	15	0
Jul 09 2023	55	0	15	34
Jul 10 2023	66	0	11	0
Jul 11 2023	38	0	13	41
Jul 12 2023	59	0	39	18
Jul 13 2023	72	0	25	12
Jul 14 2023	73	0	25	24
Jul 15 2023	70	0	19	22
Jul 16 2023	46	0	14	38
Jul 17 2023	58	0	12	0
Jul 18 2023	42	0	16	32
Jul 19 2023	51	0	29	20
Jul 20 2023	55	0	26	22
Jul 21 2023	74	0	32	13
Jul 22 2023	87	0	34	21
Jul 23 2023	83	0	27	31
Jul 24 2023	72	0	18	29
Jul 25 2023	70	0	21	23
Jul 26 2023	89	0	47	28
Jul 27 2023	89	0	0	0
Jul 28 2023	136	0	102	55
Jul 29 2023	141	0	49	44
Jul 30 2023	126	0	40	55
Jul 31 2023	104	0	22	44
Aug 01 2023	105	0	37	36
Aug 02 2023	116	0	61	50
Aug 03 2023	150	0	78	44
Aug 04 2023	155	0	49	44
Aug 05 2023	169	0	57	43
Aug 06 2023	147	0	49	71
Aug 07 2023	126	0	29	50
Aug 08 2023	113	0	37	50
Aug 09 2023	188	0	75	0
Aug 10 2023	276	0	88	0
Aug 11 2023	359	0	83	0
Aug 12 2023	202	0	67	224
Aug 13 2023	202	0	0	0
Aug 14 2023	202	0	0	0
Aug 15 2023	153	0	139	188
Aug 16 2023	166	0	76	63
Aug 17 2023	144	0	47	69
Aug 18 2023	144	0	0	0
Aug 19 2023	227	0	187	104
Aug 20 2023	227	0	0	0
Aug 21 2023	227	0	0	0
Aug 22 2023	143	0	144	228
Aug 23 2023	143	0	0	0
Aug 24 2023	143	0	0	0
Aug 25 2023	235	0	307	215
Aug 26 2023	255	0	93	73
Aug 27 2023	255	0	0	0
Aug 28 2023	255	0	0	0
Aug 29 2023	255	0	0	0
Aug 30 2023	200	0	316	371
Aug 31 2023	200	0	0	0
Sep 01 2023	260	0	143	83
Sep 02 2023	314	0	54	0
Sep 03 2023	367	0	53	0
Sep 04 2023	420	0	53	0
Sep 05 2023	473	0	53	0
Sep 06 2023	526	0	53	0
Sep 07 2023	88	0	53	491
Sep 08 2023	170	0	82	0
Sep 09 2023	252	0	82	0
Sep 10 2023	334	0	82	0
Sep 11 2023	416	0	82	0
Sep 12 2023	498	0	82	0
Sep 13 2023	580	0	82	0
Sep 14 2023	661	0	81	0
Sep 15 2023	93	0	81	649
Sep 16 2023	304	0	211	0
Sep 17 2023	514	0	210	0
Sep 18 2023	724	0	210	0
Sep 19 2023	934	0	210	0
Sep 20 2023	1144	0	210	0
Sep 21 2023	1354	0	210	0
Sep 22 2023	774	0	210	790
Sep 23 2023	984	0	210	0
Sep 24 2023	1194	0	210	0
Sep 25 2023	1452	0	258	0
Sep 26 2023	1710	0	258	0
Sep 27 2023	1968	0	258	0
Sep 28 2023	2226	0	258	0
Sep 29 2023	2483	0	257	0
Sep 30 2023	2740	0	257	0
Oct 01 2023	2133	0	257	864
Oct 02 2023	2431	0	298	0
Oct 03 2023	2729	0	298	0
Oct 04 2023	3027	0	298	0
Oct 05 2023	3325	0	298	0
Oct 06 2023	3622	0	297	0
Oct 07 2023	2565	0	297	1354
Oct 08 2023	2862	0	297	0
Oct 09 2023	3299	0	437	0
Oct 10 2023	3736	0	437	0
Oct 11 2023	4172	0	436	0
Oct 12 2023	4608	0	436	0
Oct 13 2023	5044	0	436	0
Oct 14 2023	3706	0	436	1774
Oct 15 2023	4142	0	436	0
Oct 16 2023	4633	0	491	0
Oct 17 2023	5124	0	491	0
Oct 18 2023	5615	0	491	0
Oct 19 2023	6105	0	490	0
Oct 20 2023	6595	0	490	0
Oct 21 2023	4994	0	490	2091
Oct 22 2023	5484	0	490	0
Oct 23 2023	5984	0	500	0
Oct 24 2023	6484	0	500	0
Oct 25 2023	6984	0	500	0
Oct 26 2023	7484	0	500	0
Oct 27 2023	7984	0	500	0
Oct 28 2023	5532	0	500	2952
Oct 29 2023	2614	0	500	3418
Oct 30 2023	3198	0	584	0
Oct 31 2023	3782	0	584	0
Nov 01 2023	4366	0	584	0
Nov 02 2023	4950	0	584	0
Nov 03 2023	5534	0	584	0
Nov 04 2023	6118	0	584	0
Nov 05 2023	6701	0	583	0
Nov 06 2023	7253	0	552	0
Nov 07 2023	7805	0	552	0
Nov 08 2023	8357	0	552	0
Nov 09 2023	8908	0	551	0
Nov 10 2023	9459	0	551	0
Nov 11 2023	10010	0	551	0
Nov 12 2023	7022	0	551	3539
Nov 13 2023	-444	0	540	8006
Nov 14 2023	96	0	540	0
Nov 15 2023	636	0	540	0
Nov 16 2023	1175	0	539	0
Nov 17 2023	1714	0	539	0
Nov 18 2023	2253	0	539	0
Nov 19 2023	2792	0	539	0
Nov 20 2023	3244	0	452	0
Nov 21 2023	3696	0	452	0
Nov 22 2023	4148	0	452	0
Nov 23 2023	4600	0	452	0
Nov 24 2023	5052	0	452	0
Nov 25 2023	5503	0	451	0
Nov 26 2023	5954	0	451	0
Nov 27 2023	6266	0	312	0
Nov 28 2023	6578	0	312	0
Nov 29 2023	6889	0	311	0
Nov 30 2023	7200	0	311	0
Dec 01 2023	7511	0	311	0
Dec 02 2023	7822	0	311	0
Dec 03 2023	8133	0	311	0
Dec 04 2023	8133	0	0	0
Dec 05 2023	8133	0	0	0
Dec 06 2023	8133	0	0	0
Dec 07 2023	8133	0	0	0
Dec 08 2023	8133	0	0	0
Dec 09 2023	8133	0	0	0
Dec 10 2023	8133	0	0	0
Dec 11 2023	9822	0	1689	0
Dec 12 2023	9822	0	0	0
Dec 13 2023	9822	0	0	0
Dec 14 2023	9822	0	0	0
Dec 15 2023	9822	0	0	0
Dec 16 2023	9822	0	0	0
Dec 17 2023	9822	0	0	0
Dec 18 2023	11788	0	1966	0
Dec 19 2023	11788	0	0	0
Dec 20 2023	11788	0	0	0
Dec 21 2023	11788	0	0	0
Dec 22 2023	11788	0	0	0
Dec 23 2023	11788	0	0	0
Dec 24 2023	13909	0	2121	0
Dec 25 2023	13909	0	0	0
Dec 26 2023	13909	0	0	0
Dec 27 2023	13909	0	0	0
Dec 28 2023	13909	0	0	0
Dec 29 2023	13909	0	0	0
Dec 30 2023	13909	0	0	0
Dec 31 2023	13909	0	0	0
Jan 01 2024	13909	0	0	0
Jan 02 2024	13909	0	0	0
Jan 03 2024	13909	0	0	0
Jan 04 2024	13909	0	0	0
Jan 05 2024	13909	0	0	0
Jan 06 2024	16387	0	2478	0
Jan 07 2024	16387	0	0	0
Jan 08 2024	16387	0	0	0
Jan 09 2024	18798	0	2411	0
Jan 10 2024	18798	0	0	0
Jan 11 2024	18798	0	0	0
Jan 12 2024	21615	0	2817	0
Jan 13 2024	21615	0	0	0
Jan 14 2024	21615	0	0	0
Jan 15 2024	21615	0	0	0
Jan 16 2024	21615	0	0	0
Jan 17 2024	21615	0	0	0
Jan 18 2024	21615	0	0	0
Jan 19 2024	21615	0	0	0
Jan 20 2024	21615	0	0	0
Jan 21 2024	21615	0	0	0
Jan 22 2024	21615	0	0	0
Jan 23 2024	21615	0	0	0
Jan 24 2024	21615	0	0	0
Jan 25 2024	21615	0	0	0
Jan 26 2024	25051	0	3436	0
Jan 27 2024	25051	0	0	0
Jan 28 2024	29033	0	3982	0
Jan 29 2024	29033	0	0	0
Jan 30 2024	29033	0	0	0
Jan 31 2024	29033	0	0	0
Feb 01 2024	29033	0	0	0
Feb 02 2024	29033	0	0	0
Feb 03 2024	29033	0	0	0
Feb 04 2024	33890	0	4857	0
Feb 05 2024	33890	0	0	0
Feb 06 2024	33890	0	0	0
Feb 07 2024	33890	0	0	0
Feb 08 2024	33890	0	0	0
Feb 09 2024	33890	0	0	0
Feb 10 2024	33890	0	0	0
Feb 11 2024	39356	0	5466	0
Feb 12 2024	39356	0	0	0
Feb 13 2024	39356	0	0	0
Feb 14 2024	39356	0	0	0
Feb 15 2024	39356	0	0	0
Feb 16 2024	39356	0	0	0
Feb 17 2024	46017	0	6661	0
Feb 18 2024	46017	0	0	0
Feb 19 2024	46017	0	0	0
Feb 20 2024	46017	0	0	0
Feb 21 2024	46017	0	0	0
Feb 22 2024	46017	0	0	0
Feb 23 2024	46017	0	0	0
Feb 24 2024	46017	0	0	0
Feb 25 2024	52814	0	6797	0
Feb 26 2024	52814	0	0	0
Feb 27 2024	52814	0	0	0
Feb 28 2024	52814	0	0	0
Feb 29 2024	52814	0	0	0
Mar 01 2024	52814	0	0	0
Mar 02 2024	52814	0	0	0
Mar 03 2024	52814	0	0	0
Mar 04 2024	52814	0	0	0
Mar 05 2024	52814	0	0	0
Mar 06 2024	52814	0	0	0
Mar 07 2024	52814	0	0	0
Mar 08 2024	52814	0	0	0
Mar 09 2024	52814	0	0	0
Mar 10 2024	52814	0	0	0
Mar 11 2024	52814	0	0	0
Mar 12 2024	52814	0	0	0
Mar 13 2024	59652	0	6838	0
Mar 14 2024	59652	0	0	0
Mar 15 2024	59652	0	0	0
Mar 16 2024	59652	0	0	0
Mar 17 2024	59652	0	0	0
Mar 18 2024	59652	0	0	0
Mar 19 2024	59652	0	0	0
Mar 20 2024	59652	0	0	0
Mar 21 2024	59652	0	0	0
Mar 22 2024	59652	0	0	0
Mar 23 2024	59652	0	0	0
Mar 24 2024	59652	0	0	0
Mar 25 2024	59652	0	0	0
Mar 26 2024	59652	0	0	0
Mar 27 2024	59652	0	0	0
Mar 28 2024	59652	0	0	0
Mar 29 2024	59652	0	0	0
Mar 30 2024	59652	0	0	0
Mar 31 2024	59652	0	0	0
Apr 01 2024	64566	0	4914	0
Apr 02 2024	64566	0	0	0
Apr 03 2024	66691	0	2125	0
Apr 04 2024	66691	0	0	0
Apr 05 2024	66691	0	0	0
Apr 06 2024	66691	0	0	0
