Date	Active Cases	Daily Death	New cases	Recoverd Cases
Feb 15 2020	0	0	0	0
Feb 16 2020	0	0	0	0
Feb 17 2020	0	0	0	0
Feb 18 2020	0	0	0	0
Feb 19 2020	0	0	0	0
Feb 20 2020	0	0	0	0
Feb 21 2020	0	0	0	0
Feb 22 2020	0	0	0	0
Feb 23 2020	0	0	0	0
Feb 24 2020	0	0	0	0
Feb 25 2020	0	0	0	0
Feb 26 2020	0	0	0	0
Feb 27 2020	0	0	0	0
Feb 28 2020	0	0	0	0
Feb 29 2020	0	0	0	0
Mar 01 2020	0	0	0	0
Mar 02 2020	0	0	0	0
Mar 03 2020	0	0	0	0
Mar 04 2020	0	0	0	0
Mar 05 2020	0	0	0	0
Mar 06 2020	0	0	0	0
Mar 07 2020	0	0	0	0
Mar 08 2020	0	0	0	0
Mar 09 2020	0	0	0	0
Mar 10 2020	0	0	0	0
Mar 11 2020	0	0	0	0
Mar 12 2020	0	0	0	0
Mar 13 2020	0	0	0	0
Mar 14 2020	0	0	0	0
Mar 15 2020	0	0	0	0
Mar 16 2020	0	0	0	0
Mar 17 2020	0	0	0	0
Mar 18 2020	0	0	0	0
Mar 19 2020	0	0	0	0
Mar 20 2020	0	0	0	0
Mar 21 2020	0	0	2	0
Mar 22 2020	0	0	0	0
Mar 23 2020	0	0	4	0
Mar 24 2020	0	0	2	0
Mar 25 2020	0	0	4	0
Mar 26 2020	0	0	0	0
Mar 27 2020	0	0	1	0
Mar 28 2020	0	0	0	0
Mar 29 2020	0	0	0	0
Mar 30 2020	0	0	0	0
Mar 31 2020	0	0	1	0
Apr 01 2020	0	0	0	0
Apr 02 2020	0	0	2	0
Apr 03 2020	0	0	0	0
Apr 04 2020	0	0	-1	0
Apr 05 2020	0	0	1	0
Apr 06 2020	0	0	0	0
Apr 07 2020	0	0	0	0
Apr 08 2020	0	0	0	0
Apr 09 2020	0	0	0	0
Apr 10 2020	0	0	0	0
Apr 11 2020	0	0	0	0
Apr 12 2020	0	0	0	0
Apr 13 2020	0	0	0	0
Apr 14 2020	0	0	0	0
Apr 15 2020	0	0	0	0
Apr 16 2020	0	0	0	0
Apr 17 2020	0	0	0	0
Apr 18 2020	0	0	0	0
Apr 19 2020	0	0	0	0
Apr 20 2020	0	0	0	0
Apr 21 2020	0	0	0	0
Apr 22 2020	0	0	0	0
Apr 23 2020	0	0	0	0
Apr 24 2020	0	0	0	0
Apr 25 2020	0	0	0	0
Apr 26 2020	0	0	0	0
Apr 27 2020	0	0	0	0
Apr 28 2020	0	0	0	0
Apr 29 2020	0	0	0	0
Apr 30 2020	0	0	0	0
May 01 2020	0	0	0	0
May 02 2020	0	0	0	0
May 03 2020	0	0	0	0
May 04 2020	0	0	0	0
May 05 2020	0	0	0	0
May 06 2020	0	0	0	0
May 07 2020	0	0	0	0
May 08 2020	0	0	0	0
May 09 2020	0	0	0	0
May 10 2020	0	0	0	0
May 11 2020	0	0	0	0
May 12 2020	0	0	0	0
May 13 2020	0	0	0	0
May 14 2020	0	0	0	0
May 15 2020	0	0	0	0
May 16 2020	0	0	0	0
May 17 2020	0	0	0	0
May 18 2020	0	0	0	0
May 19 2020	0	0	0	0
May 20 2020	0	0	0	0
May 21 2020	0	0	0	0
May 22 2020	0	0	0	0
May 23 2020	0	0	0	0
May 24 2020	0	0	0	0
May 25 2020	0	0	0	0
May 26 2020	0	0	0	0
May 27 2020	0	0	0	0
May 28 2020	0	0	1	0
May 29 2020	0	0	0	0
May 30 2020	0	0	0	0
May 31 2020	0	0	0	0
Jun 01 2020	0	0	1	0
Jun 02 2020	0	0	0	0
Jun 03 2020	0	0	0	0
Jun 04 2020	0	0	0	0
Jun 05 2020	0	0	0	0
Jun 06 2020	0	0	0	0
Jun 07 2020	0	0	0	0
Jun 08 2020	0	0	0	0
Jun 09 2020	0	0	1	0
Jun 10 2020	0	0	0	0
Jun 11 2020	0	0	0	0
Jun 12 2020	0	0	0	0
Jun 13 2020	0	0	0	0
Jun 14 2020	0	0	0	0
Jun 15 2020	0	0	0	0
Jun 16 2020	0	0	0	0
Jun 17 2020	0	0	0	0
Jun 18 2020	0	0	0	0
Jun 19 2020	0	0	0	0
Jun 20 2020	0	0	0	0
Jun 21 2020	0	0	0	0
Jun 22 2020	0	0	0	0
Jun 23 2020	0	0	0	0
Jun 24 2020	0	0	0	0
Jun 25 2020	0	0	0	0
Jun 26 2020	0	0	0	0
Jun 27 2020	0	0	0	0
Jun 28 2020	0	0	0	0
Jun 29 2020	0	0	0	0
Jun 30 2020	0	0	0	0
Jul 01 2020	0	0	0	0
Jul 02 2020	0	0	0	0
Jul 03 2020	0	0	0	0
Jul 04 2020	0	0	0	0
Jul 05 2020	0	0	0	0
Jul 06 2020	0	0	0	0
Jul 07 2020	0	0	0	0
Jul 08 2020	0	0	0	0
Jul 09 2020	0	0	0	0
Jul 10 2020	0	0	0	0
Jul 11 2020	0	0	0	0
Jul 12 2020	0	0	0	0
Jul 13 2020	0	0	0	0
Jul 14 2020	0	0	0	0
Jul 15 2020	0	0	1	0
Jul 16 2020	0	0	0	0
Jul 17 2020	0	0	0	0
Jul 18 2020	0	0	0	0
Jul 19 2020	0	0	0	0
Jul 20 2020	0	0	0	0
Jul 21 2020	0	0	0	0
Jul 22 2020	0	0	0	0
Jul 23 2020	0	0	0	0
Jul 24 2020	0	0	0	0
Jul 25 2020	0	0	0	0
Jul 26 2020	0	0	0	0
Jul 27 2020	0	0	0	0
Jul 28 2020	0	0	0	0
Jul 29 2020	0	0	0	0
Jul 30 2020	0	0	0	0
Jul 31 2020	0	0	0	0
Aug 01 2020	0	0	0	0
Aug 02 2020	0	0	0	0
Aug 03 2020	0	0	0	0
Aug 04 2020	0	0	0	0
Aug 05 2020	0	0	0	0
Aug 06 2020	0	0	0	0
Aug 07 2020	0	0	0	0
Aug 08 2020	0	0	1	0
Aug 09 2020	0	0	0	0
Aug 10 2020	0	0	0	0
Aug 11 2020	0	0	0	0
Aug 12 2020	0	0	0	0
Aug 13 2020	0	0	0	0
Aug 14 2020	0	0	0	0
Aug 15 2020	0	0	0	0
Aug 16 2020	0	0	0	0
Aug 17 2020	0	0	0	0
Aug 18 2020	0	0	0	0
Aug 19 2020	0	0	0	0
Aug 20 2020	0	0	0	0
Aug 21 2020	0	0	0	0
Aug 22 2020	0	0	0	0
Aug 23 2020	0	0	0	0
Aug 24 2020	0	0	0	0
Aug 25 2020	0	0	0	0
Aug 26 2020	0	0	0	0
Aug 27 2020	0	0	0	0
Aug 28 2020	0	0	0	0
Aug 29 2020	0	0	0	0
Aug 30 2020	0	0	0	0
Aug 31 2020	0	0	0	0
Sep 01 2020	0	0	0	0
Sep 02 2020	0	0	0	0
Sep 03 2020	0	0	3	0
Sep 04 2020	0	0	0	0
Sep 05 2020	0	0	0	0
Sep 06 2020	0	0	0	0
Sep 07 2020	0	0	0	0
Sep 08 2020	0	0	0	0
Sep 09 2020	0	0	0	0
Sep 10 2020	0	0	0	0
Sep 11 2020	0	0	0	0
Sep 12 2020	0	0	0	0
Sep 13 2020	0	0	0	0
Sep 14 2020	0	0	0	0
Sep 15 2020	0	0	0	0
Sep 16 2020	0	0	0	0
Sep 17 2020	0	0	0	0
Sep 18 2020	0	0	0	0
Sep 19 2020	0	0	0	0
Sep 20 2020	0	0	0	0
Sep 21 2020	0	0	0	0
Sep 22 2020	0	0	0	0
Sep 23 2020	0	0	0	0
Sep 24 2020	0	0	0	0
Sep 25 2020	0	0	0	0
Sep 26 2020	0	0	1	0
Sep 27 2020	0	0	0	0
Sep 28 2020	0	0	0	0
Sep 29 2020	0	0	0	0
Sep 30 2020	0	0	0	0
Oct 01 2020	0	0	0	0
Oct 02 2020	0	0	0	0
Oct 03 2020	0	0	0	0
Oct 04 2020	0	0	0	0
Oct 05 2020	0	0	0	0
Oct 06 2020	0	0	0	0
Oct 07 2020	0	0	0	0
Oct 08 2020	0	0	0	0
Oct 09 2020	0	0	0	0
Oct 10 2020	0	0	0	0
Oct 11 2020	0	0	0	0
Oct 12 2020	0	0	0	0
Oct 13 2020	0	0	0	0
Oct 14 2020	0	0	0	0
Oct 15 2020	0	0	0	0
Oct 16 2020	0	0	0	0
Oct 17 2020	0	0	0	0
Oct 18 2020	0	0	0	0
Oct 19 2020	0	0	0	0
Oct 20 2020	0	0	0	0
Oct 21 2020	0	0	0	0
Oct 22 2020	0	0	0	0
Oct 23 2020	0	0	0	0
Oct 24 2020	0	0	0	0
Oct 25 2020	0	0	0	0
Oct 26 2020	0	0	0	0
Oct 27 2020	0	0	0	0
Oct 28 2020	0	0	0	0
Oct 29 2020	0	0	0	0
Oct 30 2020	0	0	1	0
Oct 31 2020	0	0	0	0
Nov 01 2020	0	0	0	0
Nov 02 2020	0	0	0	0
Nov 03 2020	0	0	0	0
Nov 04 2020	0	0	0	0
Nov 05 2020	0	0	1	0
Nov 06 2020	0	0	0	0
Nov 07 2020	0	0	0	0
Nov 08 2020	0	0	0	0
Nov 09 2020	0	0	0	0
Nov 10 2020	0	0	0	0
Nov 11 2020	0	0	0	0
Nov 12 2020	0	0	1	0
Nov 13 2020	0	0	0	0
Nov 14 2020	0	0	0	0
Nov 15 2020	0	0	0	0
Nov 16 2020	0	0	0	0
Nov 17 2020	0	0	0	0
Nov 18 2020	0	0	0	0
Nov 19 2020	0	0	0	0
Nov 20 2020	0	0	0	0
Nov 21 2020	0	0	2	0
Nov 22 2020	0	0	0	0
Nov 23 2020	0	0	0	0
Nov 24 2020	0	0	0	0
Nov 25 2020	0	0	0	0
Nov 26 2020	0	0	0	0
Nov 27 2020	0	0	0	0
Nov 28 2020	0	0	0	0
Nov 29 2020	0	0	0	0
Nov 30 2020	0	0	1	0
Dec 01 2020	0	0	0	0
Dec 02 2020	0	0	0	0
Dec 03 2020	0	0	1	0
Dec 04 2020	0	0	1	0
Dec 05 2020	0	0	0	0
Dec 06 2020	0	0	0	0
Dec 07 2020	0	0	0	0
Dec 08 2020	0	0	1	0
Dec 09 2020	0	0	0	0
Dec 10 2020	0	0	0	0
Dec 11 2020	0	0	0	0
Dec 12 2020	0	0	0	0
Dec 13 2020	0	0	0	0
Dec 14 2020	0	0	0	0
Dec 15 2020	0	0	0	0
Dec 16 2020	0	0	1	0
Dec 17 2020	0	0	0	0
Dec 18 2020	0	0	0	0
Dec 19 2020	0	0	0	0
Dec 20 2020	0	0	0	0
Dec 21 2020	0	0	0	0
Dec 22 2020	0	0	1	0
Dec 23 2020	0	0	0	0
Dec 24 2020	0	0	0	0
Dec 25 2020	0	0	0	0
Dec 26 2020	0	0	0	0
Dec 27 2020	0	0	0	0
Dec 28 2020	0	0	0	0
Dec 29 2020	0	0	0	0
Dec 30 2020	0	0	0	0
Dec 31 2020	0	0	0	0
Jan 01 2021	0	0	0	0
Jan 02 2021	0	0	0	0
Jan 03 2021	0	0	2	0
Jan 04 2021	0	0	0	0
Jan 05 2021	0	0	0	0
Jan 06 2021	0	0	0	0
Jan 07 2021	0	0	0	0
Jan 08 2021	0	0	0	0
Jan 09 2021	0	0	0	0
Jan 10 2021	0	0	0	0
Jan 11 2021	0	0	0	0
Jan 12 2021	0	0	0	0
Jan 13 2021	0	0	0	0
Jan 14 2021	0	0	0	0
Jan 15 2021	0	0	1	0
Jan 16 2021	0	0	3	0
Jan 17 2021	0	0	0	0
Jan 18 2021	0	0	0	0
Jan 19 2021	0	0	0	0
Jan 20 2021	0	0	0	0
Jan 21 2021	0	0	0	0
Jan 22 2021	0	0	0	0
Jan 23 2021	0	0	0	0
Jan 24 2021	0	0	0	0
Jan 25 2021	0	0	0	0
Jan 26 2021	0	0	0	0
Jan 27 2021	0	0	0	0
Jan 28 2021	0	0	0	0
Jan 29 2021	0	0	3	0
Jan 30 2021	0	0	0	0
Jan 31 2021	0	0	0	0
Feb 01 2021	0	0	0	0
Feb 02 2021	0	0	0	0
Feb 03 2021	0	0	0	0
Feb 04 2021	0	0	0	0
Feb 05 2021	0	0	0	0
Feb 06 2021	0	0	2	0
Feb 07 2021	0	0	0	0
Feb 08 2021	0	0	0	0
Feb 09 2021	0	0	1	0
Feb 10 2021	0	0	0	0
Feb 11 2021	0	0	0	0
Feb 12 2021	0	0	2	0
Feb 13 2021	0	0	0	0
Feb 14 2021	0	0	0	0
Feb 15 2021	0	0	0	0
Feb 16 2021	0	0	0	0
Feb 17 2021	0	0	0	0
Feb 18 2021	0	0	3	0
Feb 19 2021	0	0	0	0
Feb 20 2021	0	0	0	0
Feb 21 2021	0	0	0	0
Feb 22 2021	0	0	0	0
Feb 23 2021	0	0	0	0
Feb 24 2021	0	0	0	0
Feb 25 2021	0	0	2	0
Feb 26 2021	0	0	1	0
Feb 27 2021	0	0	0	0
Feb 28 2021	0	0	0	0
Mar 01 2021	0	0	0	0
Mar 02 2021	0	0	0	0
Mar 03 2021	0	0	0	0
Mar 04 2021	0	0	0	0
Mar 05 2021	0	0	0	0
Mar 06 2021	0	0	0	0
Mar 07 2021	0	0	9	0
Mar 08 2021	0	0	0	0
Mar 09 2021	0	0	3	0
Mar 10 2021	0	0	4	0
Mar 11 2021	0	0	7	0
Mar 12 2021	0	0	7	0
Mar 13 2021	0	0	3	0
Mar 14 2021	0	0	2	0
Mar 15 2021	0	0	0	0
Mar 16 2021	0	0	2	0
Mar 17 2021	0	0	0	0
Mar 18 2021	0	0	1	0
Mar 19 2021	0	0	19	0
Mar 20 2021	0	0	1	0
Mar 21 2021	0	0	0	0
Mar 22 2021	0	0	0	0
Mar 23 2021	0	0	0	0
Mar 24 2021	0	0	0	0
Mar 25 2021	0	0	4	0
Mar 26 2021	0	0	1	0
Mar 27 2021	0	0	0	0
Mar 28 2021	0	0	0	0
Mar 29 2021	0	0	0	0
Mar 30 2021	0	0	0	0
Mar 31 2021	0	0	0	0
Apr 01 2021	0	0	0	0
Apr 02 2021	0	0	0	0
Apr 03 2021	0	0	0	0
Apr 04 2021	0	0	0	0
Apr 05 2021	0	0	0	0
Apr 06 2021	0	0	0	0
Apr 07 2021	0	0	0	0
Apr 08 2021	0	0	0	0
Apr 09 2021	0	0	0	0
Apr 10 2021	0	0	0	0
Apr 11 2021	0	0	0	0
Apr 12 2021	0	0	0	0
Apr 13 2021	0	0	0	0
Apr 14 2021	0	0	0	0
Apr 15 2021	0	0	0	0
Apr 16 2021	0	0	0	0
Apr 17 2021	0	0	2	0
Apr 18 2021	0	0	0	0
Apr 19 2021	0	0	1	0
Apr 20 2021	0	0	0	0
Apr 21 2021	0	0	0	0
Apr 22 2021	0	0	0	0
Apr 23 2021	0	0	0	0
Apr 24 2021	0	0	0	0
Apr 25 2021	0	0	0	0
Apr 26 2021	0	0	0	0
Apr 27 2021	0	0	0	0
Apr 28 2021	0	0	0	0
Apr 29 2021	0	0	0	0
Apr 30 2021	0	0	0	0
May 01 2021	0	0	0	0
May 02 2021	0	0	0	0
May 03 2021	0	0	0	0
May 04 2021	0	0	0	0
May 05 2021	0	0	0	0
May 06 2021	0	0	0	0
May 07 2021	0	0	0	0
May 08 2021	0	0	0	0
May 09 2021	0	0	0	0
May 10 2021	0	0	0	0
May 11 2021	0	0	0	0
May 12 2021	0	0	0	0
May 13 2021	0	0	0	0
May 14 2021	0	0	0	0
May 15 2021	0	0	0	0
May 16 2021	0	0	0	0
May 17 2021	0	0	0	0
May 18 2021	0	0	1	0
May 19 2021	0	0	0	0
May 20 2021	0	0	0	0
May 21 2021	0	0	0	0
May 22 2021	0	0	0	0
May 23 2021	0	0	0	0
May 24 2021	0	0	0	0
May 25 2021	0	0	1	0
May 26 2021	0	0	0	0
May 27 2021	0	0	0	0
May 28 2021	0	0	2	0
May 29 2021	0	0	0	0
May 30 2021	0	0	0	0
May 31 2021	0	0	0	0
Jun 01 2021	0	0	0	0
Jun 02 2021	0	0	0	0
Jun 03 2021	0	0	0	0
Jun 04 2021	0	0	0	0
Jun 05 2021	0	0	0	0
Jun 06 2021	0	0	0	0
Jun 07 2021	0	0	0	0
Jun 08 2021	0	0	0	0
Jun 09 2021	0	0	0	0
Jun 10 2021	0	0	0	0
Jun 11 2021	0	0	0	0
Jun 12 2021	0	0	0	0
Jun 13 2021	0	0	0	0
Jun 14 2021	0	0	0	0
Jun 15 2021	0	0	0	0
Jun 16 2021	0	0	0	0
Jun 17 2021	0	0	0	0
Jun 18 2021	0	0	0	0
Jun 19 2021	0	0	0	0
Jun 20 2021	0	0	1	0
Jun 21 2021	0	0	0	0
Jun 22 2021	0	0	0	0
Jun 23 2021	0	0	0	0
Jun 24 2021	0	0	0	0
Jun 25 2021	0	0	0	0
Jun 26 2021	0	0	0	0
Jun 27 2021	0	0	0	0
Jun 28 2021	0	0	0	0
Jun 29 2021	0	0	0	0
Jun 30 2021	0	0	0	0
Jul 01 2021	0	0	0	0
Jul 02 2021	0	0	0	0
Jul 03 2021	0	0	0	0
Jul 04 2021	0	0	0	0
Jul 05 2021	0	0	0	0
Jul 06 2021	0	0	0	0
Jul 07 2021	0	0	0	0
Jul 08 2021	0	0	0	0
Jul 09 2021	0	0	0	0
Jul 10 2021	0	0	0	0
Jul 11 2021	0	0	0	0
Jul 12 2021	0	0	0	0
Jul 13 2021	0	0	0	0
Jul 14 2021	0	0	0	0
Jul 15 2021	0	0	0	0
Jul 16 2021	0	0	0	0
Jul 17 2021	0	0	0	0
Jul 18 2021	0	0	0	0
Jul 19 2021	0	0	0	0
Jul 20 2021	0	0	0	0
Jul 21 2021	0	0	2	0
Jul 22 2021	0	0	0	0
Jul 23 2021	0	0	0	0
Jul 24 2021	0	0	0	0
Jul 25 2021	0	0	0	0
Jul 26 2021	0	0	0	0
Jul 27 2021	0	0	2	0
Jul 28 2021	0	0	0	0
Jul 29 2021	0	0	0	0
Jul 30 2021	0	0	1	0
Jul 31 2021	0	0	0	0
Aug 01 2021	0	0	0	0
Aug 02 2021	0	0	0	0
Aug 03 2021	0	0	0	0
Aug 04 2021	0	0	0	0
Aug 05 2021	0	0	0	0
Aug 06 2021	0	0	0	0
Aug 07 2021	0	0	0	0
Aug 08 2021	0	0	0	0
Aug 09 2021	0	0	0	0
Aug 10 2021	0	0	0	0
Aug 11 2021	0	0	0	0
Aug 12 2021	0	0	0	0
Aug 13 2021	0	0	0	0
Aug 14 2021	0	0	0	0
Aug 15 2021	0	0	0	0
Aug 16 2021	0	0	0	0
Aug 17 2021	0	0	0	0
Aug 18 2021	0	0	0	0
Aug 19 2021	0	0	0	0
Aug 20 2021	0	0	0	0
Aug 21 2021	0	0	1	0
Aug 22 2021	0	0	0	0
Aug 23 2021	0	0	0	0
Aug 24 2021	0	0	0	0
Aug 25 2021	0	0	0	0
Aug 26 2021	0	0	0	0
Aug 27 2021	0	0	0	0
Aug 28 2021	0	0	1	0
Aug 29 2021	0	0	0	0
Aug 30 2021	0	0	0	0
Aug 31 2021	0	0	0	0
Sep 01 2021	0	0	0	0
Sep 02 2021	0	0	0	0
Sep 03 2021	0	0	0	0
Sep 04 2021	0	0	0	0
Sep 05 2021	0	0	0	0
Sep 06 2021	0	0	0	0
Sep 07 2021	0	0	7	0
Sep 08 2021	0	0	9	0
Sep 09 2021	0	0	50	0
Sep 10 2021	0	0	51	0
Sep 11 2021	0	0	148	0
Sep 12 2021	0	0	300	0
Sep 13 2021	0	0	256	0
Sep 14 2021	0	3	329	0
Sep 15 2021	0	0	62	0
Sep 16 2021	0	3	1112	0
Sep 17 2021	0	7	383	0
Sep 18 2021	0	2	558	0
Sep 19 2021	0	6	130	0
Sep 20 2021	0	3	72	0
Sep 21 2021	0	8	793	0
Sep 22 2021	0	16	331	0
Sep 23 2021	0	8	555	0
Sep 24 2021	0	5	523	0
Sep 25 2021	0	10	154	0
Sep 26 2021	0	11	226	0
Sep 27 2021	0	10	194	0
Sep 28 2021	0	8	459	0
Sep 29 2021	0	13	338	0
Sep 30 2021	0	5	252	0
Oct 01 2021	0	10	191	0
Oct 02 2021	0	13	311	0
Oct 03 2021	0	8	59	0
Oct 04 2021	0	7	153	0
Oct 05 2021	0	8	364	0
Oct 06 2021	0	12	150	0
Oct 07 2021	0	8	204	0
Oct 08 2021	0	6	151	0
Oct 09 2021	0	5	89	0
Oct 10 2021	0	4	66	0
Oct 11 2021	0	1	20	0
Oct 12 2021	0	8	231	0
Oct 13 2021	0	16	248	0
Oct 14 2021	0	1	102	0
Oct 15 2021	0	5	94	0
Oct 16 2021	0	5	72	0
Oct 17 2021	0	5	44	0
Oct 18 2021	0	1	93	0
Oct 19 2021	0	1	93	0
Oct 20 2021	0	2	50	0
Oct 21 2021	0	2	92	0
Oct 22 2021	0	5	83	0
Oct 23 2021	0	0	66	0
Oct 24 2021	0	5	28	0
Oct 25 2021	0	4	71	0
Oct 26 2021	0	0	134	0
Oct 27 2021	0	2	81	0
Oct 28 2021	0	1	80	0
Oct 29 2021	0	0	61	0
Oct 30 2021	0	0	39	0
Oct 31 2021	0	1	20	0
Nov 01 2021	0	1	17	0
Nov 02 2021	0	1	67	0
Nov 03 2021	0	0	77	0
Nov 04 2021	0	0	53	0
Nov 05 2021	0	0	53	0
Nov 06 2021	0	0	59	0
Nov 07 2021	0	1	12	0
Nov 08 2021	0	1	44	0
Nov 09 2021	0	2	54	0
Nov 10 2021	0	0	62	0
Nov 11 2021	0	1	40	0
Nov 12 2021	0	0	27	0
Nov 13 2021	0	0	30	0
Nov 14 2021	0	0	10	0
Nov 15 2021	0	0	47	0
Nov 16 2021	0	1	78	0
Nov 17 2021	0	0	71	0
Nov 18 2021	0	0	30	0
Nov 19 2021	0	0	41	0
Nov 20 2021	0	2	23	0
Nov 21 2021	0	1	8	0
Nov 22 2021	0	0	38	0
Nov 23 2021	0	0	45	0
Nov 24 2021	0	0	38	0
Nov 25 2021	0	0	41	0
Nov 26 2021	0	0	34	0
Nov 27 2021	0	0	32	0
Nov 28 2021	0	0	6	0
Nov 29 2021	0	0	34	0
Nov 30 2021	0	0	20	0
Dec 01 2021	0	0	26	0
Dec 02 2021	0	0	10	0
Dec 03 2021	0	2	21	0
Dec 04 2021	0	0	27	0
Dec 05 2021	0	1	6	0
Dec 06 2021	0	0	24	0
Dec 07 2021	0	0	18	0
Dec 08 2021	0	1	30	0
Dec 09 2021	0	0	22	0
Dec 10 2021	0	0	15	0
Dec 11 2021	0	0	18	0
Dec 12 2021	0	0	3	0
Dec 13 2021	0	0	10	0
Dec 14 2021	0	0	11	0
Dec 15 2021	0	0	21	0
Dec 16 2021	0	0	24	0
Dec 17 2021	0	0	32	0
Dec 18 2021	0	0	25	0
Dec 19 2021	0	0	0	0
Dec 20 2021	0	0	17	0
Dec 21 2021	0	0	15	0
Dec 22 2021	0	0	31	0
Dec 23 2021	0	0	16	0
Dec 24 2021	0	0	0	0
Dec 25 2021	0	0	27	0
Dec 26 2021	0	0	0	0
Dec 27 2021	0	0	38	0
Dec 28 2021	0	1	44	0
Dec 29 2021	0	0	21	0
Dec 30 2021	0	0	51	0
Dec 31 2021	0	0	30	0
Jan 01 2022	0	0	0	0
Jan 02 2022	0	0	0	0
Jan 03 2022	0	0	62	0
Jan 04 2022	0	0	43	0
Jan 05 2022	0	0	51	0
Jan 06 2022	0	0	32	0
Jan 07 2022	0	0	70	0
Jan 08 2022	0	0	0	0
Jan 09 2022	0	0	0	0
Jan 10 2022	0	0	111	0
Jan 11 2022	0	0	86	0
Jan 12 2022	0	0	74	0
Jan 13 2022	0	0	43	0
Jan 14 2022	0	0	172	0
Jan 15 2022	0	0	0	0
Jan 16 2022	0	0	0	0
Jan 17 2022	0	1	293	0
Jan 18 2022	0	0	328	0
Jan 19 2022	0	0	370	0
Jan 20 2022	0	0	327	0
Jan 21 2022	0	0	341	0
Jan 22 2022	0	0	0	0
Jan 23 2022	0	0	0	0
Jan 24 2022	0	0	805	0
Jan 25 2022	0	1	626	0
Jan 26 2022	0	0	586	0
Jan 27 2022	0	0	691	0
Jan 28 2022	0	0	740	0
Jan 29 2022	0	0	0	0
Jan 30 2022	0	0	0	0
Jan 31 2022	0	0	1843	0
Feb 01 2022	0	1	1515	0
Feb 02 2022	0	0	1230	0
Feb 03 2022	0	0	1260	0
Feb 04 2022	0	0	1289	0
Feb 05 2022	0	0	0	0
Feb 06 2022	0	0	0	0
Feb 07 2022	0	0	2848	0
Feb 08 2022	0	0	2353	0
Feb 09 2022	0	0	1914	0
Feb 10 2022	0	0	1101	0
Feb 11 2022	0	0	1047	0
Feb 12 2022	0	0	0	0
Feb 13 2022	0	0	0	0
Feb 14 2022	0	0	3343	0
Feb 15 2022	0	0	1958	0
Feb 16 2022	0	3	1337	0
Feb 17 2022	0	0	1167	0
Feb 18 2022	0	0	1037	0
Feb 19 2022	0	0	0	0
Feb 20 2022	0	0	0	0
Feb 21 2022	0	0	1441	0
Feb 22 2022	0	0	3659	0
Feb 23 2022	0	12	2425	0
Feb 24 2022	0	0	911	0
Feb 25 2022	0	0	686	0
Feb 26 2022	0	0	0	0
Feb 27 2022	0	0	0	0
Feb 28 2022	0	0	1170	0
Mar 01 2022	0	1	679	0
Mar 02 2022	0	1	646	0
Mar 03 2022	0	0	686	0
Mar 04 2022	0	1	645	0
Mar 05 2022	0	0	0	0
Mar 06 2022	0	0	0	0
Mar 07 2022	0	0	1258	0
Mar 08 2022	0	2	642	0
Mar 09 2022	0	0	300	0
Mar 10 2022	0	0	0	0
Mar 11 2022	0	1	224	0
Mar 12 2022	0	0	0	0
Mar 13 2022	0	0	0	0
Mar 14 2022	0	0	165	0
Mar 15 2022	0	0	196	0
Mar 16 2022	0	0	71	0
Mar 17 2022	0	1	106	0
Mar 18 2022	0	0	66	0
Mar 19 2022	0	0	0	0
Mar 20 2022	0	0	14	0
Mar 21 2022	0	1	78	0
Mar 22 2022	0	0	82	0
Mar 23 2022	0	0	49	0
Mar 24 2022	0	3	51	0
Mar 25 2022	0	0	32	0
Mar 26 2022	0	0	0	0
Mar 27 2022	0	0	11	0
Mar 28 2022	0	1	28	0
Mar 29 2022	0	0	35	0
Mar 30 2022	0	0	21	0
Mar 31 2022	0	0	20	0
Apr 01 2022	0	0	12	0
Apr 02 2022	0	0	0	0
Apr 03 2022	0	0	0	0
Apr 04 2022	0	0	33	0
Apr 05 2022	0	1	18	0
Apr 06 2022	0	0	11	0
Apr 07 2022	0	0	2	0
Apr 08 2022	0	0	4	0
Apr 09 2022	0	0	0	0
Apr 10 2022	0	0	0	0
Apr 11 2022	0	0	0	0
Apr 12 2022	0	0	23	0
Apr 13 2022	0	0	0	0
Apr 14 2022	0	0	0	0
Apr 15 2022	0	0	0	0
Apr 16 2022	0	0	0	0
Apr 17 2022	0	0	0	0
Apr 18 2022	0	0	0	0
Apr 19 2022	0	0	36	0
Apr 20 2022	0	0	0	0
Apr 21 2022	0	0	0	0
Apr 22 2022	0	0	0	0
Apr 23 2022	0	0	0	0
Apr 24 2022	0	0	0	0
Apr 25 2022	0	0	0	0
Apr 26 2022	0	0	162	0
Apr 27 2022	0	0	0	0
Apr 28 2022	0	0	0	0
Apr 29 2022	0	0	0	0
Apr 30 2022	0	0	0	0
May 01 2022	0	0	0	0
May 02 2022	0	0	0	0
May 03 2022	0	0	166	0
May 04 2022	0	0	0	0
May 05 2022	0	0	0	0
May 06 2022	0	0	0	0
May 07 2022	0	0	0	0
May 08 2022	0	0	0	0
May 09 2022	0	0	0	0
May 10 2022	0	0	0	0
May 11 2022	0	0	0	0
May 12 2022	0	0	0	0
May 13 2022	0	0	313	0
May 14 2022	0	0	0	0
May 15 2022	0	0	0	0
May 16 2022	0	0	0	0
May 17 2022	0	0	0	0
May 18 2022	0	0	452	0
May 19 2022	0	0	0	0
May 20 2022	0	0	0	0
May 21 2022	0	0	0	0
May 22 2022	0	0	0	0
May 23 2022	0	0	0	0
May 24 2022	0	1	366	0
May 25 2022	0	0	0	0
May 26 2022	0	0	0	0
May 27 2022	0	0	0	0
May 28 2022	0	0	0	0
May 29 2022	0	0	0	0
May 30 2022	0	0	0	0
May 31 2022	0	0	340	0
Jun 01 2022	0	0	0	0
Jun 02 2022	0	0	0	0
Jun 03 2022	0	0	0	0
Jun 04 2022	0	0	0	0
Jun 05 2022	0	0	0	0
Jun 06 2022	0	0	0	0
Jun 07 2022	0	0	267	0
Jun 08 2022	0	0	0	0
Jun 09 2022	0	0	0	0
Jun 10 2022	0	0	0	0
Jun 11 2022	0	0	0	0
Jun 12 2022	0	0	0	0
Jun 13 2022	0	0	0	0
Jun 14 2022	0	0	407	0
Jun 15 2022	0	0	0	0
Jun 16 2022	0	0	0	0
Jun 17 2022	0	0	0	0
Jun 18 2022	0	0	0	0
Jun 19 2022	0	0	0	0
Jun 20 2022	0	0	0	0
Jun 21 2022	0	0	540	0
Jun 22 2022	0	0	0	0
Jun 23 2022	0	0	0	0
Jun 24 2022	0	0	0	0
Jun 25 2022	0	0	0	0
Jun 26 2022	0	0	0	0
Jun 27 2022	0	0	0	0
Jun 28 2022	0	0	787	0
Jun 29 2022	0	0	0	0
Jun 30 2022	0	0	0	0
Jul 01 2022	0	0	0	0
Jul 02 2022	0	0	0	0
Jul 03 2022	0	0	0	0
Jul 04 2022	0	0	0	0
Jul 05 2022	0	0	1080	0
Jul 06 2022	0	0	0	0
Jul 07 2022	0	0	0	0
Jul 08 2022	0	0	0	0
Jul 09 2022	0	0	0	0
Jul 10 2022	0	0	0	0
Jul 11 2022	0	0	0	0
Jul 12 2022	0	1	1335	0
Jul 13 2022	0	0	0	0
Jul 14 2022	0	0	0	0
Jul 15 2022	0	0	0	0
Jul 16 2022	0	0	0	0
Jul 17 2022	0	0	0	0
Jul 18 2022	0	0	0	0
Jul 19 2022	0	0	1384	0
Jul 20 2022	0	0	0	0
Jul 21 2022	0	0	0	0
Jul 22 2022	0	0	0	0
Jul 23 2022	0	0	0	0
Jul 24 2022	0	0	0	0
Jul 25 2022	0	0	0	0
Jul 26 2022	0	0	1303	0
Jul 27 2022	0	0	0	0
Jul 28 2022	0	0	0	0
Jul 29 2022	0	0	0	0
Jul 30 2022	0	0	0	0
Jul 31 2022	0	0	0	0
Aug 01 2022	0	0	0	0
Aug 02 2022	0	0	1559	0
Aug 03 2022	0	0	0	0
Aug 04 2022	0	0	0	0
Aug 05 2022	0	0	0	0
Aug 06 2022	0	0	0	0
Aug 07 2022	0	0	0	0
Aug 08 2022	0	0	0	0
Aug 09 2022	0	0	1361	0
Aug 10 2022	0	0	0	0
Aug 11 2022	0	0	0	0
Aug 12 2022	0	0	0	0
Aug 13 2022	0	0	0	0
Aug 14 2022	0	0	0	0
Aug 15 2022	0	0	0	0
Aug 16 2022	0	0	693	0
Aug 17 2022	0	0	0	0
Aug 18 2022	0	0	0	0
Aug 19 2022	0	0	0	0
Aug 20 2022	0	0	0	0
Aug 21 2022	0	0	0	0
Aug 22 2022	0	0	0	0
Aug 23 2022	0	0	549	0
Aug 24 2022	0	0	0	0
Aug 25 2022	0	0	0	0
Aug 26 2022	0	0	0	0
Aug 27 2022	0	0	0	0
Aug 28 2022	0	0	0	0
Aug 29 2022	0	0	0	0
Aug 30 2022	0	0	313	0
Aug 31 2022	0	0	0	0
Sep 01 2022	0	0	0	0
Sep 02 2022	0	0	0	0
Sep 03 2022	0	0	0	0
Sep 04 2022	0	0	0	0
Sep 05 2022	0	0	0	0
Sep 06 2022	0	0	193	0
Sep 07 2022	0	0	0	0
Sep 08 2022	0	0	0	0
Sep 09 2022	0	0	0	0
Sep 10 2022	0	0	0	0
Sep 11 2022	0	0	0	0
Sep 12 2022	0	0	0	0
Sep 13 2022	0	0	91	0
Sep 14 2022	0	0	0	0
Sep 15 2022	0	0	0	0
Sep 16 2022	0	0	0	0
Sep 17 2022	0	0	0	0
Sep 18 2022	0	0	0	0
Sep 19 2022	0	0	0	0
Sep 20 2022	0	0	39	0
Sep 21 2022	0	0	0	0
Sep 22 2022	0	0	0	0
Sep 23 2022	0	0	0	0
Sep 24 2022	0	0	0	0
Sep 25 2022	0	0	0	0
Sep 26 2022	0	0	0	0
Sep 27 2022	0	0	29	0
Sep 28 2022	0	0	0	0
Sep 29 2022	0	0	0	0
Sep 30 2022	0	0	0	0
Oct 01 2022	0	0	0	0
Oct 02 2022	0	0	0	0
Oct 03 2022	0	0	0	0
Oct 04 2022	0	0	28	0
Oct 05 2022	0	0	0	0
Oct 06 2022	0	0	0	0
Oct 07 2022	0	0	0	0
Oct 08 2022	0	0	0	0
Oct 09 2022	0	0	0	0
Oct 10 2022	0	0	0	0
Oct 11 2022	0	0	35	0
Oct 12 2022	0	0	0	0
Oct 13 2022	0	0	0	0
Oct 14 2022	0	0	0	0
Oct 15 2022	0	0	0	0
Oct 16 2022	0	0	0	0
Oct 17 2022	0	0	0	0
Oct 18 2022	0	0	31	0
Oct 19 2022	0	0	0	0
Oct 20 2022	0	0	0	0
Oct 21 2022	0	0	0	0
Oct 22 2022	0	0	0	0
Oct 23 2022	0	0	0	0
Oct 24 2022	0	0	133	0
Oct 25 2022	0	0	0	0
Oct 26 2022	0	0	0	0
Oct 27 2022	0	0	0	0
Oct 28 2022	0	0	0	0
Oct 29 2022	0	0	0	0
Oct 30 2022	0	0	0	0
Oct 31 2022	0	0	0	0
Nov 01 2022	0	0	29	0
Nov 02 2022	0	0	0	0
Nov 03 2022	0	0	34	0
Nov 04 2022	0	0	0	0
Nov 05 2022	0	0	0	0
Nov 06 2022	0	0	0	0
Nov 07 2022	0	0	0	0
Nov 08 2022	0	0	17	0
Nov 09 2022	0	0	0	0
Nov 10 2022	0	0	0	0
Nov 11 2022	0	0	0	0
Nov 12 2022	0	0	0	0
Nov 13 2022	0	0	0	0
Nov 14 2022	0	0	0	0
Nov 15 2022	0	0	224	0
Nov 16 2022	0	0	0	0
Nov 17 2022	0	0	0	0
Nov 18 2022	0	0	0	0
Nov 19 2022	0	0	0	0
Nov 20 2022	0	0	0	0
Nov 21 2022	0	0	0	0
Nov 22 2022	0	0	502	0
Nov 23 2022	0	0	0	0
Nov 24 2022	0	0	0	0
Nov 25 2022	0	0	0	0
Nov 26 2022	0	0	0	0
Nov 27 2022	0	0	0	0
Nov 28 2022	0	0	0	0
Nov 29 2022	0	0	912	0
Nov 30 2022	0	0	0	0
Dec 01 2022	0	0	0	0
Dec 02 2022	0	0	0	0
Dec 03 2022	0	0	0	0
Dec 04 2022	0	0	0	0
Dec 05 2022	0	0	0	0
Dec 06 2022	0	0	1000	0
Dec 07 2022	0	0	0	0
Dec 08 2022	0	0	0	0
Dec 09 2022	0	0	0	0
Dec 10 2022	0	0	0	0
Dec 11 2022	0	0	0	0
Dec 12 2022	0	0	0	0
Dec 13 2022	0	0	1107	0
Dec 14 2022	0	0	0	0
Dec 15 2022	0	0	0	0
Dec 16 2022	0	0	0	0
Dec 17 2022	0	0	0	0
Dec 18 2022	0	0	0	0
Dec 19 2022	0	0	0	0
Dec 20 2022	0	0	824	0
Dec 21 2022	0	0	0	0
Dec 22 2022	0	0	0	0
Dec 23 2022	0	0	0	0
Dec 24 2022	0	0	0	0
Dec 25 2022	0	0	0	0
Dec 26 2022	0	0	0	0
Dec 27 2022	0	0	0	0
Dec 28 2022	0	0	0	0
Dec 29 2022	0	0	392	0
Dec 30 2022	0	0	0	0
Dec 31 2022	0	0	0	0
Jan 01 2023	0	0	0	0
Jan 02 2023	0	0	0	0
Jan 03 2023	0	0	0	0
Jan 04 2023	0	0	158	0
Jan 05 2023	0	0	0	0
Jan 06 2023	0	0	0	0
Jan 07 2023	0	0	0	0
Jan 08 2023	0	0	0	0
Jan 09 2023	0	0	0	0
Jan 10 2023	0	0	145	0
Jan 11 2023	0	0	0	0
Jan 12 2023	0	0	0	0
Jan 13 2023	0	0	0	0
Jan 14 2023	0	0	0	0
Jan 15 2023	0	0	0	0
Jan 16 2023	0	0	0	0
Jan 17 2023	0	0	62	0
Jan 18 2023	0	0	0	0
Jan 19 2023	0	0	0	0
Jan 20 2023	0	0	0	0
Jan 21 2023	0	0	0	0
Jan 22 2023	0	0	0	0
Jan 23 2023	0	0	0	0
Jan 24 2023	0	0	37	0
Jan 25 2023	0	0	0	0
Jan 26 2023	0	0	0	0
Jan 27 2023	0	0	0	0
Jan 28 2023	0	0	0	0
Jan 29 2023	0	0	0	0
Jan 30 2023	0	0	0	0
Jan 31 2023	0	0	41	0
Feb 01 2023	0	0	0	0
Feb 02 2023	0	0	0	0
Feb 03 2023	0	0	0	0
Feb 04 2023	0	0	0	0
Feb 05 2023	0	0	0	0
Feb 06 2023	0	0	0	0
Feb 07 2023	0	0	0	0
Feb 08 2023	0	0	0	0
Feb 09 2023	0	0	0	0
Feb 10 2023	0	0	0	0
Feb 11 2023	0	0	0	0
Feb 12 2023	0	0	0	0
Feb 13 2023	0	0	0	0
Feb 14 2023	0	0	0	0
Feb 15 2023	0	0	0	0
Feb 16 2023	0	0	0	0
Feb 17 2023	0	0	0	0
Feb 18 2023	0	0	0	0
Feb 19 2023	0	0	0	0
Feb 20 2023	0	0	0	0
Feb 21 2023	0	0	15	0
Feb 22 2023	0	0	0	0
Feb 23 2023	0	0	0	0
Feb 24 2023	0	0	0	0
Feb 25 2023	0	0	0	0
Feb 26 2023	0	0	0	0
Feb 27 2023	0	0	0	0
Feb 28 2023	0	0	6	0
Mar 01 2023	0	0	0	0
Mar 02 2023	0	0	0	0
Mar 03 2023	0	0	0	0
Mar 04 2023	0	0	0	0
Mar 05 2023	0	0	0	0
Mar 06 2023	0	0	0	0
Mar 07 2023	0	0	0	0
Mar 08 2023	0	0	0	0
Mar 09 2023	0	0	0	0
Mar 10 2023	0	0	0	0
Mar 11 2023	0	0	0	0
Mar 12 2023	0	0	0	0
Mar 13 2023	0	0	0	0
Mar 14 2023	0	0	0	0
Mar 15 2023	0	0	14	0
Mar 16 2023	0	0	0	0
Mar 17 2023	0	0	0	0
Mar 18 2023	0	0	0	0
Mar 19 2023	0	0	0	0
Mar 20 2023	0	0	0	0
Mar 21 2023	0	0	0	0
Mar 22 2023	0	0	8	0
Mar 23 2023	0	0	0	0
Mar 24 2023	0	0	0	0
Mar 25 2023	0	0	0	0
Mar 26 2023	0	0	0	0
Mar 27 2023	0	0	0	0
Mar 28 2023	0	0	0	0
Mar 29 2023	0	0	7	0
Mar 30 2023	0	0	0	0
Mar 31 2023	0	0	0	0
Apr 01 2023	0	0	0	0
Apr 02 2023	0	0	0	0
Apr 03 2023	0	0	0	0
Apr 04 2023	0	0	5	0
Apr 05 2023	0	0	0	0
Apr 06 2023	0	0	0	0
Apr 07 2023	0	0	0	0
Apr 08 2023	0	0	0	0
Apr 09 2023	0	0	0	0
Apr 10 2023	0	0	0	0
Apr 11 2023	0	0	1	0
Apr 12 2023	0	0	0	0
Apr 13 2023	0	0	0	0
Apr 14 2023	0	0	0	0
Apr 15 2023	0	0	0	0
Apr 16 2023	0	0	0	0
Apr 17 2023	0	0	0	0
Apr 18 2023	0	0	4	0
Apr 19 2023	0	0	0	0
Apr 20 2023	0	0	0	0
Apr 21 2023	0	0	0	0
Apr 22 2023	0	0	0	0
Apr 23 2023	0	0	0	0
Apr 24 2023	0	0	0	0
Apr 25 2023	0	0	1	0
Apr 26 2023	0	0	0	0
Apr 27 2023	0	0	0	0
Apr 28 2023	0	0	0	0
Apr 29 2023	0	0	0	0
Apr 30 2023	0	0	0	0
May 01 2023	0	0	0	0
May 02 2023	0	0	0	0
May 03 2023	0	0	0	0
May 04 2023	0	0	0	0
May 05 2023	0	0	0	0
May 06 2023	0	0	0	0
May 07 2023	0	0	0	0
May 08 2023	0	0	0	0
May 09 2023	0	0	0	0
May 10 2023	0	0	0	0
May 11 2023	0	0	0	0
May 12 2023	0	0	0	0
May 13 2023	0	0	0	0
May 14 2023	0	0	0	0
May 15 2023	0	0	0	0
May 16 2023	0	0	0	0
May 17 2023	0	0	0	0
May 18 2023	0	0	0	0
May 19 2023	0	0	0	0
May 20 2023	0	0	0	0
May 21 2023	0	0	0	0
May 22 2023	0	0	0	0
May 23 2023	0	0	0	0
May 24 2023	0	0	0	0
May 25 2023	0	0	0	0
May 26 2023	0	0	0	0
May 27 2023	0	0	0	0
May 28 2023	0	0	0	0
May 29 2023	0	0	0	0
May 30 2023	0	0	0	0
May 31 2023	0	0	0	0
Jun 01 2023	0	0	0	0
Jun 02 2023	0	0	0	0
Jun 03 2023	0	0	0	0
Jun 04 2023	0	0	0	0
Jun 05 2023	0	0	0	0
Jun 06 2023	0	0	0	0
Jun 07 2023	0	0	0	0
Jun 08 2023	0	0	0	0
Jun 09 2023	0	0	0	0
Jun 10 2023	0	0	0	0
Jun 11 2023	0	0	0	0
Jun 12 2023	0	0	0	0
Jun 13 2023	0	0	0	0
Jun 14 2023	0	0	0	0
Jun 15 2023	0	0	0	0
Jun 16 2023	0	0	0	0
Jun 17 2023	0	0	0	0
Jun 18 2023	0	0	0	0
Jun 19 2023	0	0	0	0
Jun 20 2023	0	0	0	0
Jun 21 2023	0	0	0	0
Jun 22 2023	0	0	0	0
Jun 23 2023	0	0	0	0
Jun 24 2023	0	0	0	0
Jun 25 2023	0	0	0	0
Jun 26 2023	0	0	0	0
Jun 27 2023	0	0	0	0
Jun 28 2023	0	0	0	0
Jun 29 2023	0	0	0	0
Jun 30 2023	0	0	0	0
Jul 01 2023	0	0	0	0
Jul 02 2023	0	0	0	0
Jul 03 2023	0	0	0	0
Jul 04 2023	0	0	0	0
Jul 05 2023	0	0	0	0
Jul 06 2023	0	0	0	0
Jul 07 2023	0	0	0	0
Jul 08 2023	0	0	0	0
Jul 09 2023	0	0	0	0
Jul 10 2023	0	0	0	0
Jul 11 2023	0	0	0	0
Jul 12 2023	0	0	0	0
Jul 13 2023	0	0	0	0
Jul 14 2023	0	0	0	0
Jul 15 2023	0	0	0	0
Jul 16 2023	0	0	0	0
Jul 17 2023	0	0	0	0
Jul 18 2023	0	0	0	0
Jul 19 2023	0	0	0	0
Jul 20 2023	0	0	0	0
Jul 21 2023	0	0	0	0
Jul 22 2023	0	0	0	0
Jul 23 2023	0	0	0	0
Jul 24 2023	0	0	0	0
Jul 25 2023	0	0	0	0
Jul 26 2023	0	0	0	0
Jul 27 2023	0	0	0	0
Jul 28 2023	0	0	0	0
Jul 29 2023	0	0	0	0
Jul 30 2023	0	0	0	0
Jul 31 2023	0	0	0	0
Aug 01 2023	0	0	0	0
Aug 02 2023	0	0	0	0
Aug 03 2023	0	0	0	0
Aug 04 2023	0	0	0	0
Aug 05 2023	0	0	0	0
Aug 06 2023	0	0	0	0
Aug 07 2023	0	0	0	0
Aug 08 2023	0	0	0	0
Aug 09 2023	0	0	0	0
Aug 10 2023	0	0	0	0
Aug 11 2023	0	0	0	0
Aug 12 2023	0	0	0	0
Aug 13 2023	0	0	0	0
Aug 14 2023	0	0	0	0
Aug 15 2023	0	0	0	0
Aug 16 2023	0	0	0	0
Aug 17 2023	0	0	0	0
Aug 18 2023	0	0	0	0
Aug 19 2023	0	0	0	0
Aug 20 2023	0	0	0	0
Aug 21 2023	0	0	0	0
Aug 22 2023	0	0	0	0
Aug 23 2023	0	0	0	0
Aug 24 2023	0	0	0	0
Aug 25 2023	0	0	0	0
Aug 26 2023	0	0	0	0
Aug 27 2023	0	0	0	0
Aug 28 2023	0	0	0	0
Aug 29 2023	0	0	0	0
Aug 30 2023	0	0	0	0
Aug 31 2023	0	0	0	0
Sep 01 2023	0	0	0	0
Sep 02 2023	0	0	0	0
Sep 03 2023	0	0	0	0
Sep 04 2023	0	0	0	0
Sep 05 2023	0	0	0	0
Sep 06 2023	0	0	0	0
Sep 07 2023	0	0	0	0
Sep 08 2023	0	0	0	0
Sep 09 2023	0	0	0	0
Sep 10 2023	0	0	0	0
Sep 11 2023	0	0	0	0
Sep 12 2023	0	0	0	0
Sep 13 2023	0	0	0	0
Sep 14 2023	0	0	0	0
Sep 15 2023	0	0	0	0
Sep 16 2023	0	0	0	0
Sep 17 2023	0	0	0	0
Sep 18 2023	0	0	0	0
Sep 19 2023	0	0	0	0
Sep 20 2023	0	0	0	0
Sep 21 2023	0	0	0	0
Sep 22 2023	0	0	0	0
Sep 23 2023	0	0	0	0
Sep 24 2023	0	0	0	0
Sep 25 2023	0	0	0	0
Sep 26 2023	0	0	0	0
Sep 27 2023	0	0	0	0
Sep 28 2023	0	0	0	0
Sep 29 2023	0	0	0	0
Sep 30 2023	0	0	0	0
Oct 01 2023	0	0	0	0
Oct 02 2023	0	0	0	0
Oct 03 2023	0	0	0	0
Oct 04 2023	0	0	142	0
Oct 05 2023	0	0	0	0
Oct 06 2023	0	0	0	0
Oct 07 2023	0	0	0	0
Oct 08 2023	0	0	0	0
Oct 09 2023	0	0	0	0
Oct 10 2023	0	0	0	0
Oct 11 2023	0	0	0	0
Oct 12 2023	0	0	0	0
Oct 13 2023	0	0	0	0
Oct 14 2023	0	0	0	0
Oct 15 2023	0	0	0	0
Oct 16 2023	0	0	0	0
Oct 17 2023	0	0	0	0
Oct 18 2023	0	0	0	0
Oct 19 2023	0	0	0	0
Oct 20 2023	0	0	0	0
Oct 21 2023	0	0	0	0
Oct 22 2023	0	0	0	0
Oct 23 2023	0	0	0	0
Oct 24 2023	0	0	0	0
Oct 25 2023	0	0	0	0
Oct 26 2023	0	0	0	0
Oct 27 2023	0	0	0	0
Oct 28 2023	0	0	0	0
Oct 29 2023	0	0	0	0
Oct 30 2023	0	0	0	0
Oct 31 2023	0	0	0	0
Nov 01 2023	0	0	0	0
Nov 02 2023	0	0	0	0
Nov 03 2023	0	0	0	0
Nov 04 2023	0	0	0	0
Nov 05 2023	0	0	0	0
Nov 06 2023	0	0	0	0
Nov 07 2023	0	0	0	0
Nov 08 2023	0	0	0	0
Nov 09 2023	0	0	0	0
Nov 10 2023	0	0	0	0
Nov 11 2023	0	0	0	0
Nov 12 2023	0	0	0	0
Nov 13 2023	0	0	0	0
Nov 14 2023	0	0	0	0
Nov 15 2023	0	0	0	0
Nov 16 2023	0	0	0	0
Nov 17 2023	0	0	0	0
Nov 18 2023	0	0	0	0
Nov 19 2023	0	0	0	0
Nov 20 2023	0	0	0	0
Nov 21 2023	0	0	0	0
Nov 22 2023	0	0	0	0
Nov 23 2023	0	0	0	0
Nov 24 2023	0	0	0	0
Nov 25 2023	0	0	0	0
Nov 26 2023	0	0	0	0
Nov 27 2023	0	0	0	0
Nov 28 2023	0	0	0	0
Nov 29 2023	0	0	0	0
Nov 30 2023	0	0	0	0
Dec 01 2023	0	0	0	0
Dec 02 2023	0	0	0	0
Dec 03 2023	0	0	0	0
Dec 04 2023	0	0	0	0
Dec 05 2023	0	0	0	0
Dec 06 2023	0	0	0	0
Dec 07 2023	0	0	0	0
Dec 08 2023	0	0	0	0
Dec 09 2023	0	0	0	0
Dec 10 2023	0	0	0	0
Dec 11 2023	0	0	0	0
Dec 12 2023	0	0	0	0
Dec 13 2023	0	0	0	0
Dec 14 2023	0	0	0	0
Dec 15 2023	0	0	0	0
Dec 16 2023	0	0	0	0
Dec 17 2023	0	0	0	0
Dec 18 2023	0	0	0	0
Dec 19 2023	0	0	0	0
Dec 20 2023	0	0	0	0
Dec 21 2023	0	0	0	0
Dec 22 2023	0	0	0	0
Dec 23 2023	0	0	0	0
Dec 24 2023	0	0	0	0
Dec 25 2023	0	0	0	0
Dec 26 2023	0	0	0	0
Dec 27 2023	0	0	0	0
Dec 28 2023	0	0	0	0
Dec 29 2023	0	0	0	0
Dec 30 2023	0	0	0	0
Dec 31 2023	0	0	0	0
Jan 01 2024	0	0	0	0
Jan 02 2024	0	0	0	0
Jan 03 2024	0	0	0	0
Jan 04 2024	0	0	0	0
Jan 05 2024	0	0	0	0
Jan 06 2024	0	0	0	0
Jan 07 2024	0	0	0	0
Jan 08 2024	0	0	0	0
Jan 09 2024	0	0	0	0
Jan 10 2024	0	0	0	0
Jan 11 2024	0	0	0	0
Jan 12 2024	0	0	0	0
Jan 13 2024	0	0	0	0
Jan 14 2024	0	0	0	0
Jan 15 2024	0	0	0	0
Jan 16 2024	0	0	0	0
Jan 17 2024	0	0	0	0
Jan 18 2024	0	0	0	0
Jan 19 2024	0	0	0	0
Jan 20 2024	0	0	0	0
Jan 21 2024	0	0	0	0
Jan 22 2024	0	0	0	0
Jan 23 2024	0	0	0	0
Jan 24 2024	0	0	0	0
Jan 25 2024	0	0	0	0
Jan 26 2024	0	0	0	0
Jan 27 2024	0	0	0	0
Jan 28 2024	0	0	0	0
Jan 29 2024	0	0	0	0
Jan 30 2024	0	0	0	0
Jan 31 2024	0	0	0	0
Feb 01 2024	0	0	0	0
Feb 02 2024	0	0	0	0
Feb 03 2024	0	0	0	0
Feb 04 2024	0	0	0	0
Feb 05 2024	0	0	0	0
Feb 06 2024	0	0	0	0
Feb 07 2024	0	0	0	0
Feb 08 2024	0	0	0	0
Feb 09 2024	0	0	0	0
Feb 10 2024	0	0	0	0
Feb 11 2024	0	0	0	0
Feb 12 2024	0	0	0	0
Feb 13 2024	0	0	0	0
Feb 14 2024	0	0	0	0
Feb 15 2024	0	0	0	0
Feb 16 2024	0	0	0	0
Feb 17 2024	0	0	0	0
Feb 18 2024	0	0	0	0
Feb 19 2024	0	0	0	0
Feb 20 2024	0	0	0	0
Feb 21 2024	0	0	0	0
Feb 22 2024	0	0	0	0
Feb 23 2024	0	0	0	0
Feb 24 2024	0	0	0	0
Feb 25 2024	0	0	0	0
Feb 26 2024	0	0	0	0
Feb 27 2024	0	0	0	0
Feb 28 2024	0	0	0	0
Feb 29 2024	0	0	0	0
Mar 01 2024	0	0	0	0
Mar 02 2024	0	0	0	0
Mar 03 2024	0	0	0	0
Mar 04 2024	0	0	0	0
Mar 05 2024	0	0	0	0
Mar 06 2024	0	0	0	0
Mar 07 2024	0	0	0	0
Mar 08 2024	0	0	0	0
Mar 09 2024	0	0	0	0
Mar 10 2024	0	0	0	0
Mar 11 2024	0	0	0	0
Mar 12 2024	0	0	0	0
Mar 13 2024	0	0	0	0
Mar 14 2024	0	0	0	0
Mar 15 2024	0	0	0	0
Mar 16 2024	0	0	0	0
Mar 17 2024	0	0	0	0
Mar 18 2024	0	0	0	0
Mar 19 2024	0	0	0	0
Mar 20 2024	0	0	0	0
Mar 21 2024	0	0	0	0
Mar 22 2024	0	0	0	0
Mar 23 2024	0	0	0	0
Mar 24 2024	0	0	0	0
Mar 25 2024	0	0	0	0
Mar 26 2024	0	0	0	0
Mar 27 2024	0	0	0	0
Mar 28 2024	0	0	0	0
Mar 29 2024	0	0	0	0
Mar 30 2024	0	0	0	0
Mar 31 2024	0	0	0	0
Apr 01 2024	0	0	0	0
Apr 02 2024	0	0	0	0
Apr 03 2024	0	0	0	0
Apr 04 2024	0	0	0	0
Apr 05 2024	0	0	0	0
Apr 06 2024	0	0	0	0
