Date	Active Cases	Daily Death	New cases	Recoverd Cases
Feb 15 2020	12	0	0	0
Feb 16 2020	12	0	0	0
Feb 17 2020	12	0	0	0
Feb 18 2020	12	0	0	0
Feb 19 2020	12	0	0	0
Feb 20 2020	10	0	0	0
Feb 21 2020	29	0	20	0
Feb 22 2020	29	0	0	0
Feb 23 2020	28	0	0	0
Feb 24 2020	48	0	18	0
Feb 25 2020	51	0	4	0
Feb 26 2020	54	0	3	0
Feb 27 2020	54	0	0	0
Feb 28 2020	57	0	3	0
Feb 29 2020	60	1	5	0
Mar 01 2020	65	0	7	0
Mar 02 2020	85	5	25	0
Mar 03 2020	106	3	24	0
Mar 04 2020	138	2	34	0
Mar 05 2020	200	1	63	0
Mar 06 2020	289	3	98	0
Mar 07 2020	401	4	116	0
Mar 08 2020	504	3	106	0
Mar 09 2020	663	4	163	0
Mar 10 2020	949	4	290	0
Mar 11 2020	1248	8	307	0
Mar 12 2020	2367	21	1134	0
Mar 13 2020	3102	5	741	0
Mar 14 2020	3895	11	844	0
Mar 15 2020	4905	17	1039	0
Mar 16 2020	6228	22	1361	0
Mar 17 2020	8645	29	2479	0
Mar 18 2020	12359	48	3765	0
Mar 19 2020	17654	58	5356	0
Mar 20 2020	24121	77	6596	0
Mar 21 2020	29866	69	5862	0
Mar 22 2020	39903	170	10250	0
Mar 23 2020	51101	176	11522	0
Mar 24 2020	63616	266	12923	0
Mar 25 2020	78181	311	14951	0
Mar 26 2020	94915	386	18685	0
Mar 27 2020	113987	534	20364	0
Mar 28 2020	131404	651	20156	0
Mar 29 2020	148243	561	20702	0
Mar 30 2020	169461	855	24020	0
Mar 31 2020	188896	1085	26697	0
Apr 01 2020	210363	1300	27880	0
Apr 02 2020	232470	1207	28790	0
Apr 03 2020	258587	1331	34181	0
Apr 04 2020	284035	1636	33330	0
Apr 05 2020	301360	1514	27188	0
Apr 06 2020	324110	1579	31474	0
Apr 07 2020	348568	2201	34113	0
Apr 08 2020	372321	2274	32953	0
Apr 09 2020	395178	2210	34263	0
Apr 10 2020	418942	2274	34245	0
Apr 11 2020	435911	2166	30755	0
Apr 12 2020	448669	1902	26373	0
Apr 13 2020	460109	1810	27507	0
Apr 14 2020	477282	2530	29801	0
Apr 15 2020	495181	2720	32185	0
Apr 16 2020	504261	2293	30847	0
Apr 17 2020	524769	2653	33892	0
Apr 18 2020	533983	1973	29664	0
Apr 19 2020	543920	1699	26224	0
Apr 20 2020	560008	2023	28763	0
Apr 21 2020	571903	2679	27569	0
Apr 22 2020	592612	2468	31841	0
Apr 23 2020	614093	2422	34632	0
Apr 24 2020	612447	2031	34801	0
Apr 25 2020	628839	2373	35461	0
Apr 26 2020	644556	1356	27724	0
Apr 27 2020	654450	1609	24290	0
Apr 28 2020	669678	2373	27005	0
Apr 29 2020	687025	2248	30435	0
Apr 30 2020	703829	2242	31325	0
May 01 2020	720971	1968	35662	0
May 02 2020	727308	1836	28788	0
May 03 2020	737428	1331	26610	0
May 04 2020	738116	1482	24912	0
May 05 2020	743870	2088	25722	0
May 06 2020	750196	2510	25926	0
May 07 2020	766471	1999	29880	0
May 08 2020	778228	1654	29364	0
May 09 2020	779117	1543	25506	0
May 10 2020	785265	1417	20582	0
May 11 2020	791059	1160	18802	0
May 12 2020	780885	1854	24419	0
May 13 2020	777633	1687	23024	0
May 14 2020	791576	1693	27029	0
May 15 2020	801978	1540	28488	0
May 16 2020	811463	1303	24510	0
May 17 2020	818668	1035	20858	0
May 18 2020	825166	1036	23052	0
May 19 2020	830823	1542	22371	0
May 20 2020	836894	1388	23747	0
May 21 2020	842980	1433	27611	0
May 22 2020	804158	1284	25592	0
May 23 2020	809646	1057	22361	0
May 24 2020	812754	771	20097	0
May 25 2020	809877	763	18586	0
May 26 2020	802422	872	18946	0
May 27 2020	799506	1423	21532	0
May 28 2020	799895	1192	24249	0
May 29 2020	802988	1140	25770	0
May 30 2020	805685	995	24538	0
May 31 2020	751071	760	20986	0
Jun 01 2020	747065	734	18536	0
Jun 02 2020	727945	1119	23985	0
Jun 03 2020	697877	1052	21403	0
Jun 04 2020	693115	1005	23327	0
Jun 05 2020	696318	899	25671	0
Jun 06 2020	699824	730	23265	0
Jun 07 2020	700623	508	20211	0
Jun 08 2020	697855	689	18644	0
Jun 09 2020	695083	940	20494	0
Jun 10 2020	685166	954	22252	0
Jun 11 2020	690367	838	23815	0
Jun 12 2020	682285	772	26610	0
Jun 13 2020	688065	738	26319	0
Jun 14 2020	685711	427	20183	0
Jun 15 2020	682027	509	21340	0
Jun 16 2020	689237	804	27913	0
Jun 17 2020	688115	839	28453	0
Jun 18 2020	698688	660	28880	0
Jun 19 2020	698195	699	35772	0
Jun 20 2020	712507	570	35287	0
Jun 21 2020	724871	368	28435	0
Jun 22 2020	731971	477	32737	0
Jun 23 2020	745470	826	38244	0
Jun 24 2020	756808	808	40431	0
Jun 25 2020	781708	658	43212	0
Jun 26 2020	807749	671	49128	0
Jun 27 2020	834414	564	46631	0
Jun 28 2020	858407	405	42685	0
Jun 29 2020	873625	445	43032	0
Jun 30 2020	895219	696	50689	0
Jul 01 2020	928303	666	55981	0
Jul 02 2020	963523	671	61627	0
Jul 03 2020	1002099	655	62425	0
Jul 04 2020	1035085	441	54047	0
Jul 05 2020	1063033	442	46160	0
Jul 06 2020	1081651	527	51963	0
Jul 07 2020	1116115	1027	60507	0
Jul 08 2020	1157319	973	67222	0
Jul 09 2020	1193774	1022	65943	0
Jul 10 2020	1241595	903	75713	0
Jul 11 2020	1282422	751	65377	0
Jul 12 2020	1321672	590	61500	0
Jul 13 2020	1359374	646	64871	0
Jul 14 2020	1387362	1001	69743	0
Jul 15 2020	1427235	1058	76709	0
Jul 16 2020	1472683	1022	75767	0
Jul 17 2020	1495877	1062	77894	0
Jul 18 2020	1533150	942	67774	0
Jul 19 2020	1575448	624	63625	0
Jul 20 2020	1592960	782	62112	0
Jul 21 2020	1628499	1301	70509	0
Jul 22 2020	1652626	1275	75178	0
Jul 23 2020	1685528	1242	72223	0
Jul 24 2020	1716793	1306	80577	0
Jul 25 2020	1754107	1088	73698	0
Jul 26 2020	1779413	960	55752	0
Jul 27 2020	1793909	1019	58608	0
Jul 28 2020	1812590	1485	68645	0
Jul 29 2020	1835208	1391	69790	0
Jul 30 2020	1858440	1437	69609	0
Jul 31 2020	1886739	1474	74474	0
Aug 01 2020	1909253	1173	62384	0
Aug 02 2020	1935992	730	49437	0
Aug 03 2020	1914842	891	47662	0
Aug 04 2020	1931649	1401	56703	0
Aug 05 2020	1936123	1421	58763	0
Aug 06 2020	1951833	1346	59490	0
Aug 07 2020	1968082	1427	65592	0
Aug 08 2020	1993630	1119	59643	0
Aug 09 2020	2013887	784	48164	0
Aug 10 2020	2006862	741	49363	0
Aug 11 2020	2017953	1389	57114	0
Aug 12 2020	2022544	1450	57980	0
Aug 13 2020	2033460	1352	55185	0
Aug 14 2020	2052379	1225	63330	0
Aug 15 2020	2070734	1116	56645	0
Aug 16 2020	2080799	735	39579	0
Aug 17 2020	2068151	728	41141	0
Aug 18 2020	2067454	1286	45840	0
Aug 19 2020	2066138	1260	47310	0
Aug 20 2020	2066760	1190	46838	0
Aug 21 2020	2075139	1204	53338	0
Aug 22 2020	2087429	1082	46044	0
Aug 23 2020	2092534	700	36593	0
Aug 24 2020	2077348	642	39492	0
Aug 25 2020	2072093	1198	43491	0
Aug 26 2020	2053329	1283	46399	0
Aug 27 2020	2052208	1205	46249	0
Aug 28 2020	2061069	1130	50213	0
Aug 29 2020	2062671	954	45335	0
Aug 30 2020	2069082	631	35241	0
Aug 31 2020	2071089	620	36914	0
Sep 01 2020	2062292	1098	42739	0
Sep 02 2020	2050460	1083	43937	0
Sep 03 2020	2053199	1095	46004	0
Sep 04 2020	2014215	1036	54235	0
Sep 05 2020	2019352	794	45026	0
Sep 06 2020	2022598	603	32462	0
Sep 07 2020	2005827	515	25070	0
Sep 08 2020	1989110	653	29583	0
Sep 09 2020	1970785	1043	37338	0
Sep 10 2020	1963401	989	40350	0
Sep 11 2020	1962081	943	49091	0
Sep 12 2020	1965679	761	43404	0
Sep 13 2020	1965774	581	33078	0
Sep 14 2020	1941758	567	36154	0
Sep 15 2020	1934068	1074	39734	0
Sep 16 2020	1918707	964	42673	0
Sep 17 2020	1921550	870	47286	0
Sep 18 2020	1925544	833	50127	0
Sep 19 2020	1931896	709	45738	0
Sep 20 2020	1932018	444	34414	0
Sep 21 2020	1913812	481	35620	0
Sep 22 2020	1898220	893	37951	0
Sep 23 2020	1884577	965	43890	0
Sep 24 2020	1884796	872	46418	0
Sep 25 2020	1885770	869	52077	0
Sep 26 2020	1879142	712	45231	0
Sep 27 2020	1875783	489	33836	0
Sep 28 2020	1858827	533	37534	0
Sep 29 2020	1857047	877	44480	0
Sep 30 2020	1847462	842	44219	0
Oct 01 2020	1852200	845	47368	0
Oct 02 2020	1855361	836	51979	0
Oct 03 2020	1859485	786	48374	0
Oct 04 2020	1860450	434	36175	0
Oct 05 2020	1850050	564	39728	0
Oct 06 2020	1853938	785	47085	0
Oct 07 2020	1856784	905	51348	0
Oct 08 2020	1867389	879	60155	0
Oct 09 2020	1882618	888	61065	0
Oct 10 2020	1907595	732	56885	0
Oct 11 2020	1909557	467	43989	0
Oct 12 2020	1899984	517	47303	0
Oct 13 2020	1905405	766	55883	0
Oct 14 2020	1912627	907	60232	0
Oct 15 2020	1931140	870	67108	0
Oct 16 2020	1922381	892	72235	0
Oct 17 2020	1947507	755	63480	0
Oct 18 2020	1966050	634	48953	0
Oct 19 2020	1972896	613	56160	0
Oct 20 2020	1994875	897	66236	0
Oct 21 2020	2001939	1170	68975	0
Oct 22 2020	2026795	1048	77494	0
Oct 23 2020	2062060	863	82399	0
Oct 24 2020	2098501	881	82499	0
Oct 25 2020	2124975	570	63423	0
Oct 26 2020	2129716	759	70443	0
Oct 27 2020	2161323	966	80043	0
Oct 28 2020	2186092	1042	86023	0
Oct 29 2020	2224719	1037	94528	0
Oct 30 2020	2279221	1023	103299	0
Oct 31 2020	2324746	1009	92197	0
Nov 01 2020	2362482	752	78072	0
Nov 02 2020	2377054	828	88126	0
Nov 03 2020	2427940	1239	102393	0
Nov 04 2020	2482503	1338	114722	0
Nov 05 2020	2556213	1364	129921	0
Nov 06 2020	2631605	1365	134896	0
Nov 07 2020	2711950	1353	136320	0
Nov 08 2020	2784627	958	113948	0
Nov 09 2020	2825846	1029	121827	0
Nov 10 2020	2922452	1536	154290	0
Nov 11 2020	3017514	1500	152390	0
Nov 12 2020	3099127	1492	166904	0
Nov 13 2020	3211991	1574	186330	0
Nov 14 2020	3307091	1611	166913	0
Nov 15 2020	3402980	1125	150222	0
Nov 16 2020	3466567	1251	155483	0
Nov 17 2020	3561371	1750	173225	0
Nov 18 2020	3656922	2104	177723	0
Nov 19 2020	3765802	2206	199690	0
Nov 20 2020	3881969	2048	204750	0
Nov 21 2020	3974397	1945	185125	0
Nov 22 2020	4060671	1394	152156	0
Nov 23 2020	4122349	1536	168580	0
Nov 24 2020	4209206	2367	187599	0
Nov 25 2020	4181068	2389	186678	0
Nov 26 2020	4279169	1810	167405	0
Nov 27 2020	4326288	1792	158735	0
Nov 28 2020	4371488	1841	152500	0
Nov 29 2020	4439672	1367	152161	0
Nov 30 2020	4469765	1850	163908	0
Dec 01 2020	4529806	2835	188503	0
Dec 02 2020	4598526	2735	213950	0
Dec 03 2020	4701986	2990	227457	0
Dec 04 2020	4817442	2631	240091	0
Dec 05 2020	4909008	2752	220927	0
Dec 06 2020	4995370	1751	183428	0
Dec 07 2020	5036671	2110	192694	0
Dec 08 2020	5119683	3103	218873	0
Dec 09 2020	5190148	3212	227734	0
Dec 10 2020	5281431	3303	232938	0
Dec 11 2020	5318390	3013	248326	0
Dec 12 2020	5407294	2944	230830	0
Dec 13 2020	5482243	1947	194399	0
Dec 14 2020	5502284	2210	202540	0
Dec 15 2020	5536592	3280	209618	0
Dec 16 2020	5598178	3504	255628	0
Dec 17 2020	5672090	3582	240663	0
Dec 18 2020	5776336	3157	251653	0
Dec 19 2020	5826613	2886	210511	0
Dec 20 2020	5903561	2039	191982	0
Dec 21 2020	5883959	2683	201146	0
Dec 22 2020	5919011	3684	207550	0
Dec 23 2020	5960372	3251	233410	0
Dec 24 2020	6007155	3123	215915	0
Dec 25 2020	6070466	2233	165334	0
Dec 26 2020	6077668	1927	167832	0
Dec 27 2020	6089074	1906	148607	0
Dec 28 2020	6035898	2660	187341	0
Dec 29 2020	6053544	3895	209895	0
Dec 30 2020	6092009	3803	233017	0
Dec 31 2020	6163359	3913	252124	0
Jan 01 2021	6279694	2877	237949	0
Jan 02 2021	6327331	2614	242741	0
Jan 03 2021	6407207	2002	204641	0
Jan 04 2021	6283977	2404	203669	0
Jan 05 2021	6348369	3962	243018	0
Jan 06 2021	6414040	3839	268259	0
Jan 07 2021	6508888	4296	281466	0
Jan 08 2021	6645293	3888	311086	0
Jan 09 2021	6761277	3530	265569	0
Jan 10 2021	6834711	2282	227556	0
Jan 11 2021	6811681	2622	222057	0
Jan 12 2021	6852520	4405	232204	0
Jan 13 2021	6901818	3824	240925	0
Jan 14 2021	6925745	4169	231538	0
Jan 15 2021	6997467	3855	248619	0
Jan 16 2021	7044151	3699	213378	0
Jan 17 2021	7071056	2272	182807	0
Jan 18 2021	7030050	2053	154135	0
Jan 19 2021	6947934	3379	176798	0
Jan 20 2021	6912390	4090	189136	0
Jan 21 2021	6905903	4276	197362	0
Jan 22 2021	6907637	3844	198378	0
Jan 23 2021	6918341	3491	177004	0
Jan 24 2021	6909713	2193	146123	0
Jan 25 2021	6812248	2461	151335	0
Jan 26 2021	6775653	3804	155513	0
Jan 27 2021	6717678	4050	159600	0
Jan 28 2021	6657409	3567	168249	0
Jan 29 2021	6613631	3395	167755	0
Jan 30 2021	6547229	3072	149835	0
Jan 31 2021	6498947	2112	115981	0
Feb 01 2021	6364341	2068	128791	0
Feb 02 2021	6283955	3461	116709	0
Feb 03 2021	6196031	3351	119490	0
Feb 04 2021	6090634	3291	124170	0
Feb 05 2021	6040176	3154	134062	0
Feb 06 2021	5960952	2898	110462	0
Feb 07 2021	5891975	1590	94149	0
Feb 08 2021	5780048	1756	89312	0
Feb 09 2021	5672124	3058	97401	0
Feb 10 2021	5525642	2851	98819	0
Feb 11 2021	5454482	2979	106251	0
Feb 12 2021	5376737	2627	102111	0
Feb 13 2021	5293281	2379	88542	0
Feb 14 2021	5199901	1285	66424	0
Feb 15 2021	5060150	1097	54623	0
Feb 16 2021	4949329	1848	61652	0
Feb 17 2021	4856428	2022	71409	0
Feb 18 2021	4742891	2507	68473	0
Feb 19 2021	4654521	2282	83396	0
Feb 20 2021	4539985	1975	72535	0
Feb 21 2021	4443951	1319	58326	0
Feb 22 2021	4314372	1455	58554	0
Feb 23 2021	4217668	2291	72592	0
Feb 24 2021	4128102	2131	76128	0
Feb 25 2021	4028650	2252	76481	0
Feb 26 2021	3950984	2096	81015	0
Feb 27 2021	3859390	1574	66310	0
Feb 28 2021	3784992	1287	54238	0
Mar 01 2021	3692496	1409	54260	0
Mar 02 2021	3614558	1869	57762	0
Mar 03 2021	3533598	2083	67266	0
Mar 04 2021	3474842	1960	67679	0
Mar 05 2021	3416475	1714	69929	0
Mar 06 2021	3338981	1535	60358	0
Mar 07 2021	3275155	866	44869	0
Mar 08 2021	3196500	908	44384	0
Mar 09 2021	3121202	1353	55482	0
Mar 10 2021	3063315	1591	59773	0
Mar 11 2021	3015510	1485	62696	0
Mar 12 2021	2954449	1461	67593	0
Mar 13 2021	2912203	1021	53094	0
Mar 14 2021	2872134	817	44015	0
Mar 15 2021	2808841	844	45029	0
Mar 16 2021	2762105	1126	52872	0
Mar 17 2021	2723979	1264	63173	0
Mar 18 2021	2696313	1339	63709	0
Mar 19 2021	2662099	1153	65798	0
Mar 20 2021	2634478	873	59780	0
Mar 21 2021	2602512	573	47797	0
Mar 22 2021	2548013	699	46078	0
Mar 23 2021	2519882	1032	59624	0
Mar 24 2021	2496048	1276	66875	0
Mar 25 2021	2485600	1167	66648	0
Mar 26 2021	2471777	1106	76513	0
Mar 27 2021	2466206	918	65773	0
Mar 28 2021	2449804	610	55139	0
Mar 29 2021	2422360	658	57171	0
Mar 30 2021	2412479	853	64503	0
Mar 31 2021	2400566	1002	70628	0
Apr 01 2021	2396610	973	76876	0
Apr 02 2021	2397840	930	74763	0
Apr 03 2021	2406416	719	70636	0
Apr 04 2021	2404746	477	50246	0
Apr 05 2021	2381411	546	54417	0
Apr 06 2021	2367869	816	63672	0
Apr 07 2021	2367460	890	74974	0
Apr 08 2021	2375107	969	80614	0
Apr 09 2021	2386617	934	84385	0
Apr 10 2021	2383943	764	73571	0
Apr 11 2021	2385475	460	58940	0
Apr 12 2021	2367661	548	54122	0
Apr 13 2021	2380274	805	78730	0
Apr 14 2021	2388706	902	78622	0
Apr 15 2021	2387694	878	74328	0
Apr 16 2021	2400612	836	81782	0
Apr 17 2021	2410861	695	72916	0
Apr 18 2021	2407676	426	53908	0
Apr 19 2021	2382445	538	50140	0
Apr 20 2021	2380067	825	60996	0
Apr 21 2021	2369983	839	65343	0
Apr 22 2021	2370230	864	66388	0
Apr 23 2021	2373203	762	66476	0
Apr 24 2021	2375163	785	58363	0
Apr 25 2021	2370305	421	44564	0
Apr 26 2021	2341586	499	45955	0
Apr 27 2021	2329903	867	52037	0
Apr 28 2021	2315501	790	56388	0
Apr 29 2021	2307872	873	59118	0
Apr 30 2021	2289698	751	59670	0
May 01 2021	2281323	735	51478	0
May 02 2021	2270225	424	38151	0
May 03 2021	2229047	507	38400	0
May 04 2021	2205602	841	42248	0
May 05 2021	2182566	693	46420	0
May 06 2021	2145276	782	47848	0
May 07 2021	2130191	691	49120	0
May 08 2021	2111809	671	39680	0
May 09 2021	2091114	370	28337	0
May 10 2021	2045306	427	27744	0
May 11 2021	2013143	671	34637	0
May 12 2021	1973482	764	36065	0
May 13 2021	1950994	767	38859	0
May 14 2021	1926688	720	37702	0
May 15 2021	1891043	602	29541	0
May 16 2021	1866627	348	23564	0
May 17 2021	1820117	385	23536	0
May 18 2021	1791731	654	27674	0
May 19 2021	1767059	580	29502	0
May 20 2021	1731761	624	30442	0
May 21 2021	1709912	587	28858	0
May 22 2021	1687401	603	24750	0
May 23 2021	1665382	328	17379	0
May 24 2021	1621577	417	18470	0
May 25 2021	1596204	569	23223	0
May 26 2021	1557698	546	24287	0
May 27 2021	1533753	603	23786	0
May 28 2021	1513794	562	22864	0
May 29 2021	1489041	443	16685	0
May 30 2021	1469148	244	12724	0
May 31 2021	1448420	241	9054	0
Jun 01 2021	1393786	314	12354	0
Jun 02 2021	1360288	482	16155	0
Jun 03 2021	1335105	534	17898	0
Jun 04 2021	1313522	542	18531	0
Jun 05 2021	1294827	486	16324	0
Jun 06 2021	1277934	258	12083	0
Jun 07 2021	1235552	281	14014	0
Jun 08 2021	1199171	418	14349	0
Jun 09 2021	1178581	443	15855	0
Jun 10 2021	1158703	490	16410	0
Jun 11 2021	1138487	392	16175	0
Jun 12 2021	1030734	375	13334	0
Jun 13 2021	1012262	229	9841	0
Jun 14 2021	983911	220	10966	0
Jun 15 2021	964298	353	12865	0
Jun 16 2021	945021	370	14500	0
Jun 17 2021	930513	345	14295	0
Jun 18 2021	909888	359	14091	0
Jun 19 2021	887978	279	11981	0
Jun 20 2021	867308	182	8796	0
Jun 21 2021	842467	270	9963	0
Jun 22 2021	830708	374	13366	0
Jun 23 2021	820215	351	15917	0
Jun 24 2021	812628	403	15894	0
Jun 25 2021	804449	336	16129	0
Jun 26 2021	794674	260	12933	0
Jun 27 2021	787482	177	10278	0
Jun 28 2021	774666	186	12170	0
Jun 29 2021	767273	323	14362	0
Jun 30 2021	767851	291	17957	0
Jul 01 2021	762262	336	18425	0
Jul 02 2021	761070	323	18677	0
Jul 03 2021	761163	204	16681	0
Jul 04 2021	761524	163	13142	0
Jul 05 2021	758692	164	12279	0
Jul 06 2021	755327	283	15026	0
Jul 07 2021	757881	270	22943	0
Jul 08 2021	766945	321	27246	0
Jul 09 2021	779132	327	30054	0
Jul 10 2021	790546	272	25038	0
Jul 11 2021	798916	173	21299	0
Jul 12 2021	799158	255	23535	0
Jul 13 2021	817528	368	34002	0
Jul 14 2021	839890	356	39175	0
Jul 15 2021	865295	377	40534	0
Jul 16 2021	893491	366	44697	0
Jul 17 2021	922780	266	42386	0
Jul 18 2021	947069	213	35635	0
Jul 19 2021	962839	250	36968	0
Jul 20 2021	993861	360	50506	0
Jul 21 2021	1039551	432	63350	0
Jul 22 2021	1086710	431	66519	0
Jul 23 2021	1144060	397	75072	0
Jul 24 2021	1197006	369	67560	0
Jul 25 2021	1242180	283	56548	0
Jul 26 2021	1272940	348	53502	0
Jul 27 2021	1337836	489	85861	0
Jul 28 2021	1408301	564	91193	0
Jul 29 2021	1487245	529	99505	0
Jul 30 2021	1574185	595	110601	0
Jul 31 2021	1653550	542	94231	0
Aug 01 2021	1719648	468	80342	0
Aug 02 2021	1768068	546	79701	0
Aug 03 2021	1845468	821	114982	0
Aug 04 2021	1945630	764	125482	0
Aug 05 2021	2050681	808	132680	0
Aug 06 2021	2160673	874	141256	0
Aug 07 2021	2256719	794	125268	0
Aug 08 2021	2336048	668	102551	0
Aug 09 2021	2389452	672	100483	0
Aug 10 2021	2481843	1116	134702	0
Aug 11 2021	2594345	1050	149734	0
Aug 12 2021	2702377	1195	152514	0
Aug 13 2021	2824918	1262	166304	0
Aug 14 2021	2932630	1054	142985	0
Aug 15 2021	3013994	940	112763	0
Aug 16 2021	3058201	942	112598	0
Aug 17 2021	3148254	1450	151144	0
Aug 18 2021	3251006	1582	166368	0
Aug 19 2021	3368842	1559	172444	0
Aug 20 2021	3493896	1591	187609	0
Aug 21 2021	3596898	1462	155571	0
Aug 22 2021	3683385	1112	124826	0
Aug 23 2021	3717177	1064	120799	0
Aug 24 2021	3811714	1810	160254	0
Aug 25 2021	3919567	2002	185370	0
Aug 26 2021	4036085	1856	182084	0
Aug 27 2021	4164448	1973	199919	0
Aug 28 2021	4263095	1788	168052	0
Aug 29 2021	4339367	1298	135326	0
Aug 30 2021	4368744	1411	135577	0
Aug 31 2021	4446674	2047	171537	0
Sep 01 2021	4499450	2186	192715	0
Sep 02 2021	4592814	2191	188016	0
Sep 03 2021	4695081	2067	193867	0
Sep 04 2021	4751389	1815	156700	0
Sep 05 2021	4807133	1499	136476	0
Sep 06 2021	4813596	1352	127497	0
Sep 07 2021	4829675	1716	119188	0
Sep 08 2021	4835987	2242	161075	0
Sep 09 2021	4900627	2640	175814	0
Sep 10 2021	4964926	2343	183064	0
Sep 11 2021	5017918	1918	162286	0
Sep 12 2021	5057754	1451	133973	0
Sep 13 2021	5024750	1426	113585	0
Sep 14 2021	5031561	2583	153925	0
Sep 15 2021	5058567	2681	170111	0
Sep 16 2021	5102335	2378	162378	0
Sep 17 2021	5130556	2238	165395	0
Sep 18 2021	5142820	1965	133696	0
Sep 19 2021	5136379	1387	100660	0
Sep 20 2021	5055160	1520	98525	0
Sep 21 2021	5031801	2460	132927	0
Sep 22 2021	5019047	2403	137405	0
Sep 23 2021	5016515	2527	135967	0
Sep 24 2021	5014079	2227	137773	0
Sep 25 2021	4998743	1891	111693	0
Sep 26 2021	4957862	1312	87980	0
Sep 27 2021	4876019	1380	88568	0
Sep 28 2021	4825982	2298	111750	0
Sep 29 2021	4788877	2444	125014	0
Sep 30 2021	4772906	2264	125011	0
Oct 01 2021	4746837	2056	124422	0
Oct 02 2021	4663977	1708	99878	0
Oct 03 2021	4619612	1198	76569	0
Oct 04 2021	4512526	1227	77256	0
Oct 05 2021	4454157	2078	104962	0
Oct 06 2021	4418595	2301	112628	0
Oct 07 2021	4389482	2056	110030	0
Oct 08 2021	4339412	2095	109718	0
Oct 09 2021	4287625	1426	84119	0
Oct 10 2021	4239462	1091	70167	0
Oct 11 2021	4142820	1009	64707	0
Oct 12 2021	4052402	1759	91374	0
Oct 13 2021	3993799	1878	100623	0
Oct 14 2021	3951380	1949	98636	0
Oct 15 2021	3903567	1812	96545	0
Oct 16 2021	3858968	1334	74179	0
Oct 17 2021	3803601	1039	56286	0
Oct 18 2021	3703634	1036	60292	0
Oct 19 2021	3616149	1732	79445	0
Oct 20 2021	3557115	1917	83157	0
Oct 21 2021	3521618	1768	87720	0
Oct 22 2021	3460948	1659	85683	0
Oct 23 2021	3411413	1243	68581	0
Oct 24 2021	3355568	807	49917	0
Oct 25 2021	3250394	953	56894	0
Oct 26 2021	3199147	1678	79445	0
Oct 27 2021	3143426	1774	80786	0
Oct 28 2021	3116265	1512	87377	0
Oct 29 2021	3076842	1573	84996	0
Oct 30 2021	3043707	1012	67515	0
Oct 31 2021	3005682	733	51931	0
Nov 01 2021	2936502	887	62444	0
Nov 02 2021	2865193	1330	76549	0
Nov 03 2021	2823188	1556	79644	0
Nov 04 2021	2808263	1337	90926	0
Nov 05 2021	2786299	1374	88200	0
Nov 06 2021	2769485	961	71207	0
Nov 07 2021	2745522	646	58614	0
Nov 08 2021	2672853	853	60231	0
Nov 09 2021	2655111	1476	83633	0
Nov 10 2021	2636430	1582	96145	0
Nov 11 2021	2647171	1196	97124	0
Nov 12 2021	2638439	1138	99176	0
Nov 13 2021	2642319	827	81531	0
Nov 14 2021	2641819	572	65582	0
Nov 15 2021	2615608	725	74035	0
Nov 16 2021	2618298	1416	100215	0
Nov 17 2021	2613113	1430	107327	0
Nov 18 2021	2644539	1393	115816	0
Nov 19 2021	2665002	1238	114230	0
Nov 20 2021	2682443	904	91431	0
Nov 21 2021	2691036	563	66170	0
Nov 22 2021	2658203	765	78180	0
Nov 23 2021	2676401	1488	108729	0
Nov 24 2021	2693181	1575	106647	0
Nov 25 2021	2696007	886	86116	0
Nov 26 2021	2676853	802	72709	0
Nov 27 2021	2656693	629	62862	0
Nov 28 2021	2641396	617	59994	0
Nov 29 2021	2632242	763	80375	0
Nov 30 2021	2644204	1591	123001	0
Dec 01 2021	2677777	1586	134203	0
Dec 02 2021	2738825	1453	150249	0
Dec 03 2021	2793000	1324	151155	0
Dec 04 2021	2839966	937	119819	0
Dec 05 2021	2866698	668	87266	0
Dec 06 2021	2864755	891	98072	0
Dec 07 2021	2906802	1841	127126	0
Dec 08 2021	2937004	1554	131136	0
Dec 09 2021	2983642	1488	137227	0
Dec 10 2021	3025809	1585	143387	0
Dec 11 2021	3062024	1022	118848	0
Dec 12 2021	3088131	794	91807	0
Dec 13 2021	3011936	956	102164	0
Dec 14 2021	3021710	1771	124433	0
Dec 15 2021	3059113	1733	143881	0
Dec 16 2021	3121290	1471	162237	0
Dec 17 2021	3190975	1757	173462	0
Dec 18 2021	3256793	1136	159101	0
Dec 19 2021	3320455	792	137451	0
Dec 20 2021	3359050	1016	159754	0
Dec 21 2021	3445259	1899	196406	0
Dec 22 2021	3546272	1775	243574	0
Dec 23 2021	3749587	1536	296946	0
Dec 24 2021	3990365	1239	323430	0
Dec 25 2021	4186430	816	273519	0
Dec 26 2021	4326833	658	224461	0
Dec 27 2021	4480853	1055	255677	0
Dec 28 2021	4675176	1955	351792	0
Dec 29 2021	5018478	1941	491760	0
Dec 30 2021	5501916	1763	613366	0
Dec 31 2021	6009427	1268	634173	0
Jan 01 2022	6490027	1023	604002	0
Jan 02 2022	6879363	839	504506	0
Jan 03 2022	7246816	1207	529198	0
Jan 04 2022	7638689	2060	617060	0
Jan 05 2022	8209462	2002	736536	0
Jan 06 2022	8878703	2476	834332	0
Jan 07 2022	9607179	2313	914412	0
Jan 08 2022	10254118	1594	828534	0
Jan 09 2022	10869526	1338	776056	0
Jan 10 2022	11314230	1636	721499	0
Jan 11 2022	11826429	2771	764756	0
Jan 12 2022	12487115	2695	901065	0
Jan 13 2022	13168166	2719	901141	0
Jan 14 2022	13809446	2696	899083	0
Jan 15 2022	14393568	2106	791633	0
Jan 16 2022	14920078	1689	725131	0
Jan 17 2022	15293563	1696	639274	0
Jan 18 2022	15469689	2596	626033	0
Jan 19 2022	15788903	3037	749856	0
Jan 20 2022	16260801	3384	767896	0
Jan 21 2022	16779482	3121	833131	0
Jan 22 2022	17204213	2076	685312	0
Jan 23 2022	17460133	1839	520956	0
Jan 24 2022	17496408	2052	508617	0
Jan 25 2022	17548989	3421	501967	0
Jan 26 2022	17694834	3686	553810	0
Jan 27 2022	17888680	3418	563047	0
Jan 28 2022	18047233	3332	547295	0
Jan 29 2022	18122157	2448	403942	0
Jan 30 2022	18138685	1706	304268	0
Jan 31 2022	18030015	2012	290387	0
Feb 01 2022	17736683	3497	307785	0
Feb 02 2022	17441861	3535	324137	0
Feb 03 2022	17344980	3335	305042	0
Feb 04 2022	17142287	3082	311690	0
Feb 05 2022	16928226	2186	207325	0
Feb 06 2022	16688922	1787	147331	0
Feb 07 2022	16383608	1919	161294	0
Feb 08 2022	15956789	3369	198702	0
Feb 09 2022	15614303	3296	219576	0
Feb 10 2022	15288766	3075	194829	0
Feb 11 2022	14890893	2554	167093	0
Feb 12 2022	14476652	2006	129604	0
Feb 13 2022	14137623	1612	90727	0
Feb 14 2022	13554214	1553	88426	0
Feb 15 2022	13179512	2828	110432	0
Feb 16 2022	12753183	2795	114485	0
Feb 17 2022	12330654	2643	113272	0
Feb 18 2022	11891647	2485	117937	0
Feb 19 2022	11459947	1875	84417	0
Feb 20 2022	11008590	1080	56416	0
Feb 21 2022	10444016	1076	56043	0
Feb 22 2022	10006785	2037	65104	0
Feb 23 2022	9565855	2360	75845	0
Feb 24 2022	9098655	2373	82568	0
Feb 25 2022	8650269	1912	76412	0
Feb 26 2022	8242198	1259	52798	0
Feb 27 2022	7860908	1063	36115	0
Feb 28 2022	7417160	1187	37010	0
Mar 01 2022	7090536	1704	47817	0
Mar 02 2022	6748868	1671	50616	0
Mar 03 2022	6404127	1466	52825	0
Mar 04 2022	6035241	1610	46642	0
Mar 05 2022	5678036	1121	37329	0
Mar 06 2022	5376294	745	24701	0
Mar 07 2022	5091708	759	28715	0
Mar 08 2022	4826501	1313	34541	0
Mar 09 2022	4580052	1502	39170	0
Mar 10 2022	4338350	1432	43148	0
Mar 11 2022	4101646	1077	40935	0
Mar 12 2022	3877055	916	26786	0
Mar 13 2022	3677158	610	17890	0
Mar 14 2022	3477806	598	21680	0
Mar 15 2022	3324902	1141	30485	0
Mar 16 2022	3181836	1162	31839	0
Mar 17 2022	3011179	1112	38106	0
Mar 18 2022	2865287	898	33249	0
Mar 19 2022	2738435	673	24208	0
Mar 20 2022	2657014	356	19593	0
Mar 21 2022	2530021	466	20374	0
Mar 22 2022	2426156	809	28795	0
Mar 23 2022	2336703	824	32982	0
Mar 24 2022	2236405	735	35662	0
Mar 25 2022	2084019	784	35261	0
Mar 26 2022	2008986	501	29193	0
Mar 27 2022	1941758	341	18353	0
Mar 28 2022	1828552	403	20795	0
Mar 29 2022	1763540	712	28126	0
Mar 30 2022	1696776	800	32115	0
Mar 31 2022	1647647	638	38213	0
Apr 01 2022	1607112	613	33666	0
Apr 02 2022	1575861	488	27152	0
Apr 03 2022	1520454	338	20760	0
Apr 04 2022	1475581	398	23456	0
Apr 05 2022	1444111	547	29494	0
Apr 06 2022	1425741	551	39796	0
Apr 07 2022	1405528	532	40700	0
Apr 08 2022	1394391	511	41480	0
Apr 09 2022	1383051	423	32421	0
Apr 10 2022	1348017	200	28283	0
Apr 11 2022	1331021	293	30130	0
Apr 12 2022	1311908	589	36248	0
Apr 13 2022	1316324	411	43453	0
Apr 14 2022	1326051	391	49717	0
Apr 15 2022	1340092	450	51222	0
Apr 16 2022	1342484	225	41267	0
Apr 17 2022	1336544	173	31116	0
Apr 18 2022	1328231	256	35546	0
Apr 19 2022	1332066	435	40771	0
Apr 20 2022	1351266	526	58000	0
Apr 21 2022	1376921	462	60999	0
Apr 22 2022	1405871	411	65924	0
Apr 23 2022	1425337	249	53488	0
Apr 24 2022	1436521	204	43067	0
Apr 25 2022	1440594	284	47739	0
Apr 26 2022	1451966	367	54109	0
Apr 27 2022	1478631	436	66908	0
Apr 28 2022	1523893	413	76041	0
Apr 29 2022	1566661	393	77723	0
Apr 30 2022	1599436	329	65035	0
May 01 2022	1614766	206	51655	0
May 02 2022	1630806	295	55721	0
May 03 2022	1655650	362	64730	0
May 04 2022	1699275	375	83002	0
May 05 2022	1762497	378	94128	0
May 06 2022	1821239	367	99356	0
May 07 2022	1883202	258	85790	0
May 08 2022	1931254	160	67290	0
May 09 2022	1934569	213	78870	0
May 10 2022	1978421	328	84062	0
May 11 2022	2031193	348	101411	0
May 12 2022	2100182	333	118122	0
May 13 2022	2169005	394	115389	0
May 14 2022	2233891	191	105016	0
May 15 2022	2278398	189	85844	0
May 16 2022	2325461	238	96420	0
May 17 2022	2370332	409	99602	0
May 18 2022	2434444	375	122989	0
May 19 2022	2522650	359	134354	0
May 20 2022	2596338	364	131245	0
May 21 2022	2662241	232	111099	0
May 22 2022	2708192	215	92414	0
May 23 2022	2723697	285	90793	0
May 24 2022	2759279	465	103226	0
May 25 2022	2815854	484	129769	0
May 26 2022	2883849	407	133743	0
May 27 2022	2949020	388	130121	0
May 28 2022	3039850	223	104491	0
May 29 2022	3028702	171	96225	0
May 30 2022	3060718	162	80580	0
May 31 2022	3048965	282	77818	0
Jun 01 2022	3063176	473	109697	0
Jun 02 2022	3118117	388	124731	0
Jun 03 2022	3179246	451	136841	0
Jun 04 2022	3228737	315	118624	0
Jun 05 2022	3260995	191	93265	0
Jun 06 2022	3261602	253	93157	0
Jun 07 2022	3284246	462	110154	0
Jun 08 2022	3303589	438	123426	0
Jun 09 2022	3342721	378	124791	0
Jun 10 2022	3384088	354	128148	0
Jun 11 2022	3415351	266	102163	0
Jun 12 2022	3420316	224	84026	0
Jun 13 2022	3415309	305	86676	0
Jun 14 2022	3416495	444	99560	0
Jun 15 2022	3428031	435	115941	0
Jun 16 2022	3455671	365	113698	0
Jun 17 2022	3477329	343	112064	0
Jun 18 2022	3501943	241	96713	0
Jun 19 2022	3479727	211	87309	0
Jun 20 2022	3472082	203	74674	0
Jun 21 2022	3483295	343	106279	0
Jun 22 2022	3489464	506	119890	0
Jun 23 2022	3547356	522	143370	0
Jun 24 2022	3582551	434	134177	0
Jun 25 2022	3611636	325	112179	0
Jun 26 2022	3619171	209	94322	0
Jun 27 2022	3614489	257	88431	0
Jun 28 2022	3616633	463	107140	0
Jun 29 2022	3640344	502	131585	0
Jun 30 2022	3695607	447	139204	0
Jul 01 2022	3746447	474	142274	0
Jul 02 2022	3795842	275	114143	0
Jul 03 2022	3771947	247	95227	0
Jul 04 2022	3738981	239	84948	0
Jul 05 2022	3712506	325	83439	0
Jul 06 2022	3708059	554	116917	0
Jul 07 2022	3751857	536	142933	0
Jul 08 2022	3810120	512	154548	0
Jul 09 2022	3903005	336	135868	0
Jul 10 2022	3986609	250	109594	0
Jul 11 2022	3850198	327	103829	0
Jul 12 2022	3867990	505	132477	0
Jul 13 2022	3896340	549	144927	0
Jul 14 2022	3945502	443	151893	0
Jul 15 2022	3997241	463	153712	0
Jul 16 2022	4028147	410	128594	0
Jul 17 2022	4051812	326	111972	0
Jul 18 2022	4044906	386	104808	0
Jul 19 2022	4058424	558	126417	0
Jul 20 2022	4089306	571	148581	0
Jul 21 2022	4135096	490	153796	0
Jul 22 2022	4167044	574	151370	0
Jul 23 2022	4182900	460	127942	0
Jul 24 2022	4178227	275	103293	0
Jul 25 2022	4157842	368	101263	0
Jul 26 2022	4181213	523	126964	0
Jul 27 2022	4196925	583	141258	0
Jul 28 2022	4229136	512	146165	0
Jul 29 2022	4262101	532	143838	0
Jul 30 2022	4284164	374	116973	0
Jul 31 2022	4266446	324	101853	0
Aug 01 2022	4250731	404	97846	0
Aug 02 2022	4256613	658	119241	0
Aug 03 2022	4251563	614	132816	0
Aug 04 2022	4276048	599	130587	0
Aug 05 2022	4277678	671	131839	0
Aug 06 2022	4266276	384	103937	0
Aug 07 2022	4238233	339	85439	0
Aug 08 2022	4186198	388	83031	0
Aug 09 2022	4188119	668	108180	0
Aug 10 2022	4174019	639	120698	0
Aug 11 2022	4182603	580	122571	0
Aug 12 2022	4159364	579	119634	0
Aug 13 2022	4134626	381	97214	0
Aug 14 2022	4097026	329	77762	0
Aug 15 2022	4036054	372	72680	0
Aug 16 2022	4004104	563	94758	0
Aug 17 2022	4014145	679	112430	0
Aug 18 2022	3990711	506	106293	0
Aug 19 2022	3952209	561	113702	0
Aug 20 2022	3960866	398	89788	0
Aug 21 2022	3878478	330	73412	0
Aug 22 2022	3832807	361	72364	0
Aug 23 2022	3804573	549	90904	0
Aug 24 2022	3780874	539	107276	0
Aug 25 2022	3765935	534	106043	0
Aug 26 2022	3736762	552	104693	0
Aug 27 2022	3706053	387	89966	0
Aug 28 2022	3678030	326	71122	0
Aug 29 2022	3610981	355	65951	0
Aug 30 2022	3583442	600	91678	0
Aug 31 2022	3523380	539	94964	0
Sep 01 2022	3497924	466	98094	0
Sep 02 2022	3469259	541	91649	0
Sep 03 2022	3437361	315	74077	0
Sep 04 2022	3386791	230	58073	0
Sep 05 2022	3327819	260	53330	0
Sep 06 2022	3276488	365	55989	0
Sep 07 2022	3237027	533	70589	0
Sep 08 2022	3195675	506	75588	0
Sep 09 2022	3177873	563	83637	0
Sep 10 2022	3135996	372	64976	0
Sep 11 2022	3106095	274	54212	0
Sep 12 2022	3056226	355	50362	0
Sep 13 2022	3002425	557	66865	0
Sep 14 2022	2961228	474	69415	0
Sep 15 2022	2897744	452	69476	0
Sep 16 2022	2883750	480	68118	0
Sep 17 2022	2839061	316	56986	0
Sep 18 2022	2803157	261	42560	0
Sep 19 2022	2762235	294	45265	0
Sep 20 2022	2720802	485	56845	0
Sep 21 2022	2693032	502	63814	0
Sep 22 2022	2631429	401	59976	0
Sep 23 2022	2608970	466	60125	0
Sep 24 2022	2569876	307	48406	0
Sep 25 2022	2545320	248	37962	0
Sep 26 2022	2482569	315	38703	0
Sep 27 2022	2463460	446	48239	0
Sep 28 2022	2420664	495	53226	0
Sep 29 2022	2369614	449	52852	0
Sep 30 2022	2340832	460	53298	0
Oct 01 2022	2311700	340	42881	0
Oct 02 2022	2268782	321	32776	0
Oct 03 2022	2227139	347	38299	0
Oct 04 2022	2197336	470	41304	0
Oct 05 2022	2152855	496	50877	0
Oct 06 2022	2108076	434	46406	0
Oct 07 2022	2086783	452	48221	0
Oct 08 2022	2073970	345	39870	0
Oct 09 2022	2020495	274	30159	0
Oct 10 2022	2007715	278	32299	0
Oct 11 2022	1960850	297	35884	0
Oct 12 2022	1938026	508	46542	0
Oct 13 2022	1910013	390	43904	0
Oct 14 2022	1895737	395	44488	0
Oct 15 2022	1883436	306	38486	0
Oct 16 2022	1851391	233	31223	0
Oct 17 2022	1820009	327	31556	0
Oct 18 2022	1796207	412	38841	0
Oct 19 2022	1795017	419	41188	0
Oct 20 2022	1778894	357	43266	0
Oct 21 2022	1767437	392	42514	0
Oct 22 2022	1754200	273	37305	0
Oct 23 2022	1736503	209	30719	0
Oct 24 2022	1722434	256	32217	0
Oct 25 2022	1737344	397	39545	0
Oct 26 2022	1700838	406	43718	0
Oct 27 2022	1690597	411	45636	0
Oct 28 2022	1688617	434	46420	0
Oct 29 2022	1670906	289	40558	0
Oct 30 2022	1661633	275	30886	0
Oct 31 2022	1654011	291	32974	0
Nov 01 2022	1647320	413	38338	0
Nov 02 2022	1656463	399	43270	0
Nov 03 2022	1646262	326	48136	0
Nov 04 2022	1635658	359	47117	0
Nov 05 2022	1659160	289	41203	0
Nov 06 2022	1636423	215	34747	0
Nov 07 2022	1626423	282	35132	0
Nov 08 2022	1631949	346	41511	0
Nov 09 2022	1638659	391	47102	0
Nov 10 2022	1645743	415	46262	0
Nov 11 2022	1658999	310	44718	0
Nov 12 2022	1664692	270	36177	0
Nov 13 2022	1663002	265	31692	0
Nov 14 2022	1661924	285	34445	0
Nov 15 2022	1625098	394	41817	0
Nov 16 2022	1639775	458	45698	0
Nov 17 2022	1630790	439	49290	0
Nov 18 2022	1632402	425	48746	0
Nov 19 2022	1650464	348	42410	0
Nov 20 2022	1666880	255	35920	0
Nov 21 2022	1637041	317	35614	0
Nov 22 2022	1653335	408	42961	0
Nov 23 2022	1665698	400	52169	0
Nov 24 2022	1667977	320	49073	0
Nov 25 2022	1667798	241	39978	0
Nov 26 2022	1688250	205	36900	0
Nov 27 2022	1686541	250	41300	0
Nov 28 2022	1692130	274	40196	0
Nov 29 2022	1730336	366	57863	0
Nov 30 2022	1756601	447	71981	0
Dec 01 2022	1762314	503	75648	0
Dec 02 2022	1793683	419	78060	0
Dec 03 2022	1838173	313	65913	0
Dec 04 2022	1871635	282	57215	0
Dec 05 2022	1891577	299	57209	0
Dec 06 2022	1902567	456	66969	0
Dec 07 2022	1943396	512	77333	0
Dec 08 2022	1964192	422	73263	0
Dec 09 2022	1997260	469	73171	0
Dec 10 2022	2035562	379	66273	0
Dec 11 2022	2050147	343	55809	0
Dec 12 2022	2067891	358	57552	0
Dec 13 2022	2098542	489	67193	0
Dec 14 2022	2115901	453	76943	0
Dec 15 2022	2137357	472	79020	0
Dec 16 2022	2176188	431	73507	0
Dec 17 2022	2223253	411	70037	0
Dec 18 2022	2249923	335	58881	0
Dec 19 2022	2231932	359	59025	0
Dec 20 2022	2255994	550	69129	0
Dec 21 2022	2265292	468	76332	0
Dec 22 2022	2280259	472	77127	0
Dec 23 2022	2305179	456	72508	0
Dec 24 2022	2347372	315	63708	0
Dec 25 2022	2348643	288	53307	0
Dec 26 2022	2347029	297	49753	0
Dec 27 2022	2345282	326	53757	0
Dec 28 2022	2377336	491	69486	0
Dec 29 2022	2381020	508	75619	0
Dec 30 2022	2412533	493	77385	0
Dec 31 2022	2452395	402	67694	0
Jan 01 2023	2476276	349	57911	0
Jan 02 2023	2465601	351	53682	0
Jan 03 2023	2462269	388	55576	0
Jan 04 2023	2458637	573	70263	0
Jan 05 2023	2475394	569	73976	0
Jan 06 2023	2493781	599	72739	0
Jan 07 2023	2534918	505	64392	0
Jan 08 2023	2485812	496	54454	0
Jan 09 2023	2494895	513	56291	0
Jan 10 2023	2520934	655	60969	0
Jan 11 2023	2535857	590	64676	0
Jan 12 2023	2514484	573	57619	0
Jan 13 2023	2492063	692	54699	0
Jan 14 2023	2484795	557	47692	0
Jan 15 2023	2435379	473	40032	0
Jan 16 2023	2437055	459	39032	0
Jan 17 2023	2437452	531	44978	0
Jan 18 2023	2359970	697	49666	0
Jan 19 2023	2313801	549	50319	0
Jan 20 2023	2311600	538	46920	0
Jan 21 2023	2346702	464	44539	0
Jan 22 2023	2258083	409	39777	0
Jan 23 2023	2252797	484	37547	0
Jan 24 2023	2257547	560	43639	0
Jan 25 2023	2256427	577	46255	0
Jan 26 2023	2209169	527	47051	0
Jan 27 2023	2218187	545	45765	0
Jan 28 2023	2224767	502	41629	0
Jan 29 2023	2212259	425	35958	0
Jan 30 2023	2197768	440	35485	0
Jan 31 2023	2205858	567	40622	0
Feb 01 2023	2195093	528	45945	0
Feb 02 2023	2143378	500	44731	0
Feb 03 2023	2142319	466	44463	0
Feb 04 2023	2142076	403	40202	0
Feb 05 2023	2160451	375	34365	0
Feb 06 2023	2143773	452	34319	0
Feb 07 2023	2077280	460	39123	0
Feb 08 2023	2020347	545	43153	0
Feb 09 2023	1972087	458	42485	0
Feb 10 2023	1966433	459	41702	0
Feb 11 2023	1978981	407	36533	0
Feb 12 2023	1986428	353	32546	0
Feb 13 2023	1979909	366	32418	0
Feb 14 2023	1959871	430	38828	0
Feb 15 2023	1947981	458	40359	0
Feb 16 2023	1924487	443	39069	0
Feb 17 2023	1927004	380	37845	0
Feb 18 2023	1942394	352	37359	0
Feb 19 2023	1914050	319	31356	0
Feb 20 2023	1910360	310	29264	0
Feb 21 2023	1903806	418	34542	0
Feb 22 2023	1884223	426	37889	0
Feb 23 2023	1859928	339	36945	0
Feb 24 2023	1860459	341	36781	0
Feb 25 2023	1853813	358	31135	0
Feb 26 2023	1866377	277	28676	0
Feb 27 2023	1859839	295	27633	0
Feb 28 2023	1866222	363	35087	0
Mar 01 2023	1834989	402	34039	0
Mar 02 2023	1822173	408	29727	0
Mar 03 2023	1795220	346	30628	0
Mar 04 2023	1805290	297	26003	0
Mar 05 2023	1824643	295	22810	0
Mar 06 2023	1813224	267	22529	0
Mar 07 2023	1763809	358	27700	0
Mar 08 2023	1713149	303	27948	0
Mar 09 2023	1710348	331	27362	0
Mar 10 2023	1693597	314	26899	0
Mar 11 2023	1714774	283	24040	0
Mar 12 2023	1703653	315	21056	0
Mar 13 2023	1661431	268	20009	0
Mar 14 2023	1589878	323	25115	0
Mar 15 2023	1563632	320	26315	0
Mar 16 2023	1546544	408	23392	0
Mar 17 2023	1495358	331	22994	0
Mar 18 2023	1462692	239	20482	0
Mar 19 2023	1430170	242	17872	0
Mar 20 2023	1419187	244	17690	0
Mar 21 2023	1423583	333	23371	0
Mar 22 2023	1390544	305	22286	0
Mar 23 2023	1355601	295	23502	0
Mar 24 2023	1361996	284	22399	0
Mar 25 2023	1372213	304	21181	0
Mar 26 2023	1369665	249	18224	0
Mar 27 2023	1370399	247	17652	0
Mar 28 2023	1360814	249	20583	0
Mar 29 2023	1330636	279	21045	0
Mar 30 2023	1298781	413	22734	0
Mar 31 2023	1272397	324	19582	0
Apr 01 2023	1274246	322	18423	0
Apr 02 2023	1282364	283	16570	0
Apr 03 2023	1278933	290	15893	0
Apr 04 2023	1273347	390	19055	0
Apr 05 2023	1260116	320	20608	0
Apr 06 2023	1236817	261	19721	0
Apr 07 2023	1236576	236	17437	0
Apr 08 2023	1220123	218	14581	0
Apr 09 2023	1223440	275	13522	0
Apr 10 2023	1219220	209	13321	0
Apr 11 2023	1217324	239	15631	0
Apr 12 2023	1197983	224	17829	0
Apr 13 2023	1193724	247	16999	0
Apr 14 2023	1189417	340	17337	0
Apr 15 2023	1194308	222	14525	0
Apr 16 2023	1199618	212	13584	0
Apr 17 2023	1191609	194	12827	0
Apr 18 2023	1198591	313	14950	0
Apr 19 2023	1184575	224	15673	0
Apr 20 2023	1150557	231	15769	0
Apr 21 2023	1133976	251	16228	0
Apr 22 2023	1131024	280	13911	0
Apr 23 2023	1139404	215	12411	0
Apr 24 2023	1139975	202	12335	0
Apr 25 2023	1145763	213	13011	0
Apr 26 2023	1124676	269	15906	0
Apr 27 2023	1131242	298	12473	0
Apr 28 2023	1126904	170	12001	0
Apr 29 2023	1125773	167	10964	0
Apr 30 2023	1124536	150	9664	0
May 01 2023	1120879	208	8931	0
May 02 2023	1108043	178	11368	0
May 03 2023	1068274	181	12566	0
May 04 2023	1042592	172	12348	0
May 05 2023	1043654	145	10800	0
May 06 2023	1051767	176	10040	0
May 07 2023	1044516	127	8693	0
May 08 2023	1042273	140	8053	0
May 09 2023	1049448	130	10345	0
May 10 2023	1041576	148	10574	0
May 11 2023	1033028	173	9536	0
May 12 2023	1037366	118	8793	0
May 13 2023	1041970	125	9096	0
May 14 2023	1043274	124	8995	0
May 15 2023	1024381	129	9488	0
May 16 2023	1025204	160	10392	0
May 17 2023	987427	141	10207	0
May 18 2023	979556	131	9580	0
May 19 2023	897360	134	9498	0
May 20 2023	816157	136	7951	0
May 21 2023	813460	194	6181	0
May 22 2023	818504	132	6716	0
May 23 2023	811153	129	8305	0
May 24 2023	806820	129	8266	0
May 25 2023	784603	151	7507	0
May 26 2023	776878	128	8532	0
May 27 2023	782519	127	7018	0
May 28 2023	772032	118	5839	0
May 29 2023	772994	110	5692	0
May 30 2023	770736	143	6311	0
May 31 2023	759722	100	8007	0
Jun 01 2023	757781	115	8544	0
Jun 02 2023	761207	110	7913	0
Jun 03 2023	763784	102	7257	0
Jun 04 2023	731608	130	6185	0
Jun 05 2023	721327	105	6007	0
Jun 06 2023	724336	105	7795	0
Jun 07 2023	720782	99	7835	0
Jun 08 2023	712451	104	6838	0
Jun 09 2023	713812	116	6630	0
Jun 10 2023	717639	92	6614	0
Jun 11 2023	715826	85	4986	0
Jun 12 2023	713549	96	4791	0
Jun 13 2023	716506	112	7641	0
Jun 14 2023	719055	104	6979	0
Jun 15 2023	721297	95	6672	0
Jun 16 2023	721094	94	6106	0
Jun 17 2023	706499	83	5581	0
Jun 18 2023	705860	92	4823	0
Jun 19 2023	704434	100	4887	0
Jun 20 2023	708356	73	5993	0
Jun 21 2023	696030	90	6800	0
Jun 22 2023	689590	90	7622	0
Jun 23 2023	689209	80	7162	0
Jun 24 2023	691690	94	6644	0
Jun 25 2023	691874	73	5688	0
Jun 26 2023	694599	89	6830	0
Jun 27 2023	695883	85	7655	0
Jun 28 2023	698667	79	7661	0
Jun 29 2023	695670	89	7010	0
Jun 30 2023	696494	79	7414	0
Jul 01 2023	698381	64	6650	0
Jul 02 2023	699601	67	5510	0
Jul 03 2023	697441	72	5782	0
Jul 04 2023	698563	83	6794	0
Jul 05 2023	691499	59	5931	0
Jul 06 2023	687278	67	6958	0
Jul 07 2023	690164	87	7498	0
Jul 08 2023	693325	77	7272	0
Jul 09 2023	691942	78	5916	0
Jul 10 2023	694454	65	6274	0
Jul 11 2023	698333	76	7659	0
Jul 12 2023	699695	86	7854	0
Jul 13 2023	699343	78	7699	0
Jul 14 2023	703023	85	8415	0
Jul 15 2023	699279	64	7260	0
Jul 16 2023	702339	63	6829	0
Jul 17 2023	706137	61	7781	0
Jul 18 2023	711030	68	8664	0
Jul 19 2023	711568	75	9435	0
Jul 20 2023	712131	125	9858	0
Jul 21 2023	717270	113	9417	0
Jul 22 2023	722260	124	9321	0
Jul 23 2023	726469	108	8452	0
Jul 24 2023	731193	120	8813	0
Jul 25 2023	735030	118	9867	0
Jul 26 2023	736276	108	9569	0
Jul 27 2023	739530	120	11102	0
Jul 28 2023	748096	112	12276	0
Jul 29 2023	755836	128	11386	0
Jul 30 2023	759328	116	10328	0
Jul 31 2023	765618	180	11838	0
Aug 01 2023	773299	116	12227	0
Aug 02 2023	777819	119	13483	0
Aug 03 2023	782304	109	13043	0
Aug 04 2023	792048	107	13962	0
Aug 05 2023	800031	123	13607	0
Aug 06 2023	808198	108	12835	0
Aug 07 2023	814275	114	12293	0
Aug 08 2023	824858	114	15396	0
Aug 09 2023	824475	112	16003	0
Aug 10 2023	797533	87	16037	0
Aug 11 2023	801486	79	16677	0
Aug 12 2023	811148	88	15896	0
Aug 13 2023	820328	78	14732	0
Aug 14 2023	829081	79	14400	0
Aug 15 2023	841302	96	18317	0
Aug 16 2023	843884	92	18758	0
Aug 17 2023	857529	98	20178	0
Aug 18 2023	874008	102	22227	0
Aug 19 2023	883749	87	20737	0
Aug 20 2023	895985	87	19065	0
Aug 21 2023	910079	104	19207	0
Aug 22 2023	925400	102	23244	0
Aug 23 2023	932748	102	24588	0
Aug 24 2023	948418	101	25497	0
Aug 25 2023	960435	93	25727	0
Aug 26 2023	976155	87	23916	0
Aug 27 2023	990182	91	21216	0
Aug 28 2023	1002313	85	21572	0
Aug 29 2023	1022431	88	27236	0
Aug 30 2023	1028445	90	26216	0
Aug 31 2023	1034972	124	26182	0
Sep 01 2023	1046562	99	26811	0
Sep 02 2023	1063130	120	25201	0
Sep 03 2023	1077212	100	21935	0
Sep 04 2023	1090788	106	21109	0
Sep 05 2023	1100993	95	21638	0
Sep 06 2023	1099164	118	26912	0
Sep 07 2023	1109930	123	28333	0
Sep 08 2023	1129919	114	29688	0
Sep 09 2023	1137958	109	25322	0
Sep 10 2023	1141775	107	21321	0
Sep 11 2023	1152238	117	21860	0
Sep 12 2023	1161084	126	24341	0
Sep 13 2023	1164161	118	23513	0
Sep 14 2023	1168414	147	24157	0
Sep 15 2023	1172560	131	22892	0
Sep 16 2023	1182631	124	20888	0
Sep 17 2023	1183599	125	18309	0
Sep 18 2023	1182247	131	19490	0
Sep 19 2023	1187714	149	21147	0
Sep 20 2023	1184578	137	19489	0
Sep 21 2023	1175363	134	20551	0
Sep 22 2023	1177113	134	20829	0
Sep 23 2023	1180434	128	18710	0
Sep 24 2023	1183314	139	17074	0
Sep 25 2023	1179693	131	17577	0
Sep 26 2023	1179660	133	18134	0
Sep 27 2023	1169893	119	18373	0
Sep 28 2023	1156146	117	20367	0
Sep 29 2023	1145067	166	17988	0
Sep 30 2023	1128662	127	18058	0
Oct 01 2023	1122561	122	15014	0
Oct 02 2023	1122089	122	14891	0
Oct 03 2023	1119568	127	15620	0
Oct 04 2023	1109203	160	15384	0
Oct 05 2023	1093034	136	15982	0
Oct 06 2023	1083711	127	14869	0
Oct 07 2023	1077432	127	14783	0
Oct 08 2023	1076457	135	12347	0
Oct 09 2023	1072214	134	12647	0
Oct 10 2023	1064476	138	13282	0
Oct 11 2023	1053928	134	12590	0
Oct 12 2023	1035792	139	14755	0
Oct 13 2023	1032007	142	14110	0
Oct 14 2023	1033317	120	12982	0
Oct 15 2023	1032950	115	11645	0
Oct 16 2023	1031774	115	11450	0
Oct 17 2023	1025778	144	13530	0
Oct 18 2023	1018599	136	13156	0
Oct 19 2023	1008366	114	12551	0
Oct 20 2023	1001274	129	13826	0
Oct 21 2023	997885	132	12205	0
Oct 22 2023	1000707	128	11317	0
Oct 23 2023	1001290	139	11621	0
Oct 24 2023	1002927	130	12817	0
Oct 25 2023	997200	120	13836	0
Oct 26 2023	982513	117	13231	0
Oct 27 2023	971370	99	13535	0
Oct 28 2023	971984	138	12153	0
Oct 29 2023	976127	94	11194	0
Oct 30 2023	981705	92	10920	0
Oct 31 2023	989410	128	14070	0
Nov 01 2023	973662	147	12000	0
Nov 02 2023	958205	113	13004	0
Nov 03 2023	950182	114	13232	0
Nov 04 2023	955638	116	12291	0
Nov 05 2023	961429	111	11498	0
Nov 06 2023	963548	128	11038	0
Nov 07 2023	969120	132	12926	0
Nov 08 2023	963938	131	13744	0
Nov 09 2023	961360	114	14404	0
Nov 10 2023	958499	123	15070	0
Nov 11 2023	965506	141	13493	0
Nov 12 2023	973026	122	12376	0
Nov 13 2023	979901	133	12552	0
Nov 14 2023	987489	136	14652	0
Nov 15 2023	973348	124	14697	0
Nov 16 2023	973819	133	15121	0
Nov 17 2023	986332	107	16129	0
Nov 18 2023	988843	98	14367	0
Nov 19 2023	984895	100	12614	0
Nov 20 2023	982951	99	12856	0
Nov 21 2023	973537	116	13464	0
Nov 22 2023	968152	119	16202	0
Nov 23 2023	968047	97	14676	0
Nov 24 2023	971341	114	14048	0
Nov 25 2023	979884	99	13412	0
Nov 26 2023	987131	124	11870	0
Nov 27 2023	986433	116	13155	0
Nov 28 2023	999090	117	16334	0
Nov 29 2023	987221	119	17639	0
Nov 30 2023	988398	147	19350	0
Dec 01 2023	995359	149	20154	0
Dec 02 2023	1007364	125	17953	0
Dec 03 2023	1017199	129	17059	0
Dec 04 2023	1017331	122	17346	0
Dec 05 2023	1027077	152	18462	0
Dec 06 2023	1029144	146	20602	0
Dec 07 2023	1026769	136	21905	0
Dec 08 2023	1033751	138	22118	0
Dec 09 2023	1048181	129	20147	0
Dec 10 2023	1061795	125	19184	0
Dec 11 2023	1072599	153	18685	0
Dec 12 2023	1084122	163	21595	0
Dec 13 2023	1072828	135	22500	0
Dec 14 2023	1075095	150	24933	0
Dec 15 2023	1085231	139	22683	0
Dec 16 2023	1101237	133	24145	0
Dec 17 2023	1117145	126	21884	0
Dec 18 2023	1132989	151	22176	0
Dec 19 2023	1148714	150	26118	0
Dec 20 2023	1143885	166	25394	0
Dec 21 2023	1148660	166	30502	0
Dec 22 2023	1163751	138	26672	0
Dec 23 2023	1186133	124	25106	0
Dec 24 2023	1196139	124	22361	0
Dec 25 2023	1210632	108	20185	0
Dec 26 2023	1217144	167	21696	0
Dec 27 2023	1232301	148	24735	0
Dec 28 2023	1216958	155	26944	0
Dec 29 2023	1236623	168	32822	0
Dec 30 2023	1253146	129	27771	0
Dec 31 2023	1273197	157	26109	0
Jan 01 2024	1282672	143	23916	0
Jan 02 2024	1297729	216	23773	0
Jan 03 2024	1284093	180	29086	0
Jan 04 2024	1282062	208	29243	0
Jan 05 2024	1283431	198	30723	0
Jan 06 2024	1296489	163	26950	0
Jan 07 2024	1313968	165	25888	0
Jan 08 2024	1331331	222	24656	0
Jan 09 2024	1351898	232	31280	0
Jan 10 2024	1334001	213	26016	0
Jan 11 2024	1328143	198	29517	0
Jan 12 2024	1345780	211	28689	0
Jan 13 2024	1336367	176	24770	0
Jan 14 2024	1352874	161	21764	0
Jan 15 2024	1369123	171	20340	0
Jan 16 2024	1378130	261	24772	0
Jan 17 2024	1364215	220	23189	0
Jan 18 2024	1351776	219	24690	0
Jan 19 2024	1356855	211	22712	0
Jan 20 2024	1372059	177	21029	0
Jan 21 2024	1376999	162	18975	0
Jan 22 2024	1385331	215	18592	0
Jan 23 2024	1388723	205	21785	0
Jan 24 2024	1359978	234	21729	0
Jan 25 2024	1351106	211	21786	0
Jan 26 2024	1357398	212	22824	0
Jan 27 2024	1372338	178	19662	0
Jan 28 2024	1372052	160	17079	0
Jan 29 2024	1380390	217	18847	0
Jan 30 2024	1383450	202	20070	0
Jan 31 2024	1373379	198	20086	0
Feb 01 2024	1362222	187	21696	0
Feb 02 2024	1377367	156	20443	0
Feb 03 2024	1367054	167	18565	0
Feb 04 2024	1379998	159	16472	0
Feb 05 2024	1388865	160	16689	0
Feb 06 2024	1397045	175	17376	0
Feb 07 2024	1349615	156	20991	0
Feb 08 2024	1359584	146	19114	0
Feb 09 2024	1371241	149	18777	0
Feb 10 2024	1382530	158	17956	0
Feb 11 2024	1370562	122	14580	0
Feb 12 2024	1331756	116	14901	0
Feb 13 2024	1295348	179	18488	0
Feb 14 2024	1276472	126	16921	0
Feb 15 2024	1245165	111	16996	0
Feb 16 2024	1192403	111	16177	0
Feb 17 2024	1191813	100	14752	0
Feb 18 2024	1186431	85	12627	0
Feb 19 2024	1179356	91	11937	0
Feb 20 2024	1183701	93	13586	0
Feb 21 2024	1172172	100	14700	0
Feb 22 2024	1167757	137	14542	0
Feb 23 2024	1170898	158	14640	0
Feb 24 2024	1174749	119	13583	0
Feb 25 2024	1180981	109	10894	0
Feb 26 2024	1179070	108	10864	0
Feb 27 2024	1153688	139	13194	0
Feb 28 2024	1111773	112	11913	0
Feb 29 2024	1102015	119	12428	0
Mar 01 2024	1091663	118	11294	0
Mar 02 2024	1087949	104	10432	0
Mar 03 2024	1086230	91	8392	0
Mar 04 2024	1079767	97	8399	0
Mar 05 2024	1077877	104	9890	0
Mar 06 2024	1046892	85	8974	0
Mar 07 2024	1041442	71	9497	0
Mar 08 2024	1027898	102	8768	0
Mar 09 2024	1033970	72	7476	0
Mar 10 2024	1037346	79	6400	0
Mar 11 2024	1036172	69	6438	0
Mar 12 2024	1030342	106	7447	0
Mar 13 2024	1000114	81	6985	0
Mar 14 2024	988991	65	6774	0
Mar 15 2024	970206	62	6275	0
Mar 16 2024	974381	62	5834	0
Mar 17 2024	976810	49	4008	0
Mar 18 2024	954983	54	3817	0
Mar 19 2024	955865	68	5045	0
Mar 20 2024	922157	46	4437	0
Mar 21 2024	916511	60	4907	0
Mar 22 2024	892097	35	3980	0
Mar 23 2024	894308	35	3572	0
Mar 24 2024	886036	31	2630	0
Mar 25 2024	883980	33	2459	0
Mar 26 2024	880140	45	3067	0
Mar 27 2024	851381	33	3332	0
