Date	Active Cases	Daily Death	New cases	Recoverd Cases
Feb 15 2020	0	0	0	0
Feb 16 2020	0	0	0	0
Feb 17 2020	0	0	0	0
Feb 18 2020	0	0	0	0
Feb 19 2020	0	0	0	0
Feb 20 2020	0	0	0	0
Feb 21 2020	0	0	0	0
Feb 22 2020	0	0	0	0
Feb 23 2020	0	0	0	0
Feb 24 2020	0	0	0	0
Feb 25 2020	0	0	0	0
Feb 26 2020	0	0	0	0
Feb 27 2020	0	0	0	0
Feb 28 2020	1	0	1	0
Feb 29 2020	1	0	0	0
Mar 01 2020	1	0	0	0
Mar 02 2020	1	0	0	0
Mar 03 2020	1	0	0	0
Mar 04 2020	1	0	0	0
Mar 05 2020	1	0	0	0
Mar 06 2020	1	0	0	0
Mar 07 2020	1	0	0	0
Mar 08 2020	1	0	0	0
Mar 09 2020	2	0	1	0
Mar 10 2020	2	0	0	0
Mar 11 2020	2	0	0	0
Mar 12 2020	2	0	0	0
Mar 13 2020	2	0	0	0
Mar 14 2020	2	0	0	0
Mar 15 2020	1	0	0	0
Mar 16 2020	1	0	0	0
Mar 17 2020	2	0	1	0
Mar 18 2020	7	0	5	0
Mar 19 2020	11	0	4	0
Mar 20 2020	11	0	0	0
Mar 21 2020	21	0	10	0
Mar 22 2020	28	0	8	0
Mar 23 2020	37	1	10	0
Mar 24 2020	41	0	4	0
Mar 25 2020	48	0	7	0
Mar 26 2020	61	0	14	0
Mar 27 2020	66	0	5	0
Mar 28 2020	93	0	27	0
Mar 29 2020	107	0	14	0
Mar 30 2020	121	1	20	0
Mar 31 2020	125	0	4	0
Apr 01 2020	163	0	39	0
Apr 02 2020	162	0	10	0
Apr 03 2020	181	2	26	0
Apr 04 2020	185	0	4	0
Apr 05 2020	194	1	18	0
Apr 06 2020	198	0	6	0
Apr 07 2020	204	1	16	0
Apr 08 2020	226	0	22	0
Apr 09 2020	230	1	12	0
Apr 10 2020	240	0	17	0
Apr 11 2020	238	3	13	0
Apr 12 2020	228	0	5	0
Apr 13 2020	242	0	20	0
Apr 14 2020	263	1	30	0
Apr 15 2020	267	1	34	0
Apr 16 2020	277	1	35	0
Apr 17 2020	317	4	51	0
Apr 18 2020	357	2	49	0
Apr 19 2020	436	2	85	0
Apr 20 2020	455	1	38	0
Apr 21 2020	560	3	117	0
Apr 22 2020	648	3	91	0
Apr 23 2020	753	3	108	0
Apr 24 2020	855	1	114	0
Apr 25 2020	925	3	87	0
Apr 26 2020	994	5	91	0
Apr 27 2020	1042	0	64	0
Apr 28 2020	1233	4	195	0
Apr 29 2020	1370	7	196	0
Apr 30 2020	1555	7	204	0
May 01 2020	1751	10	238	0
May 02 2020	1952	17	218	0
May 03 2020	2071	2	170	0
May 04 2020	2292	6	244	0
May 05 2020	2371	5	148	0
May 06 2020	2508	5	195	0
May 07 2020	2818	4	381	0
May 08 2020	3116	10	386	0
May 09 2020	3278	11	239	0
May 10 2020	3478	15	248	0
May 11 2020	3589	7	242	0
May 12 2020	3670	8	146	0
May 13 2020	3737	6	184	0
May 14 2020	3815	3	191	0
May 15 2020	3954	4	283	0
May 16 2020	3973	5	176	0
May 17 2020	4183	6	338	0
May 18 2020	4340	9	216	0
May 19 2020	4475	1	226	0
May 20 2020	4637	8	276	0
May 21 2020	4898	11	339	0
May 22 2020	5033	10	245	0
May 23 2020	5131	0	265	0
May 24 2020	5350	5	313	0
May 25 2020	5524	7	229	0
May 26 2020	5710	16	276	0
May 27 2020	5978	5	389	0
May 28 2020	6064	5	182	0
May 29 2020	6344	2	387	0
May 30 2020	6726	12	553	0
May 31 2020	6868	14	307	0
Jun 01 2020	7157	12	416	0
Jun 02 2020	7265	15	241	0
Jun 03 2020	7522	1	347	0
Jun 04 2020	7658	8	350	0
Jun 05 2020	7815	10	328	0
Jun 06 2020	8065	9	389	0
Jun 07 2020	8173	12	253	0
Jun 08 2020	8400	7	315	0
Jun 09 2020	8893	4	663	0
Jun 10 2020	9140	17	409	0
Jun 11 2020	9673	5	681	0
Jun 12 2020	9891	12	627	0
Jun 13 2020	10174	8	501	0
Jun 14 2020	10445	13	403	0
Jun 15 2020	10885	4	573	0
Jun 16 2020	11070	31	490	0
Jun 17 2020	11299	14	587	0
Jun 18 2020	11698	6	745	0
Jun 19 2020	12079	12	667	0
Jun 20 2020	12584	19	661	0
Jun 21 2020	12847	12	436	0
Jun 22 2020	13285	7	675	0
Jun 23 2020	13500	8	452	0
Jun 24 2020	13865	9	649	0
Jun 25 2020	14243	7	594	0
Jun 26 2020	14491	5	684	0
Jun 27 2020	14894	4	779	0
Jun 28 2020	14995	7	490	0
Jun 29 2020	15158	8	566	0
Jun 30 2020	15358	17	561	0
Jul 01 2020	15729	13	790	0
Jul 02 2020	15693	13	626	0
Jul 03 2020	15867	12	454	0
Jul 04 2020	16071	6	603	0
Jul 05 2020	16401	11	544	0
Jul 06 2020	16804	9	575	0
Jul 07 2020	17012	15	503	0
Jul 08 2020	17192	15	460	0
Jul 09 2020	17513	5	499	0
Jul 10 2020	17819	20	575	0
Jul 11 2020	18160	15	664	0
Jul 12 2020	18371	16	571	0
Jul 13 2020	18738	4	595	0
Jul 14 2020	19070	10	463	0
Jul 15 2020	19500	6	643	0
Jul 16 2020	19793	9	595	0
Jul 17 2020	20049	3	600	0
Jul 18 2020	20391	6	653	0
Jul 19 2020	20769	11	556	0
Jul 20 2020	21091	12	562	0
Jul 21 2020	21319	4	576	0
Jul 22 2020	21716	8	543	0
Jul 23 2020	22054	20	604	0
Jul 24 2020	22135	12	591	0
Jul 25 2020	22173	11	438	0
Jul 26 2020	22300	2	555	0
Jul 27 2020	22117	2	648	0
Jul 28 2020	22172	8	624	0
Jul 29 2020	22331	5	404	0
Jul 30 2020	22541	5	481	0
Jul 31 2020	22707	1	462	0
Aug 01 2020	22567	4	386	0
Aug 02 2020	22645	5	304	0
Aug 03 2020	22570	8	288	0
Aug 04 2020	11672	14	304	0
Aug 05 2020	11798	17	457	0
Aug 06 2020	11884	3	354	0
Aug 07 2020	12114	6	443	0
Aug 08 2020	12154	6	453	0
Aug 09 2020	12446	3	437	0
Aug 10 2020	12571	5	290	0
Aug 11 2020	12725	6	423	0
Aug 12 2020	12844	0	453	0
Aug 13 2020	12841	10	373	0
Aug 14 2020	11474	7	329	0
Aug 15 2020	11506	1	325	0
Aug 16 2020	11596	1	298	0
Aug 17 2020	11674	2	417	0
Aug 18 2020	11863	4	410	0
Aug 19 2020	12199	4	593	0
Aug 20 2020	12403	7	476	0
Aug 21 2020	12423	4	340	0
Aug 22 2020	12141	1	601	0
Aug 23 2020	12280	5	322	0
Aug 24 2020	12287	2	321	0
Aug 25 2020	11829	3	252	0
Aug 26 2020	11730	3	221	0
Aug 27 2020	11580	1	296	0
Aug 28 2020	11449	0	160	0
Aug 29 2020	11402	0	250	0
Aug 30 2020	11339	2	138	0
Aug 31 2020	11357	0	143	0
Sep 01 2020	11214	10	239	0
Sep 02 2020	10997	4	216	0
Sep 03 2020	10912	21	124	0
Sep 04 2020	10876	3	156	0
Sep 05 2020	10929	3	162	0
Sep 06 2020	10935	3	100	0
Sep 07 2020	10868	4	155	0
Sep 08 2020	11055	6	296	0
Sep 09 2020	10952	3	176	0
Sep 10 2020	10944	5	197	0
Sep 11 2020	10943	1	188	0
Sep 12 2020	11011	2	160	0
Sep 13 2020	11022	4	79	0
Sep 14 2020	10968	1	132	0
Sep 15 2020	10960	5	90	0
Sep 16 2020	7641	3	126	0
Sep 17 2020	7550	2	131	0
Sep 18 2020	7557	1	221	0
Sep 19 2020	7619	1	189	0
Sep 20 2020	7575	3	97	0
Sep 21 2020	7663	2	195	0
Sep 22 2020	7677	0	176	0
Sep 23 2020	7637	2	111	0
Sep 24 2020	7649	0	125	0
Sep 25 2020	7353	1	213	0
Sep 26 2020	7370	3	136	0
Sep 27 2020	7422	2	126	0
Sep 28 2020	7454	3	136	0
Sep 29 2020	7599	0	187	0
Sep 30 2020	7378	1	201	0
Oct 01 2020	7437	0	153	0
Oct 02 2020	7422	0	126	0
Oct 03 2020	7456	1	160	0
Oct 04 2020	7464	0	58	0
Oct 05 2020	7401	0	120	0
Oct 06 2020	7162	0	118	0
Oct 07 2020	7222	0	155	0
Oct 08 2020	7177	0	103	0
Oct 09 2020	7265	0	151	0
Oct 10 2020	7277	2	111	0
Oct 11 2020	7416	0	163	0
Oct 12 2020	7372	0	164	0
Oct 13 2020	7533	1	225	0
Oct 14 2020	7575	0	179	0
Oct 15 2020	7672	0	148	0
Oct 16 2020	7771	3	212	0
Oct 17 2020	3627	4	113	0
Oct 18 2020	3704	2	133	0
Oct 19 2020	3736	0	118	0
Oct 20 2020	3708	0	72	0
Oct 21 2020	3662	0	37	0
Oct 22 2020	3693	2	138	0
Oct 23 2020	3563	2	77	0
Oct 24 2020	3516	0	48	0
Oct 25 2020	3397	1	62	0
Oct 26 2020	3408	2	119	0
Oct 27 2020	3173	3	113	0
Oct 28 2020	3137	4	147	0
Oct 29 2020	3131	2	150	0
Oct 30 2020	3117	3	170	0
Oct 31 2020	3034	0	162	0
Nov 01 2020	3028	2	111	0
Nov 02 2020	2561	1	72	0
Nov 03 2020	2388	4	137	0
Nov 04 2020	2499	3	155	0
Nov 05 2020	2606	0	180	0
Nov 06 2020	2733	0	223	0
Nov 07 2020	2752	0	59	0
Nov 08 2020	3026	0	300	0
Nov 09 2020	2957	4	94	0
Nov 10 2020	2843	2	152	0
Nov 11 2020	2617	2	180	0
Nov 12 2020	2776	0	212	0
Nov 13 2020	2785	1	156	0
Nov 14 2020	2804	0	112	0
Nov 15 2020	2912	0	152	0
Nov 16 2020	2980	0	157	0
Nov 17 2020	2957	0	152	0
Nov 18 2020	3073	0	236	0
Nov 19 2020	3101	2	146	0
Nov 20 2020	3035	0	143	0
Nov 21 2020	3178	1	246	0
Nov 22 2020	3140	1	155	0
Nov 23 2020	3030	1	56	0
Nov 24 2020	3127	1	168	0
Nov 25 2020	3143	0	198	0
Nov 26 2020	3220	0	169	0
Nov 27 2020	3363	2	246	0
Nov 28 2020	3340	0	110	0
Nov 29 2020	3184	2	82	0
Nov 30 2020	3102	0	145	0
Dec 01 2020	3232	3	281	0
Dec 02 2020	2944	1	122	0
Dec 03 2020	2833	2	343	0
Dec 04 2020	2981	0	324	0
Dec 05 2020	3107	1	310	0
Dec 06 2020	3301	0	318	0
Dec 07 2020	3517	1	390	0
Dec 08 2020	3903	1	550	0
Dec 09 2020	4243	2	474	0
Dec 10 2020	4680	6	675	0
Dec 11 2020	5228	0	796	0
Dec 12 2020	5713	4	617	0
Dec 13 2020	5888	3	418	0
Dec 14 2020	5863	0	199	0
Dec 15 2020	6438	3	758	0
Dec 16 2020	7087	0	930	0
Dec 17 2020	7896	1	1145	0
Dec 18 2020	8317	11	806	0
Dec 19 2020	8931	6	920	0
Dec 20 2020	8910	3	501	0
Dec 21 2020	9070	6	356	0
Dec 22 2020	9679	4	999	0
Dec 23 2020	10412	5	1133	0
Dec 24 2020	11070	6	1041	0
Dec 25 2020	11253	4	784	0
Dec 26 2020	11834	1	829	0
Dec 27 2020	12126	7	838	0
Dec 28 2020	12190	10	397	0
Dec 29 2020	12356	3	749	0
Dec 30 2020	11976	11	1016	0
Dec 31 2020	12605	11	1031	0
Jan 01 2021	12920	5	980	0
Jan 02 2021	13072	8	576	0
Jan 03 2021	13725	9	917	0
Jan 04 2021	14334	7	1271	0
Jan 05 2021	14990	1	1354	0
Jan 06 2021	15746	5	1664	0
Jan 07 2021	16622	6	1565	0
Jan 08 2021	17584	12	1544	0
Jan 09 2021	18296	8	1585	0
Jan 10 2021	18699	8	1024	0
Jan 11 2021	19479	3	1244	0
Jan 12 2021	19654	12	1270	0
Jan 13 2021	20062	9	1398	0
Jan 14 2021	20243	23	1479	0
Jan 15 2021	21397	8	1867	0
Jan 16 2021	22156	7	1598	0
Jan 17 2021	19635	15	1444	0
Jan 18 2021	20616	14	1617	0
Jan 19 2021	20641	15	1301	0
Jan 20 2021	20877	14	1386	0
Jan 21 2021	21524	7	1964	0
Jan 22 2021	22595	12	2314	0
Jan 23 2021	23199	5	1633	0
Jan 24 2021	22834	2	964	0
Jan 25 2021	23130	3	1430	0
Jan 26 2021	23501	15	1303	0
Jan 27 2021	24252	21	1861	0
Jan 28 2021	24499	7	1400	0
Jan 29 2021	24317	27	1114	0
Jan 30 2021	25267	1	1883	0
Jan 31 2021	24667	8	685	0
Feb 01 2021	24036	21	676	0
Feb 02 2021	24388	6	1634	0
Feb 03 2021	24415	5	1138	0
Feb 04 2021	23949	14	1340	0
Feb 05 2021	24374	9	1624	0
Feb 06 2021	25038	6	1588	0
Feb 07 2021	24556	20	506	0
Feb 08 2021	24083	6	643	0
Feb 09 2021	23998	21	1056	0
Feb 10 2021	23929	8	1131	0
Feb 11 2021	23794	8	938	0
Feb 12 2021	23921	24	1005	0
Feb 13 2021	23518	13	1143	0
Feb 14 2021	23408	6	690	0
Feb 15 2021	22158	8	574	0
Feb 16 2021	21798	18	1572	0
Feb 17 2021	21860	8	869	0
Feb 18 2021	22026	16	877	0
Feb 19 2021	21571	10	662	0
Feb 20 2021	21717	18	645	0
Feb 21 2021	21616	8	521	0
Feb 22 2021	21454	23	542	0
Feb 23 2021	21370	12	571	0
Feb 24 2021	21139	11	655	0
Feb 25 2021	20886	6	634	0
Feb 26 2021	20630	11	600	0
Feb 27 2021	20256	3	341	0
Feb 28 2021	19982	2	240	0
Mar 01 2021	20198	8	360	0
Mar 02 2021	20022	8	479	0
Mar 03 2021	19209	16	464	0
Mar 04 2021	19385	12	711	0
Mar 05 2021	19063	3	371	0
Mar 06 2021	18628	10	195	0
Mar 07 2021	18647	5	269	0
Mar 08 2021	18422	13	400	0
Mar 09 2021	18208	6	346	0
Mar 10 2021	17670	5	394	0
Mar 11 2021	15528	8	287	0
Mar 12 2021	14264	8	399	0
Mar 13 2021	13810	4	205	0
Mar 14 2021	13245	0	120	0
Mar 15 2021	13127	3	238	0
Mar 16 2021	12984	2	179	0
Mar 17 2021	12783	9	200	0
Mar 18 2021	12492	0	135	0
Mar 19 2021	11931	0	130	0
Mar 20 2021	11846	3	112	0
Mar 21 2021	11808	0	86	0
Mar 22 2021	11713	0	131	0
Mar 23 2021	11515	1	208	0
Mar 24 2021	11421	0	102	0
Mar 25 2021	10357	5	97	0
Mar 26 2021	10363	3	113	0
Mar 27 2021	10243	2	101	0
Mar 28 2021	10237	7	104	0
Mar 29 2021	10126	1	48	0
Mar 30 2021	9173	8	121	0
Mar 31 2021	9186	0	129	0
Apr 01 2021	9231	1	106	0
Apr 02 2021	9170	0	66	0
Apr 03 2021	9202	0	50	0
Apr 04 2021	9139	0	82	0
Apr 05 2021	9227	0	135	0
Apr 06 2021	7700	0	58	0
Apr 07 2021	7652	0	110	0
Apr 08 2021	7518	0	83	0
Apr 09 2021	7520	1	71	0
Apr 10 2021	7578	1	84	0
Apr 11 2021	7632	0	63	0
Apr 12 2021	7599	1	38	0
Apr 13 2021	7625	0	74	0
Apr 14 2021	7669	0	89	0
Apr 15 2021	7734	0	80	0
Apr 16 2021	7782	0	67	0
Apr 17 2021	7821	0	60	0
Apr 18 2021	7840	0	26	0
Apr 19 2021	7858	0	70	0
Apr 20 2021	7956	0	120	0
Apr 21 2021	7986	0	65	0
Apr 22 2021	7949	0	100	0
Apr 23 2021	7929	0	45	0
Apr 24 2021	7936	0	51	0
Apr 25 2021	7731	1	35	0
Apr 26 2021	7731	0	37	0
Apr 27 2021	7837	1	156	0
Apr 28 2021	7909	0	81	0
Apr 29 2021	7951	0	62	0
Apr 30 2021	7946	0	55	0
May 01 2021	7946	0	0	0
May 02 2021	7981	0	43	0
May 03 2021	7765	0	46	0
May 04 2021	7781	0	16	0
May 05 2021	7805	2	58	0
May 06 2021	7812	0	28	0
May 07 2021	7821	0	39	0
May 08 2021	7055	0	30	0
May 09 2021	7057	0	49	0
May 10 2021	7085	0	49	0
May 11 2021	7092	0	47	0
May 12 2021	7119	1	44	0
May 13 2021	7159	0	53	0
May 14 2021	7196	0	49	0
May 15 2021	7224	0	41	0
May 16 2021	7230	0	7	0
May 17 2021	7296	1	69	0
May 18 2021	7322	0	31	0
May 19 2021	7329	0	43	0
May 20 2021	7375	0	49	0
May 21 2021	7415	0	43	0
May 22 2021	7444	0	35	0
May 23 2021	7476	0	40	0
May 24 2021	7502	0	42	0
May 25 2021	7499	4	37	0
May 26 2021	7546	0	48	0
May 27 2021	7585	0	45	0
May 28 2021	7637	0	63	0
May 29 2021	7657	0	31	0
May 30 2021	7686	0	30	0
May 31 2021	5638	28	203	0
Jun 01 2021	4500	0	16	0
Jun 02 2021	4515	0	26	0
Jun 03 2021	2044	18	122	0
Jun 04 2021	2029	0	48	0
Jun 05 2021	1645	0	26	0
Jun 06 2021	1554	0	11	0
Jun 07 2021	1509	0	49	0
Jun 08 2021	1542	0	102	0
Jun 09 2021	1534	0	64	0
Jun 10 2021	1534	0	0	0
Jun 11 2021	1504	0	69	0
Jun 12 2021	1506	0	8	0
Jun 13 2021	1486	0	7	0
Jun 14 2021	1492	0	12	0
Jun 15 2021	1495	0	17	0
Jun 16 2021	1458	0	8	0
Jun 17 2021	1490	0	39	0
Jun 18 2021	1498	0	13	0
Jun 19 2021	1539	0	51	0
Jun 20 2021	1532	0	0	0
Jun 21 2021	1377	1	86	0
Jun 22 2021	1300	0	39	0
Jun 23 2021	1340	0	44	0
Jun 24 2021	1350	0	26	0
Jun 25 2021	1374	1	29	0
Jun 26 2021	1400	0	35	0
Jun 27 2021	1399	0	2	0
Jun 28 2021	1429	0	65	0
Jun 29 2021	1438	1	11	0
Jun 30 2021	1254	0	75	0
Jul 01 2021	1298	1	74	0
Jul 02 2021	1242	0	40	0
Jul 03 2021	1304	0	71	0
Jul 04 2021	1356	0	56	0
Jul 05 2021	1387	1	50	0
Jul 06 2021	1473	0	91	0
Jul 07 2021	1580	0	110	0
Jul 08 2021	1719	0	146	0
Jul 09 2021	1897	0	186	0
Jul 10 2021	1987	0	98	0
Jul 11 2021	1989	2	12	0
Jul 12 2021	2113	0	161	0
Jul 13 2021	2119	1	154	0
Jul 14 2021	2138	0	48	0
Jul 15 2021	2286	1	159	0
Jul 16 2021	2414	0	132	0
Jul 17 2021	2531	0	123	0
Jul 18 2021	2706	1	203	0
Jul 19 2021	2830	1	146	0
Jul 20 2021	3023	0	206	0
Jul 21 2021	3251	2	238	0
Jul 22 2021	3404	0	184	0
Jul 23 2021	3712	1	317	0
Jul 24 2021	3975	1	272	0
Jul 25 2021	4190	0	216	0
Jul 26 2021	4392	2	213	0
Jul 27 2021	4757	0	404	0
Jul 28 2021	5238	5	535	0
Jul 29 2021	5750	2	558	0
Jul 30 2021	6284	8	590	0
Jul 31 2021	6765	0	497	0
Aug 01 2021	7161	0	407	0
Aug 02 2021	7562	11	444	0
Aug 03 2021	7979	3	505	0
Aug 04 2021	8636	4	747	0
Aug 05 2021	9076	11	566	0
Aug 06 2021	9552	3	565	0
Aug 07 2021	9958	4	473	0
Aug 08 2021	10136	2	471	0
Aug 09 2021	10334	5	422	0
Aug 10 2021	10793	2	610	0
Aug 11 2021	11510	1	790	0
Aug 12 2021	11901	5	753	0
Aug 13 2021	12377	11	636	0
Aug 14 2021	12917	8	665	0
Aug 15 2021	13152	0	541	0
Aug 16 2021	13554	4	584	0
Aug 17 2021	13756	6	357	0
Aug 18 2021	14619	7	1149	0
Aug 19 2021	15100	8	674	0
Aug 20 2021	15200	3	304	0
Aug 21 2021	16055	13	1064	0
Aug 22 2021	16300	8	388	0
Aug 23 2021	16494	8	565	0
Aug 24 2021	16927	5	655	0
Aug 25 2021	17210	7	637	0
Aug 26 2021	17791	10	835	0
Aug 27 2021	18210	10	618	0
Aug 28 2021	10575	53	650	0
Aug 29 2021	10608	93	362	0
Aug 30 2021	10858	1	460	0
Aug 31 2021	11203	14	626	0
Sep 01 2021	11533	11	582	0
Sep 02 2021	11862	8	631	0
Sep 03 2021	11914	7	444	0
Sep 04 2021	10067	27	964	0
Sep 05 2021	8430	30	459	0
Sep 06 2021	8452	4	379	0
Sep 07 2021	8755	17	597	0
Sep 08 2021	9089	5	559	0
Sep 09 2021	9591	7	727	0
Sep 10 2021	9871	3	466	0
Sep 11 2021	10121	2	547	0
Sep 12 2021	10135	8	365	0
Sep 13 2021	8492	21	387	0
Sep 14 2021	8701	18	519	0
Sep 15 2021	8799	3	299	0
Sep 16 2021	8964	7	601	0
Sep 17 2021	9037	2	337	0
Sep 18 2021	8688	5	336	0
Sep 19 2021	8580	1	168	0
Sep 20 2021	8629	6	393	0
Sep 21 2021	8670	3	513	0
Sep 22 2021	8814	2	377	0
Sep 23 2021	8904	2	433	0
Sep 24 2021	9181	3	477	0
Sep 25 2021	9107	2	210	0
Sep 26 2021	9159	4	255	0
Sep 27 2021	9111	13	296	0
Sep 28 2021	9092	5	295	0
Sep 29 2021	9301	6	437	0
Sep 30 2021	9427	20	295	0
Oct 01 2021	9404	3	161	0
Oct 02 2021	9447	0	124	0
Oct 03 2021	9317	0	74	0
Oct 04 2021	9388	0	141	0
Oct 05 2021	9417	7	344	0
Oct 06 2021	9417	0	0	0
Oct 07 2021	9681	11	596	0
Oct 08 2021	9684	1	260	0
Oct 09 2021	9741	2	139	0
Oct 10 2021	9673	2	76	0
Oct 11 2021	9596	9	284	0
Oct 12 2021	9461	0	175	0
Oct 13 2021	9520	5	251	0
Oct 14 2021	9537	6	226	0
Oct 15 2021	9603	2	167	0
Oct 16 2021	9285	35	376	0
Oct 17 2021	9318	33	125	0
Oct 18 2021	9237	1	89	0
Oct 19 2021	9162	0	159	0
Oct 20 2021	9149	2	167	0
Oct 21 2021	9084	10	247	0
Oct 22 2021	9164	5	176	0
Oct 23 2021	9248	1	159	0
Oct 24 2021	5199	26	165	0
Oct 25 2021	5613	2	711	0
Oct 26 2021	5643	0	159	0
Oct 27 2021	5680	2	166	0
Oct 28 2021	5856	6	182	0
Oct 29 2021	5941	3	120	0
Oct 30 2021	5912	0	89	0
Oct 31 2021	5944	1	74	0
Nov 01 2021	5815	2	90	0
Nov 02 2021	5727	1	99	0
Nov 03 2021	5449	1	209	0
Nov 04 2021	5497	2	87	0
Nov 05 2021	5425	0	65	0
Nov 06 2021	5473	3	116	0
Nov 07 2021	5428	1	86	0
Nov 08 2021	5480	0	52	0
Nov 09 2021	5536	8	64	0
Nov 10 2021	5297	8	65	0
Nov 11 2021	5014	11	53	0
Nov 12 2021	4644	16	129	0
Nov 13 2021	4676	11	51	0
Nov 14 2021	4447	8	20	0
Nov 15 2021	4439	0	30	0
Nov 16 2021	4142	5	144	0
Nov 17 2021	4185	0	82	0
Nov 18 2021	4199	0	61	0
Nov 19 2021	4213	0	23	0
Nov 20 2021	4073	0	45	0
Nov 21 2021	4097	1	57	0
Nov 22 2021	3873	0	36	0
Nov 23 2021	3906	0	52	0
Nov 24 2021	3828	0	141	0
Nov 25 2021	3814	1	65	0
Nov 26 2021	3835	0	41	0
Nov 27 2021	3823	0	58	0
Nov 28 2021	3862	1	110	0
Nov 29 2021	3845	0	21	0
Nov 30 2021	3937	1	105	0
Dec 01 2021	3980	1	52	0
Dec 02 2021	3982	0	47	0
Dec 03 2021	4130	2	196	0
Dec 04 2021	4160	0	54	0
Dec 05 2021	4192	0	55	0
Dec 06 2021	4331	0	167	0
Dec 07 2021	4421	0	107	0
Dec 08 2021	4664	0	268	0
Dec 09 2021	5318	1	754	0
Dec 10 2021	5809	0	533	0
Dec 11 2021	6379	0	612	0
Dec 12 2021	6754	0	418	0
Dec 13 2021	4807	2	385	0
Dec 14 2021	4359	0	730	0
Dec 15 2021	5745	0	1424	0
Dec 16 2021	6743	0	1051	0
Dec 17 2021	8298	1	1584	0
Dec 18 2021	8977	0	828	0
Dec 19 2021	9365	1	404	0
Dec 20 2021	10610	0	1368	0
Dec 21 2021	12628	4	2123	0
Dec 22 2021	16569	2	4035	0
Dec 23 2021	18322	0	1940	0
Dec 24 2021	19479	2	1356	0
Dec 25 2021	20643	21	1305	0
Dec 26 2021	21989	8	1547	0
Dec 27 2021	22626	2	859	0
Dec 28 2021	22812	3	599	0
Dec 29 2021	23866	3	1368	0
Dec 30 2021	24480	0	1126	0
Dec 31 2021	25014	1	828	0
Jan 01 2022	25066	2	536	0
Jan 02 2022	25059	6	573	0
Jan 03 2022	24895	6	670	0
Jan 04 2022	24681	8	428	0
Jan 05 2022	25099	5	856	0
Jan 06 2022	25620	8	791	0
Jan 07 2022	26107	4	814	0
Jan 08 2022	26277	1	766	0
Jan 09 2022	26238	6	537	0
Jan 10 2022	26168	8	420	0
Jan 11 2022	25873	1	422	0
Jan 12 2022	25655	6	432	0
Jan 13 2022	25714	0	423	0
Jan 14 2022	23774	0	352	0
Jan 15 2022	23768	3	267	0
Jan 16 2022	23774	8	301	0
Jan 17 2022	23439	7	249	0
Jan 18 2022	23286	6	163	0
Jan 19 2022	23174	1	230	0
Jan 20 2022	23116	6	123	0
Jan 21 2022	22900	1	236	0
Jan 22 2022	22889	0	29	0
Jan 23 2022	22655	0	228	0
Jan 24 2022	22298	2	241	0
Jan 25 2022	22054	7	250	0
Jan 26 2022	21482	1	75	0
Jan 27 2022	21302	0	87	0
Jan 28 2022	21146	0	72	0
Jan 29 2022	21164	1	89	0
Jan 30 2022	20869	0	22	0
Jan 31 2022	20730	1	158	0
Feb 01 2022	20554	0	159	0
Feb 02 2022	20593	0	65	0
Feb 03 2022	20476	0	100	0
Feb 04 2022	20422	0	35	0
Feb 05 2022	20420	3	145	0
Feb 06 2022	20462	0	42	0
Feb 07 2022	20496	0	53	0
Feb 08 2022	20488	0	58	0
Feb 09 2022	20515	0	37	0
Feb 10 2022	20491	0	48	0
Feb 11 2022	20513	1	47	0
Feb 12 2022	20514	1	8	0
Feb 13 2022	20478	0	38	0
Feb 14 2022	20493	0	75	0
Feb 15 2022	20511	0	33	0
Feb 16 2022	20517	0	13	0
Feb 17 2022	20511	0	45	0
Feb 18 2022	20530	1	39	0
Feb 19 2022	20514	0	22	0
Feb 20 2022	20396	0	50	0
Feb 21 2022	20390	0	32	0
Feb 22 2022	20364	0	27	0
Feb 23 2022	20406	0	42	0
Feb 24 2022	2436	0	34	0
Feb 25 2022	2456	0	33	0
Feb 26 2022	2366	0	40	0
Feb 27 2022	2370	0	24	0
Feb 28 2022	2339	0	35	0
Mar 01 2022	2338	0	10	0
Mar 02 2022	2318	0	28	0
Mar 03 2022	2310	0	8	0
Mar 04 2022	2335	0	31	0
Mar 05 2022	2327	0	3	0
Mar 06 2022	2313	0	17	0
Mar 07 2022	2311	0	2	0
Mar 08 2022	2426	0	118	0
Mar 09 2022	2412	0	84	0
Mar 10 2022	2426	0	33	0
Mar 11 2022	2468	0	51	0
Mar 12 2022	2471	0	8	0
Mar 13 2022	2475	0	36	0
Mar 14 2022	2486	0	12	0
Mar 15 2022	2486	0	0	0
Mar 16 2022	2493	0	91	0
Mar 17 2022	2493	0	0	0
Mar 18 2022	2501	0	11	0
Mar 19 2022	2501	0	0	0
Mar 20 2022	2501	0	0	0
Mar 21 2022	2501	0	0	0
Mar 22 2022	2572	0	87	0
Mar 23 2022	2616	0	54	0
Mar 24 2022	2616	0	0	0
Mar 25 2022	2659	0	52	0
Mar 26 2022	2659	0	0	0
Mar 27 2022	2659	0	0	0
Mar 28 2022	2633	0	45	0
Mar 29 2022	2633	0	0	0
Mar 30 2022	2667	0	74	0
Mar 31 2022	2667	0	0	0
Apr 01 2022	2714	0	53	0
Apr 02 2022	2714	0	0	0
Apr 03 2022	2714	0	0	0
Apr 04 2022	2714	0	0	0
Apr 05 2022	2700	0	48	0
Apr 06 2022	2700	0	0	0
Apr 07 2022	2747	0	59	0
Apr 08 2022	2747	0	0	0
Apr 09 2022	2746	0	31	0
Apr 10 2022	2746	0	0	0
Apr 11 2022	2666	0	27	0
Apr 12 2022	2666	0	0	0
Apr 13 2022	2666	0	0	0
Apr 14 2022	2661	1	13	0
Apr 15 2022	2661	0	0	0
Apr 16 2022	2658	0	2	0
Apr 17 2022	2658	0	0	0
Apr 18 2022	2658	0	0	0
Apr 19 2022	2653	0	22	0
Apr 20 2022	2653	0	0	0
Apr 21 2022	2650	0	9	0
Apr 22 2022	2652	0	6	0
Apr 23 2022	2652	0	0	0
Apr 24 2022	2652	0	0	0
Apr 25 2022	2652	0	0	0
Apr 26 2022	2652	0	0	0
Apr 27 2022	2652	0	0	0
Apr 28 2022	2677	0	31	0
Apr 29 2022	2677	0	0	0
Apr 30 2022	2699	0	37	0
May 01 2022	2699	0	0	0
May 02 2022	2699	0	0	0
May 03 2022	2709	0	13	0
May 04 2022	2709	0	0	0
May 05 2022	2709	0	0	0
May 06 2022	2709	0	0	0
May 07 2022	2709	0	0	0
May 08 2022	2709	0	0	0
May 09 2022	2709	0	0	0
May 10 2022	2723	0	36	0
May 11 2022	2723	0	0	0
May 12 2022	2757	0	34	0
May 13 2022	2757	0	0	0
May 14 2022	2773	0	23	0
May 15 2022	2773	0	0	0
May 16 2022	2773	0	0	0
May 17 2022	2773	0	0	0
May 18 2022	2785	0	30	0
May 19 2022	2804	0	35	0
May 20 2022	2804	0	0	0
May 21 2022	2798	0	13	0
May 22 2022	2798	0	0	0
May 23 2022	2798	0	0	0
May 24 2022	2805	0	35	0
May 25 2022	2805	0	0	0
May 26 2022	2837	0	32	0
May 27 2022	2849	0	24	0
May 28 2022	2849	0	0	0
May 29 2022	2849	0	0	0
May 30 2022	2849	0	0	0
May 31 2022	2849	0	0	0
Jun 01 2022	2849	0	0	0
Jun 02 2022	2910	0	85	0
Jun 03 2022	2910	0	0	0
Jun 04 2022	2940	0	35	0
Jun 05 2022	2940	0	0	0
Jun 06 2022	2940	0	0	0
Jun 07 2022	2971	0	79	0
Jun 08 2022	2971	0	0	0
Jun 09 2022	3003	1	37	0
Jun 10 2022	3003	0	0	0
Jun 11 2022	3077	0	88	0
Jun 12 2022	3077	0	0	0
Jun 13 2022	3077	0	0	0
Jun 14 2022	3123	0	52	0
Jun 15 2022	3123	0	0	0
Jun 16 2022	3169	0	63	0
Jun 17 2022	3169	0	0	0
Jun 18 2022	3274	0	106	0
Jun 19 2022	3274	0	0	0
Jun 20 2022	3274	0	0	0
Jun 21 2022	3409	0	138	0
Jun 22 2022	3409	0	0	0
Jun 23 2022	3409	0	0	0
Jun 24 2022	3409	0	0	0
Jun 25 2022	3637	0	247	0
Jun 26 2022	3637	0	0	0
Jun 27 2022	3637	0	0	0
Jun 28 2022	3637	0	0	0
Jun 29 2022	3637	0	0	0
Jun 30 2022	3917	0	332	0
Jul 01 2022	3917	0	0	0
Jul 02 2022	4206	0	347	0
Jul 03 2022	4206	0	0	0
Jul 04 2022	4206	0	0	0
Jul 05 2022	4206	0	0	0
Jul 06 2022	4206	0	0	0
Jul 07 2022	4206	0	0	0
Jul 08 2022	4206	0	0	0
Jul 09 2022	4985	0	880	0
Jul 10 2022	4985	0	0	0
Jul 11 2022	4985	0	0	0
Jul 12 2022	5274	0	357	0
Jul 13 2022	5274	0	0	0
Jul 14 2022	5318	0	60	0
Jul 15 2022	5318	0	0	0
Jul 16 2022	5378	0	73	0
Jul 17 2022	5378	0	0	0
Jul 18 2022	5378	0	0	0
Jul 19 2022	3302	2	478	0
Jul 20 2022	3302	0	0	0
Jul 21 2022	3500	0	235	0
Jul 22 2022	3500	0	0	0
Jul 23 2022	3626	1	619	0
Jul 24 2022	3626	0	0	0
Jul 25 2022	3626	0	0	0
Jul 26 2022	4025	0	425	0
Jul 27 2022	4025	0	0	0
Jul 28 2022	4140	0	213	0
Jul 29 2022	4140	0	0	0
Jul 30 2022	4140	0	0	0
Jul 31 2022	4140	0	0	0
Aug 01 2022	4140	0	0	0
Aug 02 2022	3373	0	496	0
Aug 03 2022	3373	0	0	0
Aug 04 2022	3373	0	0	0
Aug 05 2022	3373	0	0	0
Aug 06 2022	3373	0	0	0
Aug 07 2022	3257	0	412	0
Aug 08 2022	3257	0	0	0
Aug 09 2022	3257	0	0	0
Aug 10 2022	3257	0	0	0
Aug 11 2022	3774	0	517	0
Aug 12 2022	3774	0	0	0
Aug 13 2022	3228	0	118	0
Aug 14 2022	3228	0	0	0
Aug 15 2022	3228	0	0	0
Aug 16 2022	3183	0	144	0
Aug 17 2022	3183	0	0	0
Aug 18 2022	3083	0	84	0
Aug 19 2022	3083	0	0	0
Aug 20 2022	3156	0	164	0
Aug 21 2022	3156	0	0	0
Aug 22 2022	3156	0	0	0
Aug 23 2022	3178	1	178	0
Aug 24 2022	3178	0	0	0
Aug 25 2022	2921	0	232	0
Aug 26 2022	2921	0	0	0
Aug 27 2022	2985	0	85	0
Aug 28 2022	2985	0	0	0
Aug 29 2022	2985	0	0	0
Aug 30 2022	3035	0	119	0
Aug 31 2022	3035	0	0	0
Sep 01 2022	3159	0	168	0
Sep 02 2022	3159	0	0	0
Sep 03 2022	3266	0	173	0
Sep 04 2022	3266	0	0	0
Sep 05 2022	3266	0	0	0
Sep 06 2022	3356	0	147	0
Sep 07 2022	3356	0	0	0
Sep 08 2022	3516	6	285	0
Sep 09 2022	3516	0	0	0
Sep 10 2022	3516	0	0	0
Sep 11 2022	3626	0	151	0
Sep 12 2022	3626	0	0	0
Sep 13 2022	3582	1	167	0
Sep 14 2022	3582	0	0	0
Sep 15 2022	3680	0	127	0
Sep 16 2022	3680	0	0	0
Sep 17 2022	3824	0	189	0
Sep 18 2022	3824	0	0	0
Sep 19 2022	3824	0	0	0
Sep 20 2022	3812	0	75	0
Sep 21 2022	3812	0	0	0
Sep 22 2022	3829	0	82	0
Sep 23 2022	3829	0	0	0
Sep 24 2022	3892	0	96	0
Sep 25 2022	3892	0	0	0
Sep 26 2022	3892	0	0	0
Sep 27 2022	3834	0	130	0
Sep 28 2022	3834	0	0	0
Sep 29 2022	3846	0	66	0
Sep 30 2022	3846	0	0	0
Oct 01 2022	3882	0	49	0
Oct 02 2022	3882	0	0	0
Oct 03 2022	3882	0	0	0
Oct 04 2022	3880	0	74	0
Oct 05 2022	3880	0	0	0
Oct 06 2022	3593	0	236	0
Oct 07 2022	3593	0	0	0
Oct 08 2022	3618	0	75	0
Oct 09 2022	3618	0	0	0
Oct 10 2022	3618	0	0	0
Oct 11 2022	3618	0	0	0
Oct 12 2022	3618	0	0	0
Oct 13 2022	3618	0	0	0
Oct 14 2022	3618	0	0	0
Oct 15 2022	3523	0	121	0
Oct 16 2022	3523	0	0	0
Oct 17 2022	3523	0	0	0
Oct 18 2022	3523	0	0	0
Oct 19 2022	3523	0	0	0
Oct 20 2022	3523	0	0	0
Oct 21 2022	3523	0	0	0
Oct 22 2022	3500	0	106	0
Oct 23 2022	3500	0	0	0
Oct 24 2022	3500	0	0	0
Oct 25 2022	3500	0	0	0
Oct 26 2022	3500	0	0	0
Oct 27 2022	3500	0	0	0
Oct 28 2022	3500	0	0	0
Oct 29 2022	3526	0	95	0
Oct 30 2022	3526	0	0	0
Oct 31 2022	3526	0	0	0
Nov 01 2022	3526	0	0	0
Nov 02 2022	3526	0	0	0
Nov 03 2022	3526	0	0	0
Nov 04 2022	3526	0	0	0
Nov 05 2022	3505	0	54	0
Nov 06 2022	3505	0	0	0
Nov 07 2022	3505	0	0	0
Nov 08 2022	3505	0	0	0
Nov 09 2022	3505	0	0	0
Nov 10 2022	3505	0	0	0
Nov 11 2022	3505	0	0	0
Nov 12 2022	3532	0	50	0
Nov 13 2022	3532	0	0	0
Nov 14 2022	3532	0	0	0
Nov 15 2022	3532	0	0	0
Nov 16 2022	3532	0	0	0
Nov 17 2022	3532	0	0	0
Nov 18 2022	3532	0	0	0
Nov 19 2022	3488	0	41	0
Nov 20 2022	3488	0	0	0
Nov 21 2022	3488	0	0	0
Nov 22 2022	3488	0	0	0
Nov 23 2022	3488	0	0	0
Nov 24 2022	3488	0	0	0
Nov 25 2022	3488	0	0	0
Nov 26 2022	3488	0	0	0
Nov 27 2022	3488	0	0	0
Nov 28 2022	3488	0	0	0
Nov 29 2022	3488	0	0	0
Nov 30 2022	3488	0	0	0
Dec 01 2022	3488	0	0	0
Dec 02 2022	3488	0	0	0
Dec 03 2022	3488	0	0	0
Dec 04 2022	3488	0	0	0
Dec 05 2022	3488	0	0	0
Dec 06 2022	3488	0	0	0
Dec 07 2022	3488	0	0	0
Dec 08 2022	3488	0	0	0
Dec 09 2022	3488	0	0	0
Dec 10 2022	3488	0	0	0
Dec 11 2022	3488	0	0	0
Dec 12 2022	3467	0	98	0
Dec 13 2022	3467	0	0	0
Dec 14 2022	3467	0	0	0
Dec 15 2022	3467	0	0	0
Dec 16 2022	3467	0	0	0
Dec 17 2022	3467	0	0	0
Dec 18 2022	3467	0	0	0
Dec 19 2022	3467	0	0	0
Dec 20 2022	3467	0	0	0
Dec 21 2022	3467	0	0	0
Dec 22 2022	3467	0	0	0
Dec 23 2022	3467	0	0	0
Dec 24 2022	3467	0	0	0
Dec 25 2022	3467	0	0	0
Dec 26 2022	3467	0	0	0
Dec 27 2022	3467	0	0	0
Dec 28 2022	3467	0	0	0
Dec 29 2022	3467	0	0	0
Dec 30 2022	3467	0	0	0
Dec 31 2022	3467	0	0	0
Jan 01 2023	3467	0	0	0
Jan 02 2023	3451	0	69	0
Jan 03 2023	3451	0	0	0
Jan 04 2023	3451	0	0	0
Jan 05 2023	3451	0	0	0
Jan 06 2023	3451	0	0	0
Jan 07 2023	3458	0	13	0
Jan 08 2023	3458	0	0	0
Jan 09 2023	3458	0	0	0
Jan 10 2023	3458	0	0	0
Jan 11 2023	3458	0	0	0
Jan 12 2023	3458	0	0	0
Jan 13 2023	3458	0	0	0
Jan 14 2023	3458	0	0	0
Jan 15 2023	3458	0	0	0
Jan 16 2023	3458	0	0	0
Jan 17 2023	3458	0	0	0
Jan 18 2023	3458	0	0	0
Jan 19 2023	3458	0	0	0
Jan 20 2023	3458	0	0	0
Jan 21 2023	3458	0	0	0
Jan 22 2023	3458	0	0	0
Jan 23 2023	3458	0	0	0
Jan 24 2023	3458	0	0	0
Jan 25 2023	3458	0	0	0
Jan 26 2023	3458	0	0	0
Jan 27 2023	3458	0	0	0
Jan 28 2023	3458	0	0	0
Jan 29 2023	3458	0	0	0
Jan 30 2023	3458	0	0	0
Jan 31 2023	3458	0	0	0
Feb 01 2023	3458	0	0	0
Feb 02 2023	3458	0	0	0
Feb 03 2023	3458	0	0	0
Feb 04 2023	3458	0	0	0
Feb 05 2023	3458	0	0	0
Feb 06 2023	3458	0	0	0
Feb 07 2023	3458	0	0	0
Feb 08 2023	3458	0	0	0
Feb 09 2023	3458	0	0	0
Feb 10 2023	3458	0	0	0
Feb 11 2023	3458	0	0	0
Feb 12 2023	3458	0	0	0
Feb 13 2023	3458	0	0	0
Feb 14 2023	3458	0	0	0
Feb 15 2023	3458	0	0	0
Feb 16 2023	3458	0	0	0
Feb 17 2023	3458	0	0	0
Feb 18 2023	3458	0	0	0
Feb 19 2023	3458	0	0	0
Feb 20 2023	3458	0	0	0
Feb 21 2023	3458	0	0	0
Feb 22 2023	3458	0	0	0
Feb 23 2023	3458	0	0	0
Feb 24 2023	3458	0	0	0
Feb 25 2023	3458	0	0	0
Feb 26 2023	3458	0	0	0
Feb 27 2023	3588	0	130	0
Feb 28 2023	3588	0	0	0
Mar 01 2023	3526	0	5	0
Mar 02 2023	3526	0	0	0
Mar 03 2023	3526	0	0	0
Mar 04 2023	3526	0	0	0
Mar 05 2023	3526	0	0	0
Mar 06 2023	3526	0	0	0
Mar 07 2023	3526	0	0	0
Mar 08 2023	3526	0	0	0
Mar 09 2023	3526	0	0	0
Mar 10 2023	3556	0	30	0
Mar 11 2023	3569	0	13	0
Mar 12 2023	3569	0	0	0
Mar 13 2023	3548	0	0	0
Mar 14 2023	3548	0	0	0
Mar 15 2023	3548	0	0	0
Mar 16 2023	3548	0	0	0
Mar 17 2023	3548	0	0	0
Mar 18 2023	3548	0	0	0
Mar 19 2023	3548	0	0	0
Mar 20 2023	3548	0	0	0
Mar 21 2023	3548	0	0	0
Mar 22 2023	3548	0	0	0
Mar 23 2023	3548	0	0	0
Mar 24 2023	3548	0	0	0
Mar 25 2023	3548	0	0	0
Mar 26 2023	3548	0	0	0
Mar 27 2023	3548	0	0	0
Mar 28 2023	3548	0	0	0
Mar 29 2023	3567	0	19	0
Mar 30 2023	3567	0	0	0
Mar 31 2023	3567	0	0	0
Apr 01 2023	3567	0	0	0
Apr 02 2023	3567	0	0	0
Apr 03 2023	3567	0	0	0
Apr 04 2023	3567	0	0	0
Apr 05 2023	3572	0	5	0
Apr 06 2023	3572	0	0	0
Apr 07 2023	3572	0	0	0
Apr 08 2023	3572	0	0	0
Apr 09 2023	3572	0	0	0
Apr 10 2023	3572	0	0	0
Apr 11 2023	3572	0	0	0
Apr 12 2023	3567	0	10	0
Apr 13 2023	3567	0	0	0
Apr 14 2023	3567	0	0	0
Apr 15 2023	3567	0	0	0
Apr 16 2023	3567	0	0	0
Apr 17 2023	3567	0	0	0
Apr 18 2023	3567	0	0	0
Apr 19 2023	3567	0	0	0
Apr 20 2023	3567	0	0	0
Apr 21 2023	3567	0	0	0
Apr 22 2023	3567	0	0	0
Apr 23 2023	3567	0	0	0
Apr 24 2023	3567	0	0	0
Apr 25 2023	3567	0	0	0
Apr 26 2023	3567	0	0	0
Apr 27 2023	3567	0	0	0
Apr 28 2023	3567	0	0	0
Apr 29 2023	3567	0	0	0
Apr 30 2023	3567	0	0	0
May 01 2023	3567	0	0	0
May 02 2023	3567	0	0	0
May 03 2023	3567	0	0	0
May 04 2023	3567	0	0	0
May 05 2023	3567	0	0	0
May 06 2023	3567	0	0	0
May 07 2023	3567	0	0	0
May 08 2023	3567	0	0	0
May 09 2023	3567	0	0	0
May 10 2023	3567	0	0	0
May 11 2023	3567	0	0	0
May 12 2023	3567	0	0	0
May 13 2023	3567	0	0	0
May 14 2023	3567	0	0	0
May 15 2023	3567	0	0	0
May 16 2023	3567	0	0	0
May 17 2023	3567	0	0	0
May 18 2023	3567	0	0	0
May 19 2023	3567	0	0	0
May 20 2023	3567	0	0	0
May 21 2023	3567	0	0	0
May 22 2023	3567	0	0	0
May 23 2023	3567	0	0	0
May 24 2023	3567	0	0	0
May 25 2023	3567	0	0	0
May 26 2023	3567	0	0	0
May 27 2023	3567	0	0	0
May 28 2023	3567	0	0	0
May 29 2023	3567	0	0	0
May 30 2023	3567	0	0	0
May 31 2023	3567	0	0	0
Jun 01 2023	3567	0	0	0
Jun 02 2023	3567	0	0	0
Jun 03 2023	3567	0	0	0
Jun 04 2023	3567	0	0	0
Jun 05 2023	3567	0	0	0
Jun 06 2023	3567	0	0	0
Jun 07 2023	3567	0	0	0
Jun 08 2023	3567	0	0	0
Jun 09 2023	3567	0	0	0
Jun 10 2023	3567	0	0	0
Jun 11 2023	3567	0	0	0
Jun 12 2023	3567	0	0	0
Jun 13 2023	3567	0	0	0
Jun 14 2023	3567	0	0	0
Jun 15 2023	3567	0	0	0
Jun 16 2023	3567	0	0	0
Jun 17 2023	3567	0	0	0
Jun 18 2023	3567	0	0	0
Jun 19 2023	3567	0	0	0
Jun 20 2023	3567	0	0	0
Jun 21 2023	3567	0	0	0
Jun 22 2023	3567	0	0	0
Jun 23 2023	3567	0	0	0
Jun 24 2023	3567	0	0	0
Jun 25 2023	3567	0	0	0
Jun 26 2023	3567	0	0	0
Jun 27 2023	3567	0	0	0
Jun 28 2023	3567	0	0	0
Jun 29 2023	3567	0	0	0
Jun 30 2023	3567	0	0	0
Jul 01 2023	3567	0	0	0
Jul 02 2023	3567	0	0	0
Jul 03 2023	3567	0	0	0
Jul 04 2023	3567	0	0	0
Jul 05 2023	3567	0	0	0
Jul 06 2023	3567	0	0	0
Jul 07 2023	3567	0	0	0
Jul 08 2023	3567	0	0	0
Jul 09 2023	3567	0	0	0
Jul 10 2023	3567	0	0	0
Jul 11 2023	3567	0	0	0
Jul 12 2023	3567	0	0	0
Jul 13 2023	3567	0	0	0
Jul 14 2023	3567	0	0	0
Jul 15 2023	3567	0	0	0
Jul 16 2023	3567	0	0	0
Jul 17 2023	3567	0	0	0
Jul 18 2023	3567	0	0	0
Jul 19 2023	3567	0	0	0
Jul 20 2023	3567	0	0	0
Jul 21 2023	3567	0	0	0
Jul 22 2023	3567	0	0	0
Jul 23 2023	3567	0	0	0
Jul 24 2023	3567	0	0	0
Jul 25 2023	3567	0	0	0
Jul 26 2023	3567	0	0	0
Jul 27 2023	3567	0	0	0
Jul 28 2023	3567	0	0	0
Jul 29 2023	3567	0	0	0
Jul 30 2023	3567	0	0	0
Jul 31 2023	3567	0	0	0
Aug 01 2023	3567	0	0	0
Aug 02 2023	3567	0	0	0
Aug 03 2023	3567	0	0	0
Aug 04 2023	3567	0	0	0
Aug 05 2023	3567	0	0	0
Aug 06 2023	3567	0	0	0
Aug 07 2023	3567	0	0	0
Aug 08 2023	3567	0	0	0
Aug 09 2023	3567	0	0	0
Aug 10 2023	3567	0	0	0
Aug 11 2023	3567	0	0	0
Aug 12 2023	3567	0	0	0
Aug 13 2023	3567	0	0	0
Aug 14 2023	3567	0	0	0
Aug 15 2023	3567	0	0	0
Aug 16 2023	3567	0	0	0
Aug 17 2023	3567	0	0	0
Aug 18 2023	3567	0	0	0
Aug 19 2023	3567	0	0	0
Aug 20 2023	3567	0	0	0
Aug 21 2023	3567	0	0	0
Aug 22 2023	3567	0	0	0
Aug 23 2023	3567	0	0	0
Aug 24 2023	3567	0	0	0
Aug 25 2023	3567	0	0	0
Aug 26 2023	3567	0	0	0
Aug 27 2023	3567	0	0	0
Aug 28 2023	3567	0	0	0
Aug 29 2023	3567	0	0	0
Aug 30 2023	3567	0	0	0
Aug 31 2023	3567	0	0	0
Sep 01 2023	3567	0	0	0
Sep 02 2023	3567	0	0	0
Sep 03 2023	3567	0	0	0
Sep 04 2023	3567	0	0	0
Sep 05 2023	3567	0	0	0
Sep 06 2023	3567	0	0	0
Sep 07 2023	3567	0	0	0
Sep 08 2023	3567	0	0	0
Sep 09 2023	3567	0	0	0
Sep 10 2023	3567	0	0	0
Sep 11 2023	3567	0	0	0
Sep 12 2023	3567	0	0	0
Sep 13 2023	3567	0	0	0
Sep 14 2023	3567	0	0	0
Sep 15 2023	3567	0	0	0
Sep 16 2023	3567	0	0	0
Sep 17 2023	3567	0	0	0
Sep 18 2023	3567	0	0	0
Sep 19 2023	3567	0	0	0
Sep 20 2023	3567	0	0	0
Sep 21 2023	3567	0	0	0
Sep 22 2023	3567	0	0	0
Sep 23 2023	3567	0	0	0
Sep 24 2023	3567	0	0	0
Sep 25 2023	3567	0	0	0
Sep 26 2023	3567	0	0	0
Sep 27 2023	3567	0	0	0
Sep 28 2023	3567	0	0	0
Sep 29 2023	3567	0	0	0
Sep 30 2023	3567	0	0	0
Oct 01 2023	3567	0	0	0
Oct 02 2023	3567	0	0	0
Oct 03 2023	3567	0	0	0
Oct 04 2023	4038	0	471	0
Oct 05 2023	4038	0	0	0
Oct 06 2023	4038	0	0	0
Oct 07 2023	4038	0	0	0
Oct 08 2023	4038	0	0	0
Oct 09 2023	4038	0	0	0
Oct 10 2023	4038	0	0	0
Oct 11 2023	4038	0	0	0
Oct 12 2023	4038	0	0	0
Oct 13 2023	4038	0	0	0
Oct 14 2023	4038	0	0	0
Oct 15 2023	4038	0	0	0
Oct 16 2023	4058	0	20	0
Oct 17 2023	4058	0	0	0
Oct 18 2023	4058	0	0	0
Oct 19 2023	4058	0	0	0
Oct 20 2023	4058	0	0	0
Oct 21 2023	4058	0	0	0
Oct 22 2023	4058	0	0	0
Oct 23 2023	4065	0	7	0
Oct 24 2023	4065	0	0	0
Oct 25 2023	4065	0	0	0
Oct 26 2023	4065	0	0	0
Oct 27 2023	4065	0	0	0
Oct 28 2023	4065	0	0	0
Oct 29 2023	4065	0	0	0
Oct 30 2023	4065	0	0	0
Oct 31 2023	4065	0	0	0
Nov 01 2023	4065	0	0	0
Nov 02 2023	4065	0	0	0
Nov 03 2023	4065	0	0	0
Nov 04 2023	4065	0	0	0
Nov 05 2023	4065	0	0	0
Nov 06 2023	4065	0	0	0
Nov 07 2023	4065	0	0	0
Nov 08 2023	4065	0	0	0
Nov 09 2023	4065	0	0	0
Nov 10 2023	4065	0	0	0
Nov 11 2023	4065	0	0	0
Nov 12 2023	4065	0	0	0
Nov 13 2023	4065	0	0	0
Nov 14 2023	4065	0	0	0
Nov 15 2023	4065	0	0	0
Nov 16 2023	4065	0	0	0
Nov 17 2023	4065	0	0	0
Nov 18 2023	4065	0	0	0
Nov 19 2023	4065	0	0	0
Nov 20 2023	4065	0	0	0
Nov 21 2023	4065	0	0	0
Nov 22 2023	4065	0	0	0
Nov 23 2023	4065	0	0	0
Nov 24 2023	4065	0	0	0
Nov 25 2023	4065	0	0	0
Nov 26 2023	4065	0	0	0
Nov 27 2023	4065	0	0	0
Nov 28 2023	4065	0	0	0
Nov 29 2023	4065	0	0	0
Nov 30 2023	4065	0	0	0
Dec 01 2023	4065	0	0	0
Dec 02 2023	4065	0	0	0
Dec 03 2023	4065	0	0	0
Dec 04 2023	4065	0	0	0
Dec 05 2023	4065	0	0	0
Dec 06 2023	4065	0	0	0
Dec 07 2023	4065	0	0	0
Dec 08 2023	4065	0	0	0
Dec 09 2023	4065	0	0	0
Dec 10 2023	4065	0	0	0
Dec 11 2023	4065	0	0	0
Dec 12 2023	4065	0	0	0
Dec 13 2023	4065	0	0	0
Dec 14 2023	4065	0	0	0
Dec 15 2023	4065	0	0	0
Dec 16 2023	4065	0	0	0
Dec 17 2023	4065	0	0	0
Dec 18 2023	4065	0	0	0
Dec 19 2023	4065	0	0	0
Dec 20 2023	4065	0	0	0
Dec 21 2023	4065	0	0	0
Dec 22 2023	4065	0	0	0
Dec 23 2023	4065	0	0	0
Dec 24 2023	4065	0	0	0
Dec 25 2023	4065	0	0	0
Dec 26 2023	4065	0	0	0
Dec 27 2023	4065	0	0	0
Dec 28 2023	4065	0	0	0
Dec 29 2023	4065	0	0	0
Dec 30 2023	4065	0	0	0
Dec 31 2023	4080	0	15	0
Jan 01 2024	4080	0	0	0
Jan 02 2024	4080	0	0	0
Jan 03 2024	4080	0	0	0
Jan 04 2024	4080	0	0	0
Jan 05 2024	4080	0	0	0
Jan 06 2024	4080	0	0	0
Jan 07 2024	4080	0	0	0
Jan 08 2024	4080	0	0	0
Jan 09 2024	4080	0	0	0
Jan 10 2024	4080	0	0	0
Jan 11 2024	4080	0	0	0
Jan 12 2024	4080	0	0	0
Jan 13 2024	4080	0	0	0
Jan 14 2024	4080	0	0	0
Jan 15 2024	4080	0	0	0
Jan 16 2024	4080	0	0	0
Jan 17 2024	4080	0	0	0
Jan 18 2024	4080	0	0	0
Jan 19 2024	4080	0	0	0
Jan 20 2024	4080	0	0	0
Jan 21 2024	4080	0	0	0
Jan 22 2024	4080	0	0	0
Jan 23 2024	4080	0	0	0
Jan 24 2024	4080	0	0	0
Jan 25 2024	4080	0	0	0
Jan 26 2024	4080	0	0	0
Jan 27 2024	4080	0	0	0
Jan 28 2024	4080	0	0	0
Jan 29 2024	4080	0	0	0
Jan 30 2024	4080	0	0	0
Jan 31 2024	4080	0	0	0
Feb 01 2024	4080	0	0	0
Feb 02 2024	4080	0	0	0
Feb 03 2024	4080	0	0	0
Feb 04 2024	4080	0	0	0
Feb 05 2024	4080	0	0	0
Feb 06 2024	4080	0	0	0
Feb 07 2024	4080	0	0	0
Feb 08 2024	4080	0	0	0
Feb 09 2024	4080	0	0	0
Feb 10 2024	4080	0	0	0
Feb 11 2024	4080	0	0	0
Feb 12 2024	4080	0	0	0
Feb 13 2024	4080	0	0	0
Feb 14 2024	4080	0	0	0
Feb 15 2024	4080	0	0	0
Feb 16 2024	4080	0	0	0
Feb 17 2024	4080	0	0	0
Feb 18 2024	4080	0	0	0
Feb 19 2024	4080	0	0	0
Feb 20 2024	4080	0	0	0
Feb 21 2024	4080	0	0	0
Feb 22 2024	4080	0	0	0
Feb 23 2024	4080	0	0	0
Feb 24 2024	4080	0	0	0
Feb 25 2024	4080	0	0	0
Feb 26 2024	4080	0	0	0
Feb 27 2024	4080	0	0	0
Feb 28 2024	4080	0	0	0
Feb 29 2024	4080	0	0	0
Mar 01 2024	4080	0	0	0
Mar 02 2024	4080	0	0	0
Mar 03 2024	4080	0	0	0
Mar 04 2024	4080	0	0	0
Mar 05 2024	4080	0	0	0
Mar 06 2024	4080	0	0	0
Mar 07 2024	4080	0	0	0
Mar 08 2024	4080	0	0	0
Mar 09 2024	4080	0	0	0
Mar 10 2024	4080	0	0	0
Mar 11 2024	4080	0	0	0
Mar 12 2024	4080	0	0	0
Mar 13 2024	4080	0	0	0
Mar 14 2024	4080	0	0	0
Mar 15 2024	4080	0	0	0
Mar 16 2024	4080	0	0	0
Mar 17 2024	4080	0	0	0
Mar 18 2024	4080	0	0	0
Mar 19 2024	4080	0	0	0
Mar 20 2024	4080	0	0	0
Mar 21 2024	4080	0	0	0
Mar 22 2024	4080	0	0	0
Mar 23 2024	4080	0	0	0
Mar 24 2024	4080	0	0	0
Mar 25 2024	4080	0	0	0
Mar 26 2024	4080	0	0	0
Mar 27 2024	4080	0	0	0
