Date	Active Cases	Daily Death	New cases	Recoverd Cases
Feb 15 2020	0	0	0	0
Feb 16 2020	0	0	0	0
Feb 17 2020	0	0	0	0
Feb 18 2020	0	0	0	0
Feb 19 2020	0	0	0	0
Feb 20 2020	0	0	0	0
Feb 21 2020	0	0	0	0
Feb 22 2020	1	0	0	0
Feb 23 2020	1	0	0	0
Feb 24 2020	1	0	0	0
Feb 25 2020	5	0	4	0
Feb 26 2020	5	0	0	0
Feb 27 2020	7	0	2	0
Feb 28 2020	8	0	1	0
Feb 29 2020	13	0	5	0
Mar 01 2020	19	0	6	0
Mar 02 2020	27	0	8	0
Mar 03 2020	32	0	5	0
Mar 04 2020	35	2	5	0
Mar 05 2020	37	1	3	0
Mar 06 2020	41	1	6	0
Mar 07 2020	49	0	8	0
Mar 08 2020	58	2	11	0
Mar 09 2020	61	1	6	0
Mar 10 2020	49	0	0	0
Mar 11 2020	49	0	0	0
Mar 12 2020	51	1	12	0
Mar 13 2020	68	1	18	0
Mar 14 2020	74	1	9	0
Mar 15 2020	88	0	14	0
Mar 16 2020	91	0	9	0
Mar 17 2020	102	1	21	0
Mar 18 2020	111	1	10	0
Mar 19 2020	130	1	28	0
Mar 20 2020	142	4	16	0
Mar 21 2020	146	0	6	0
Mar 22 2020	156	3	19	0
Mar 23 2020	181	3	33	0
Mar 24 2020	214	4	50	0
Mar 25 2020	214	2	30	0
Mar 26 2020	241	7	36	0
Mar 27 2020	296	4	76	0
Mar 28 2020	333	2	48	0
Mar 29 2020	362	0	41	0
Mar 30 2020	432	4	83	0
Mar 31 2020	474	4	64	0
Apr 01 2020	494	2	34	0
Apr 02 2020	516	2	44	0
Apr 03 2020	540	0	48	0
Apr 04 2020	563	2	58	0
Apr 05 2020	621	5	83	0
Apr 06 2020	623	3	70	0
Apr 07 2020	684	1	91	0
Apr 08 2020	681	4	80	0
Apr 09 2020	667	0	30	0
Apr 10 2020	659	1	47	0
Apr 11 2020	645	2	39	0
Apr 12 2020	636	4	34	0
Apr 13 2020	583	2	26	0
Apr 14 2020	556	0	22	0
Apr 15 2020	524	1	15	0
Apr 16 2020	498	1	19	0
Apr 17 2020	495	1	48	0
Apr 18 2020	478	1	31	0
Apr 19 2020	448	0	26	0
Apr 20 2020	449	0	35	0
Apr 21 2020	423	1	28	0
Apr 22 2020	402	0	29	0
Apr 23 2020	423	0	46	0
Apr 24 2020	418	3	31	0
Apr 25 2020	453	0	55	0
Apr 26 2020	470	1	57	0
Apr 27 2020	473	1	27	0
Apr 28 2020	519	2	81	0
Apr 29 2020	565	2	75	0
Apr 30 2020	617	1	82	0
May 01 2020	645	1	68	0
May 02 2020	651	1	66	0
May 03 2020	709	2	77	0
May 04 2020	704	1	50	0
May 05 2020	758	4	85	0
May 06 2020	776	0	49	0
May 07 2020	815	0	63	0
May 08 2020	838	2	60	0
May 09 2020	870	3	76	0
May 10 2020	924	2	88	0
May 11 2020	918	1	51	0
May 12 2020	898	2	95	0
May 13 2020	951	3	119	0
May 14 2020	1000	0	111	0
May 15 2020	987	2	50	0
May 16 2020	1013	4	67	0
May 17 2020	1063	2	144	0
May 18 2020	1117	4	150	0
May 19 2020	1114	4	57	0
May 20 2020	1152	3	113	0
May 21 2020	1254	6	153	0
May 22 2020	1285	7	87	0
May 23 2020	1535	5	308	0
May 24 2020	1571	8	197	0
May 25 2020	1658	3	163	0
May 26 2020	1827	6	216	0
May 27 2020	2056	6	287	0
May 28 2020	2307	4	322	0
May 29 2020	2644	6	416	0
May 30 2020	2874	10	306	0
May 31 2020	3078	10	260	0
Jun 01 2020	3378	10	429	0
Jun 02 2020	3644	20	519	0
Jun 03 2020	3817	21	781	0
Jun 04 2020	4231	15	672	0
Jun 05 2020	4988	14	1006	0
Jun 06 2020	5876	33	1252	0
Jun 07 2020	6834	28	1268	0
Jun 08 2020	7539	24	1115	0
Jun 09 2020	8045	22	787	0
Jun 10 2020	8774	34	1146	0
Jun 11 2020	9650	31	1261	0
Jun 12 2020	10406	39	1095	0
Jun 13 2020	10886	53	1180	0
Jun 14 2020	11481	58	1259	0
Jun 15 2020	11392	45	1106	0
Jun 16 2020	12126	60	1385	0
Jun 17 2020	12711	61	1554	0
Jun 18 2020	13528	83	1463	0
Jun 19 2020	14222	69	1635	0
Jun 20 2020	14998	88	1870	0
Jun 21 2020	15833	87	1646	0
Jun 22 2020	16724	67	1808	0
Jun 23 2020	17498	84	1826	0
Jun 24 2020	18558	79	2200	0
Jun 25 2020	19651	107	2437	0
Jun 26 2020	20775	122	2054	0
Jun 27 2020	21664	101	2069	0
Jun 28 2020	22524	96	2140	0
Jun 29 2020	22338	83	1749	0
Jun 30 2020	22406	104	1958	0
Jul 01 2020	23207	107	2415	0
Jul 02 2020	23636	110	2184	0
Jul 03 2020	24158	102	2312	0
Jul 04 2020	24909	106	2334	0
Jul 05 2020	24989	105	2125	0
Jul 06 2020	24967	94	1796	0
Jul 07 2020	25764	118	2426	0
Jul 08 2020	26784	94	2741	0
Jul 09 2020	27228	103	2170	0
Jul 10 2020	28120	78	2848	0
Jul 11 2020	29060	95	2734	0
Jul 12 2020	29632	95	2312	0
Jul 13 2020	29487	100	2229	0
Jul 14 2020	27630	95	2022	0
Jul 15 2020	27814	87	2110	0
Jul 16 2020	28310	90	2281	0
Jul 17 2020	28060	94	2023	0
Jul 18 2020	28037	75	2049	0
Jul 19 2020	28221	90	2310	0
Jul 20 2020	27988	88	2163	0
Jul 21 2020	28259	81	2466	0
Jul 22 2020	28676	92	2706	0
Jul 23 2020	28699	80	2361	0
Jul 24 2020	29231	90	2485	0
Jul 25 2020	29972	72	2862	0
Jul 26 2020	30453	78	2459	0
Jul 27 2020	30983	96	2553	0
Jul 28 2020	29735	77	2747	0
Jul 29 2020	30236	68	2968	0
Jul 30 2020	31046	68	2963	0
Jul 31 2020	32434	70	3346	0
Aug 01 2020	32624	64	2095	0
Aug 02 2020	32397	63	2447	0
Aug 03 2020	32841	66	2735	0
Aug 04 2020	33602	83	2836	0
Aug 05 2020	34020	77	2834	0
Aug 06 2020	34417	67	3047	0
Aug 07 2020	35631	75	3461	0
Aug 08 2020	36575	74	3325	0
Aug 09 2020	36948	82	2726	0
Aug 10 2020	38345	72	3484	0
Aug 11 2020	39362	67	3396	0
Aug 12 2020	40307	57	3441	0
Aug 13 2020	41428	53	3841	0
Aug 14 2020	42452	68	4013	0
Aug 15 2020	44098	76	4293	0
Aug 16 2020	45697	75	4348	0
Aug 17 2020	45234	94	3202	0
Aug 18 2020	46833	82	4576	0
Aug 19 2020	48312	85	4093	0
Aug 20 2020	49389	87	3995	0
Aug 21 2020	50356	75	4288	0
Aug 22 2020	51304	70	3965	0
Aug 23 2020	51504	75	3291	0
Aug 24 2020	51077	91	3644	0
Aug 25 2020	51590	77	3962	0
Aug 26 2020	51901	72	3837	0
Aug 27 2020	51686	72	3651	0
Aug 28 2020	51924	74	4177	0
Aug 29 2020	51535	77	3834	0
Aug 30 2020	51338	68	3731	0
Aug 31 2020	51290	83	3757	0
Sep 01 2020	50742	81	3404	0
Sep 02 2020	50878	78	3946	0
Sep 03 2020	52007	74	4755	0
Sep 04 2020	53348	84	5036	0
Sep 05 2020	54038	63	4644	0
Sep 06 2020	54298	90	3651	0
Sep 07 2020	54236	77	4314	0
Sep 08 2020	55597	68	4894	0
Sep 09 2020	56096	75	4243	0
Sep 10 2020	56787	82	4597	0
Sep 11 2020	57395	67	4254	0
Sep 12 2020	57554	60	4106	0
Sep 13 2020	57590	73	3531	0
Sep 14 2020	57260	72	4169	0
Sep 15 2020	57190	80	4224	0
Sep 16 2020	57570	82	4357	0
Sep 17 2020	57953	84	4326	0
Sep 18 2020	57977	76	4305	0
Sep 19 2020	57567	83	3907	0
Sep 20 2020	56889	64	3438	0
Sep 21 2020	56156	70	3821	0
Sep 22 2020	57141	57	4724	0
Sep 23 2020	58893	72	5055	0
Sep 24 2020	59546	45	4471	0
Sep 25 2020	59566	68	4593	0
Sep 26 2020	60116	68	4270	0
Sep 27 2020	59787	55	3481	0
Sep 28 2020	59730	62	4116	0
Sep 29 2020	60356	70	4724	0
Sep 30 2020	61603	59	4691	0
Oct 01 2020	62361	50	4493	0
Oct 02 2020	63157	67	4785	0
Oct 03 2020	62919	49	3672	0
Oct 04 2020	62260	52	3210	0
Oct 05 2020	61327	65	3808	0
Oct 06 2020	61219	67	4172	0
Oct 07 2020	61656	73	3923	0
Oct 08 2020	61068	79	3522	0
Oct 09 2020	59948	52	3214	0
Oct 10 2020	58004	55	2344	0
Oct 11 2020	56321	62	2206	0
Oct 12 2020	55475	60	3107	0
Oct 13 2020	55180	58	3921	0
Oct 14 2020	55798	51	3857	0
Oct 15 2020	55964	65	3587	0
Oct 16 2020	56199	56	3501	0
Oct 17 2020	56035	56	3221	0
Oct 18 2020	55903	56	3110	0
Oct 19 2020	56829	63	4044	0
Oct 20 2020	58098	49	3920	0
Oct 21 2020	58837	52	3667	0
Oct 22 2020	59873	47	3899	0
Oct 23 2020	60248	48	3785	0
Oct 24 2020	60376	55	3204	0
Oct 25 2020	59735	55	2554	0
Oct 26 2020	60134	48	3691	0
Oct 27 2020	61103	53	4510	0
Oct 28 2020	62171	46	4043	0
Oct 29 2020	62554	45	3804	0
Oct 30 2020	62530	47	2878	0
Oct 31 2020	62065	48	1997	0
Nov 01 2020	61540	56	2658	0
Nov 02 2020	61907	51	3413	0
Nov 03 2020	62472	51	3595	0
Nov 04 2020	57507	60	3574	0
Nov 05 2020	58190	47	3701	0
Nov 06 2020	58629	69	3568	0
Nov 07 2020	58810	39	2880	0
Nov 08 2020	58294	44	2530	0
Nov 09 2020	58120	53	3184	0
Nov 10 2020	59213	52	3577	0
Nov 11 2020	60369	50	3198	0
Nov 12 2020	61046	50	3298	0
Nov 13 2020	61060	48	2690	0
Nov 14 2020	61066	43	2419	0
Nov 15 2020	60443	47	2237	0
Nov 16 2020	60265	42	2390	0
Nov 17 2020	59726	40	2961	0
Nov 18 2020	59881	43	2349	0
Nov 19 2020	59902	39	2374	0
Nov 20 2020	59492	49	2543	0
Nov 21 2020	58590	42	1786	0
Nov 22 2020	57911	33	1766	0
Nov 23 2020	57807	38	2136	0
Nov 24 2020	57934	35	2292	0
Nov 25 2020	58047	55	2438	0
Nov 26 2020	58169	39	2483	0
Nov 27 2020	58751	42	2545	0
Nov 28 2020	58084	33	1606	0
Nov 29 2020	57308	24	1614	0
Nov 30 2020	57617	34	2114	0
Dec 01 2020	57891	48	2218	0
Dec 02 2020	58075	34	1961	0
Dec 03 2020	58543	21	2039	0
Dec 04 2020	58463	26	1855	0
Dec 05 2020	58452	24	1898	0
Dec 06 2020	58201	21	1680	0
Dec 07 2020	57830	28	1815	0
Dec 08 2020	57597	17	2123	0
Dec 09 2020	57526	24	1735	0
Dec 10 2020	56760	25	1380	0
Dec 11 2020	56154	23	1347	0
Dec 12 2020	55388	16	1022	0
Dec 13 2020	54609	14	1012	0
Dec 14 2020	53895	24	1338	0
Dec 15 2020	53110	11	1391	0
Dec 16 2020	52875	22	1553	0
Dec 17 2020	52478	14	1533	0
Dec 18 2020	52050	20	1362	0
Dec 19 2020	51433	10	1307	0
Dec 20 2020	50479	17	1027	0
Dec 21 2020	49998	13	1200	0
Dec 22 2020	49434	15	1158	0
Dec 23 2020	49147	12	1173	0
Dec 24 2020	48718	7	1127	0
Dec 25 2020	48316	11	1140	0
Dec 26 2020	47750	12	836	0
Dec 27 2020	47014	13	818	0
Dec 28 2020	46423	11	931	0
Dec 29 2020	45940	9	1013	0
Dec 30 2020	45286	8	901	0
Dec 31 2020	44637	5	849	0
Jan 01 2021	43552	11	902	0
Jan 02 2021	42458	5	840	0
Jan 03 2021	41220	5	741	0
Jan 04 2021	39996	10	595	0
Jan 05 2021	38813	12	757	0
Jan 06 2021	37754	9	839	0
Jan 07 2021	36759	4	790	0
Jan 08 2021	35522	8	669	0
Jan 09 2021	34460	4	907	0
Jan 10 2021	33301	14	607	0
Jan 11 2021	32056	11	801	0
Jan 12 2021	31055	5	810	0
Jan 13 2021	29926	4	867	0
Jan 14 2021	28905	7	770	0
Jan 15 2021	28170	10	805	0
Jan 16 2021	26754	3	596	0
Jan 17 2021	25859	9	645	0
Jan 18 2021	24878	9	797	0
Jan 19 2021	23879	9	823	0
Jan 20 2021	22710	6	746	0
Jan 21 2021	21705	9	809	0
Jan 22 2021	20816	7	685	0
Jan 23 2021	20044	4	778	0
Jan 24 2021	19228	5	893	0
Jan 25 2021	18449	7	813	0
Jan 26 2021	17618	10	804	0
Jan 27 2021	16914	8	879	0
Jan 28 2021	15918	6	943	0
Jan 29 2021	15571	12	945	0
Jan 30 2021	15024	5	775	0
Jan 31 2021	14460	6	714	0
Feb 01 2021	14179	10	984	0
Feb 02 2021	14093	11	1135	0
Feb 03 2021	14124	11	1317	0
Feb 04 2021	14172	12	1150	0
Feb 05 2021	14506	12	1534	0
Feb 06 2021	15138	8	1660	0
Feb 07 2021	15237	9	1134	0
Feb 08 2021	16096	6	1713	0
Feb 09 2021	17105	8	1994	0
Feb 10 2021	18579	6	2282	0
Feb 11 2021	19950	4	2369	0
Feb 12 2021	21459	13	2530	0
Feb 13 2021	22484	7	2190	0
Feb 14 2021	23614	15	2224	0
Feb 15 2021	25287	6	2798	0
Feb 16 2021	26990	7	3332	0
Feb 17 2021	29317	12	3575	0
Feb 18 2021	31506	16	3896	0
Feb 19 2021	33716	12	4024	0
Feb 20 2021	34998	13	3273	0
Feb 21 2021	36156	27	3187	0
Feb 22 2021	37761	23	3864	0
Feb 23 2021	39334	16	4181	0
Feb 24 2021	41517	13	4306	0
Feb 25 2021	43293	27	4074	0
Feb 26 2021	45155	14	4336	0
Feb 27 2021	45860	18	3543	0
Feb 28 2021	46152	23	3248	0
Mar 01 2021	46021	22	3599	0
Mar 02 2021	47164	30	4690	0
Mar 03 2021	48849	25	5173	0
Mar 04 2021	50472	24	5043	0
Mar 05 2021	52435	30	5127	0
Mar 06 2021	52609	11	4068	0
Mar 07 2021	52435	24	3359	0
Mar 08 2021	52959	24	4468	0
Mar 09 2021	53855	22	4610	0
Mar 10 2021	55539	27	4846	0
Mar 11 2021	57626	26	5170	0
Mar 12 2021	58826	25	4622	0
Mar 13 2021	58771	23	4054	0
Mar 14 2021	58663	32	3866	0
Mar 15 2021	58677	37	4901	0
Mar 16 2021	59341	39	5267	0
Mar 17 2021	61380	33	5663	0
Mar 18 2021	62895	36	5443	0
Mar 19 2021	63875	41	5258	0
Mar 20 2021	64722	32	4674	0
Mar 21 2021	64812	38	4502	0
Mar 22 2021	65350	29	4655	0
Mar 23 2021	65689	30	4494	0
Mar 24 2021	67526	29	6051	0
Mar 25 2021	69225	33	6513	0
Mar 26 2021	71191	29	6490	0
Mar 27 2021	71865	20	5062	0
Mar 28 2021	72281	35	5271	0
Mar 29 2021	73581	37	5837	0
Mar 30 2021	74624	37	5995	0
Mar 31 2021	77041	37	6664	0
Apr 01 2021	78483	37	6015	0
Apr 02 2021	80216	30	5882	0
Apr 03 2021	80538	40	5379	0
Apr 04 2021	80570	33	5368	0
Apr 05 2021	81290	39	6423	0
Apr 06 2021	83332	33	7300	0
Apr 07 2021	86606	37	8331	0
Apr 08 2021	89506	34	7817	0
Apr 09 2021	91963	35	7937	0
Apr 10 2021	93814	37	6779	0
Apr 11 2021	95380	35	6791	0
Apr 12 2021	97610	44	7953	0
Apr 13 2021	99959	39	8179	0
Apr 14 2021	102695	40	7972	0
Apr 15 2021	104653	49	7824	0
Apr 16 2021	105669	30	7561	0
Apr 17 2021	106321	33	6552	0
Apr 18 2021	105662	33	6188	0
Apr 19 2021	105885	45	7775	0
Apr 20 2021	107171	34	8208	0
Apr 21 2021	109447	38	8696	0
Apr 22 2021	110995	30	8450	0
Apr 23 2021	112140	46	8017	0
Apr 24 2021	112105	43	6967	0
Apr 25 2021	110764	40	6034	0
Apr 26 2021	109344	46	6536	0
Apr 27 2021	109139	45	7152	0
Apr 28 2021	108901	44	6858	0
Apr 29 2021	108426	41	6926	0
Apr 30 2021	107688	32	6405	0
May 01 2021	105527	33	5167	0
May 02 2021	102194	38	4564	0
May 03 2021	99881	30	5068	0
May 04 2021	98740	42	6143	0
May 05 2021	97273	32	5813	0
May 06 2021	96380	33	6233	0
May 07 2021	95825	29	5763	0
May 08 2021	94191	39	4608	0
May 09 2021	91585	30	4167	0
May 10 2021	90221	29	4902	0
May 11 2021	88913	34	5287	0
May 12 2021	88141	21	4666	0
May 13 2021	87582	28	4512	0
May 14 2021	84553	27	2767	0
May 15 2021	81371	20	2058	0
May 16 2021	78179	24	2456	0
May 17 2021	76243	41	3552	0
May 18 2021	74034	34	4023	0
May 19 2021	73513	40	4609	0
May 20 2021	72648	33	4580	0
May 21 2021	72331	35	4357	0
May 22 2021	71187	21	3655	0
May 23 2021	69907	32	3791	0
May 24 2021	69216	24	4102	0
May 25 2021	69848	27	4938	0
May 26 2021	71291	26	4718	0
May 27 2021	71821	22	4611	0
May 28 2021	72364	22	4042	0
May 29 2021	70173	23	3257	0
May 30 2021	69265	17	3474	0
May 31 2021	68521	24	4270	0
Jun 01 2021	68318	30	4170	0
Jun 02 2021	68559	31	4583	0
Jun 03 2021	68684	26	4262	0
Jun 04 2021	68689	26	4157	0
Jun 05 2021	67465	30	3154	0
Jun 06 2021	66361	20	3314	0
Jun 07 2021	65810	28	4129	0
Jun 08 2021	65136	23	4119	0
Jun 09 2021	65355	25	4616	0
Jun 10 2021	65919	34	4684	0
Jun 11 2021	66089	20	4320	0
Jun 12 2021	65803	22	3831	0
Jun 13 2021	65711	15	3952	0
Jun 14 2021	66371	31	5040	0
Jun 15 2021	66826	26	4618	0
Jun 16 2021	68167	19	5139	0
Jun 17 2021	69396	30	5189	0
Jun 18 2021	70578	23	5068	0
Jun 19 2021	70331	26	3608	0
Jun 20 2021	70477	25	4160	0
Jun 21 2021	70911	25	5235	0
Jun 22 2021	71850	25	6003	0
Jun 23 2021	74080	33	6297	0
Jun 24 2021	76112	31	6093	0
Jun 25 2021	76891	34	5325	0
Jun 26 2021	77212	28	4814	0
Jun 27 2021	77384	30	4468	0
Jun 28 2021	79002	30	6346	0
Jun 29 2021	80470	35	6558	0
Jun 30 2021	83190	30	7300	0
Jul 01 2021	86121	30	7554	0
Jul 02 2021	87377	40	6378	0
Jul 03 2021	87633	25	5375	0
Jul 04 2021	88704	35	6264	0
Jul 05 2021	90916	29	8030	0
Jul 06 2021	93705	31	8818	0
Jul 07 2021	96923	37	8777	0
Jul 08 2021	100942	31	9189	0
Jul 09 2021	103038	32	8636	0
Jul 10 2021	103714	39	6821	0
Jul 11 2021	105360	33	7616	0
Jul 12 2021	107367	44	9149	0
Jul 13 2021	109667	38	9046	0
Jul 14 2021	113442	47	9635	0
Jul 15 2021	116244	30	9337	0
Jul 16 2021	116731	44	8336	0
Jul 17 2021	116922	38	8149	0
Jul 18 2021	117615	41	8698	0
Jul 19 2021	119158	62	9883	0
Jul 20 2021	120408	59	8922	0
Jul 21 2021	121743	69	8320	0
Jul 22 2021	122511	81	8106	0
Jul 23 2021	123145	66	8905	0
Jul 24 2021	122732	65	7653	0
Jul 25 2021	123332	55	9147	0
Jul 26 2021	125486	60	12180	0
Jul 27 2021	129053	71	12185	0
Jul 28 2021	134285	66	13515	0
Jul 29 2021	138094	49	13259	0
Jul 30 2021	142130	62	12597	0
Jul 31 2021	143669	62	10215	0
Aug 01 2021	145166	77	9394	0
Aug 02 2021	149098	68	12734	0
Aug 03 2021	153320	63	11644	0
Aug 04 2021	159386	73	12713	0
Aug 05 2021	163734	62	11871	0
Aug 06 2021	166415	87	11435	0
Aug 07 2021	165217	59	7973	0
Aug 08 2021	164453	57	8346	0
Aug 09 2021	165318	67	9619	0
Aug 10 2021	165296	66	9970	0
Aug 11 2021	164676	66	8635	0
Aug 12 2021	165007	64	10243	0
Aug 13 2021	165009	75	9967	0
Aug 14 2021	162476	65	7610	0
Aug 15 2021	160042	66	7011	0
Aug 16 2021	159558	68	8830	0
Aug 17 2021	157784	75	8778	0
Aug 18 2021	157592	71	7992	0
Aug 19 2021	156772	72	8012	0
Aug 20 2021	153602	67	6121	0
Aug 21 2021	149824	85	3958	0
Aug 22 2021	145737	74	5634	0
Aug 23 2021	143668	78	7151	0
Aug 24 2021	141021	75	7670	0
Aug 25 2021	140774	73	7787	0
Aug 26 2021	140060	70	8084	0
Aug 27 2021	139172	79	7202	0
Aug 28 2021	136315	73	5369	0
Aug 29 2021	134179	67	6083	0
Aug 30 2021	132699	65	6778	0
Aug 31 2021	132422	66	6937	0
Sep 01 2021	133088	48	7309	0
Sep 02 2021	132715	56	6948	0
Sep 03 2021	130499	60	5672	0
Sep 04 2021	127352	48	4316	0
Sep 05 2021	124485	58	4897	0
Sep 06 2021	122593	62	5650	0
Sep 07 2021	121006	58	5988	0
Sep 08 2021	119303	62	5405	0
Sep 09 2021	116681	51	5073	0
Sep 10 2021	114039	61	4717	0
Sep 11 2021	110389	51	3086	0
Sep 12 2021	107103	51	3554	0
Sep 13 2021	104551	54	4204	0
Sep 14 2021	103103	46	4400	0
Sep 15 2021	101238	35	3895	0
Sep 16 2021	99346	52	3923	0
Sep 17 2021	96216	56	3559	0
Sep 18 2021	93057	36	1959	0
Sep 19 2021	90458	47	2515	0
Sep 20 2021	88725	47	3192	0
Sep 21 2021	87310	42	3081	0
Sep 22 2021	85189	38	2906	0
Sep 23 2021	82763	44	2953	0
Sep 24 2021	81174	46	2964	0
Sep 25 2021	77143	33	1312	0
Sep 26 2021	75586	38	2139	0
Sep 27 2021	73845	32	2447	0
Sep 28 2021	72406	45	2401	0
Sep 29 2021	71237	34	2254	0
Sep 30 2021	70135	39	2434	0
Oct 01 2021	68386	42	2688	0
Oct 02 2021	65777	42	1236	0
Oct 03 2021	64844	21	2451	0
Oct 04 2021	63589	27	1956	0
Oct 05 2021	62788	28	2470	0
Oct 06 2021	62062	20	2519	0
Oct 07 2021	60923	33	2044	0
Oct 08 2021	59851	36	2215	0
Oct 09 2021	57737	28	1227	0
Oct 10 2021	55832	26	1652	0
Oct 11 2021	53543	28	944	0
Oct 12 2021	51686	29	1644	0
Oct 13 2021	50172	35	1766	0
Oct 14 2021	49350	26	2383	0
Oct 15 2021	48281	32	2162	0
Oct 16 2021	46326	25	1077	0
Oct 17 2021	44835	18	1716	0
Oct 18 2021	43514	29	1559	0
Oct 19 2021	42068	25	1835	0
Oct 20 2021	40492	26	1388	0
Oct 21 2021	39679	39	1882	0
Oct 22 2021	38830	26	1846	0
Oct 23 2021	37651	36	1064	0
Oct 24 2021	36735	24	1247	0
Oct 25 2021	35652	32	1537	0
Oct 26 2021	34641	31	1429	0
Oct 27 2021	33714	37	1412	0
Oct 28 2021	32914	22	1471	0
Oct 29 2021	31850	28	1397	0
Oct 30 2021	30553	27	682	0
Oct 31 2021	29706	32	1046	0
Nov 01 2021	28860	26	1153	0
Nov 02 2021	28223	27	1315	0
Nov 03 2021	27584	25	1198	0
Nov 04 2021	26874	23	1152	0
Nov 05 2021	26133	26	1156	0
Nov 06 2021	25163	22	717	0
Nov 07 2021	24657	25	924	0
Nov 08 2021	24340	28	1148	0
Nov 09 2021	23905	27	1116	0
Nov 10 2021	23183	16	915	0
Nov 11 2021	22604	30	863	0
Nov 12 2021	22018	26	892	0
Nov 13 2021	21222	12	591	0
Nov 14 2021	20687	20	859	0
Nov 15 2021	20153	33	829	0
Nov 16 2021	19761	26	807	0
Nov 17 2021	19368	18	806	0
Nov 18 2021	18783	27	789	0
Nov 19 2021	18335	21	789	0
Nov 20 2021	17883	14	568	0
Nov 21 2021	17739	23	584	0
Nov 22 2021	17266	21	829	0
Nov 23 2021	16804	26	898	0
Nov 24 2021	16190	13	776	0
Nov 25 2021	15728	23	743	0
Nov 26 2021	15144	17	856	0
Nov 27 2021	14334	7	563	0
Nov 28 2021	13530	21	538	0
Nov 29 2021	12975	14	826	0
Nov 30 2021	12331	13	724	0
Dec 01 2021	11993	24	889	0
Dec 02 2021	11649	15	713	0
Dec 03 2021	11270	8	741	0
Dec 04 2021	10822	6	374	0
Dec 05 2021	10428	12	457	0
Dec 06 2021	10098	18	615	0
Dec 07 2021	9755	16	625	0
Dec 08 2021	9605	12	606	0
Dec 09 2021	9341	12	510	0
Dec 10 2021	9207	16	545	0
Dec 11 2021	8836	6	250	0
Dec 12 2021	8405	13	340	0
Dec 13 2021	8128	16	522	0
Dec 14 2021	7893	13	474	0
Dec 15 2021	7736	10	426	0
Dec 16 2021	7333	13	410	0
Dec 17 2021	6990	12	357	0
Dec 18 2021	6683	9	182	0
Dec 19 2021	6551	12	272	0
Dec 20 2021	6357	11	364	0
Dec 21 2021	6224	13	336	0
Dec 22 2021	6068	8	342	0
Dec 23 2021	5945	13	312	0
Dec 24 2021	5794	7	322	0
Dec 25 2021	5542	7	156	0
Dec 26 2021	5371	8	172	0
Dec 27 2021	5093	9	166	0
Dec 28 2021	4921	7	225	0
Dec 29 2021	4814	5	261	0
Dec 30 2021	4755	3	300	0
Dec 31 2021	4612	4	304	0
Jan 01 2022	4520	5	151	0
Jan 02 2022	4496	4	206	0
Jan 03 2022	4452	7	252	0
Jan 04 2022	4436	8	318	0
Jan 05 2022	4623	9	516	0
Jan 06 2022	4941	3	665	0
Jan 07 2022	5338	4	642	0
Jan 08 2022	5472	2	316	0
Jan 09 2022	5951	7	734	0
Jan 10 2022	7004	5	1368	0
Jan 11 2022	8222	8	1610	0
Jan 12 2022	9973	5	2037	0
Jan 13 2022	11984	4	2385	0
Jan 14 2022	14845	8	3266	0
Jan 15 2022	16982	5	2477	0
Jan 16 2022	20176	5	3630	0
Jan 17 2022	24055	5	4466	0
Jan 18 2022	29884	10	6487	0
Jan 19 2022	35395	5	6234	0
Jan 20 2022	40272	5	5767	0
Jan 21 2022	45427	5	7155	0
Jan 22 2022	48601	6	4884	0
Jan 23 2022	51528	4	4931	0
Jan 24 2022	54515	13	5756	0
Jan 25 2022	59174	9	7693	0
Jan 26 2022	64117	10	8107	0
Jan 27 2022	68257	11	7609	0
Jan 28 2022	72235	17	8554	0
Jan 29 2022	74086	14	5827	0
Jan 30 2022	73996	15	5582	0
Jan 31 2022	75441	13	7217	0
Feb 01 2022	76776	16	7901	0
Feb 02 2022	78711	25	8293	0
Feb 03 2022	79382	25	6949	0
Feb 04 2022	78618	21	6569	0
Feb 05 2022	77989	23	4316	0
Feb 06 2022	76302	17	3589	0
Feb 07 2022	74679	27	5285	0
Feb 08 2022	72912	27	5360	0
Feb 09 2022	71563	30	4681	0
Feb 10 2022	70253	26	4220	0
Feb 11 2022	68282	29	3776	0
Feb 12 2022	65950	23	2014	0
Feb 13 2022	62732	26	2036	0
Feb 14 2022	59547	25	3011	0
Feb 15 2022	56558	35	2984	0
Feb 16 2022	54599	28	2639	0
Feb 17 2022	52964	32	2246	0
Feb 18 2022	50840	16	2326	0
Feb 19 2022	48395	11	1234	0
Feb 20 2022	45607	7	1159	0
Feb 21 2022	43848	18	2074	0
Feb 22 2022	42035	21	1685	0
Feb 23 2022	40788	20	1736	0
Feb 24 2022	39667	14	1499	0
Feb 25 2022	38594	17	1603	0
Feb 26 2022	37228	12	878	0
Feb 27 2022	35614	15	945	0
Feb 28 2022	34160	14	1203	0
Mar 01 2022	32344	10	1023	0
Mar 02 2022	31254	14	1267	0
Mar 03 2022	30160	15	1009	0
Mar 04 2022	29304	6	1066	0
Mar 05 2022	28348	7	397	0
Mar 06 2022	27439	9	636	0
Mar 07 2022	26352	18	737	0
Mar 08 2022	25672	8	888	0
Mar 09 2022	24624	6	723	0
Mar 10 2022	24026	8	699	0
Mar 11 2022	23147	4	688	0
Mar 12 2022	22387	3	366	0
Mar 13 2022	21480	2	421	0
Mar 14 2022	20842	6	657	0
Mar 15 2022	20065	4	573	0
Mar 16 2022	19678	7	632	0
Mar 17 2022	19206	3	559	0
Mar 18 2022	18652	5	439	0
Mar 19 2022	18201	3	218	0
Mar 20 2022	17507	2	253	0
Mar 21 2022	16810	2	262	0
Mar 22 2022	16012	1	187	0
Mar 23 2022	15505	2	265	0
Mar 24 2022	14865	4	370	0
Mar 25 2022	14482	7	370	0
Mar 26 2022	13872	4	249	0
Mar 27 2022	13218	1	230	0
Mar 28 2022	12870	6	473	0
Mar 29 2022	12553	4	415	0
Mar 30 2022	12357	3	344	0
Mar 31 2022	12119	1	341	0
Apr 01 2022	11774	3	358	0
Apr 02 2022	11419	3	218	0
Apr 03 2022	10842	3	134	0
Apr 04 2022	10416	4	266	0
Apr 05 2022	9996	1	280	0
Apr 06 2022	9683	1	289	0
Apr 07 2022	9271	2	274	0
Apr 08 2022	8922	2	261	0
Apr 09 2022	8586	0	151	0
Apr 10 2022	8165	2	93	0
Apr 11 2022	7694	1	207	0
Apr 12 2022	7279	0	222	0
Apr 13 2022	6927	2	248	0
Apr 14 2022	6467	4	183	0
Apr 15 2022	6081	5	204	0
Apr 16 2022	5585	1	102	0
Apr 17 2022	5131	0	92	0
Apr 18 2022	4659	0	152	0
Apr 19 2022	4290	2	224	0
Apr 20 2022	3941	1	199	0
Apr 21 2022	3604	0	171	0
Apr 22 2022	3250	2	153	0
Apr 23 2022	2990	1	110	0
Apr 24 2022	2748	1	82	0
Apr 25 2022	2629	2	161	0
Apr 26 2022	2499	1	147	0
Apr 27 2022	2428	0	168	0
Apr 28 2022	2335	1	148	0
Apr 29 2022	2225	2	135	0
Apr 30 2022	2134	0	110	0
May 01 2022	2008	0	83	0
May 02 2022	1862	0	72	0
May 03 2022	1683	1	40	0
May 04 2022	1569	0	65	0
May 05 2022	1468	0	45	0
May 06 2022	1388	1	70	0
May 07 2022	1314	0	55	0
May 08 2022	1260	0	92	0
May 09 2022	1200	1	126	0
May 10 2022	1205	1	131	0
May 11 2022	1246	0	162	0
May 12 2022	1278	1	129	0
May 13 2022	1276	0	126	0
May 14 2022	1257	0	68	0
May 15 2022	1257	0	102	0
May 16 2022	1257	0	119	0
May 17 2022	1274	0	149	0
May 18 2022	1255	0	126	0
May 19 2022	1238	0	113	0
May 20 2022	1265	0	149	0
May 21 2022	1222	0	78	0
May 22 2022	1134	0	77	0
May 23 2022	1108	2	118	0
May 24 2022	1086	0	99	0
May 25 2022	1030	0	71	0
May 26 2022	1025	0	108	0
May 27 2022	1025	1	112	0
May 28 2022	1008	0	60	0
May 29 2022	974	0	71	0
May 30 2022	984	0	111	0
May 31 2022	1011	0	135	0
Jun 01 2022	1006	0	110	0
Jun 02 2022	1010	0	105	0
Jun 03 2022	1024	1	129	0
Jun 04 2022	1040	0	84	0
Jun 05 2022	1027	1	88	0
Jun 06 2022	1046	0	117	0
Jun 07 2022	1111	0	170	0
Jun 08 2022	1152	0	151	0
Jun 09 2022	1237	0	205	0
Jun 10 2022	1330	0	212	0
Jun 11 2022	1381	1	137	0
Jun 12 2022	1380	0	151	0
Jun 13 2022	1469	1	236	0
Jun 14 2022	1658	1	344	0
Jun 15 2022	1859	1	342	0
Jun 16 2022	2146	0	413	0
Jun 17 2022	2307	1	339	0
Jun 18 2022	2495	2	385	0
Jun 19 2022	2617	0	305	0
Jun 20 2022	2906	1	515	0
Jun 21 2022	3418	0	751	0
Jun 22 2022	4138	0	932	0
Jun 23 2022	4950	0	1061	0
Jun 24 2022	6017	0	1328	0
Jun 25 2022	7081	0	1345	0
Jun 26 2022	7725	2	1039	0
Jun 27 2022	9141	2	1905	0
Jun 28 2022	10755	4	2212	0
Jun 29 2022	12706	2	2628	0
Jun 30 2022	14662	2	2769	0
Jul 01 2022	16893	1	2952	0
Jul 02 2022	18345	1	2286	0
Jul 03 2022	19723	0	2364	0
Jul 04 2022	21856	4	3491	0
Jul 05 2022	25128	0	4698	0
Jul 06 2022	28725	2	4819	0
Jul 07 2022	31925	4	4774	0
Jul 08 2022	34996	0	5031	0
Jul 09 2022	36447	0	4017	0
Jul 10 2022	36436	1	2383	0
Jul 11 2022	36815	1	2937	0
Jul 12 2022	35841	2	2270	0
Jul 13 2022	36121	2	3042	0
Jul 14 2022	35998	2	2981	0
Jul 15 2022	35994	2	3088	0
Jul 16 2022	35031	4	2516	0
Jul 17 2022	34297	3	2875	0
Jul 18 2022	34067	3	4455	0
Jul 19 2022	34370	1	3831	0
Jul 20 2022	35141	3	4247	0
Jul 21 2022	36016	3	3997	0
Jul 22 2022	36793	4	4015	0
Jul 23 2022	36138	2	2153	0
Jul 24 2022	35418	4	1949	0
Jul 25 2022	35482	3	2953	0
Jul 26 2022	34567	4	2654	0
Jul 27 2022	34575	7	2661	0
Jul 28 2022	33614	4	2313	0
Jul 29 2022	32320	3	2085	0
Jul 30 2022	30753	2	1273	0
Jul 31 2022	28562	2	1026	0
Aug 01 2022	26140	1	1090	0
Aug 02 2022	24607	2	1344	0
Aug 03 2022	23449	3	1252	0
Aug 04 2022	22125	1	956	0
Aug 05 2022	19890	1	817	0
Aug 06 2022	18128	2	380	0
Aug 07 2022	16200	1	541	0
Aug 08 2022	15058	2	433	0
Aug 09 2022	13916	2	433	0
Aug 10 2022	12774	2	433	0
Aug 11 2022	11633	1	433	0
Aug 12 2022	10492	1	433	0
Aug 13 2022	9350	2	433	0
Aug 14 2022	8209	2	437	0
Aug 15 2022	8209	0	0	0
Aug 16 2022	8209	0	0	0
Aug 17 2022	8209	0	0	0
Aug 18 2022	8209	0	0	0
Aug 19 2022	8209	0	0	0
Aug 20 2022	8209	0	0	0
Aug 21 2022	8209	0	0	0
Aug 22 2022	4388	5	2342	0
Aug 23 2022	4388	0	0	0
Aug 24 2022	4388	0	0	0
Aug 25 2022	4388	0	0	0
Aug 26 2022	4388	0	0	0
Aug 27 2022	4388	0	0	0
Aug 28 2022	4388	0	0	0
Aug 29 2022	2563	3	1316	0
Aug 30 2022	2563	0	0	0
Aug 31 2022	2563	0	0	0
Sep 01 2022	2563	0	0	0
Sep 02 2022	2563	0	0	0
Sep 03 2022	2563	0	0	0
Sep 04 2022	1504	2	638	0
Sep 05 2022	1504	0	0	0
Sep 06 2022	1504	0	0	0
Sep 07 2022	1504	0	0	0
Sep 08 2022	1504	0	0	0
Sep 09 2022	1504	0	0	0
Sep 10 2022	1504	0	0	0
Sep 11 2022	1504	0	0	0
Sep 12 2022	1504	0	0	0
Sep 13 2022	1504	0	0	0
Sep 14 2022	1504	0	0	0
Sep 15 2022	1504	0	0	0
Sep 16 2022	1504	0	0	0
Sep 17 2022	1504	0	0	0
Sep 18 2022	1504	0	0	0
Sep 19 2022	1504	0	0	0
Sep 20 2022	698	4	740	0
Sep 21 2022	698	0	0	0
Sep 22 2022	698	0	0	0
Sep 23 2022	698	0	0	0
Sep 24 2022	698	0	0	0
Sep 25 2022	698	0	0	0
Sep 26 2022	923	3	733	0
Sep 27 2022	923	0	0	0
Sep 28 2022	923	0	0	0
Sep 29 2022	923	0	0	0
Sep 30 2022	923	0	0	0
Oct 01 2022	923	0	0	0
Oct 02 2022	923	0	0	0
Oct 03 2022	838	1	590	0
Oct 04 2022	838	0	0	0
Oct 05 2022	838	0	0	0
Oct 06 2022	838	0	0	0
Oct 07 2022	838	0	0	0
Oct 08 2022	838	0	0	0
Oct 09 2022	838	0	0	0
Oct 10 2022	464	0	296	0
Oct 11 2022	464	0	0	0
Oct 12 2022	464	0	0	0
Oct 13 2022	464	0	0	0
Oct 14 2022	464	0	0	0
Oct 15 2022	464	0	0	0
Oct 16 2022	464	0	0	0
Oct 17 2022	464	0	0	0
Oct 18 2022	464	0	0	0
Oct 19 2022	464	0	0	0
Oct 20 2022	464	0	0	0
Oct 21 2022	464	0	0	0
Oct 22 2022	464	0	0	0
Oct 23 2022	464	0	0	0
Oct 24 2022	301	2	379	0
Oct 25 2022	301	0	0	0
Oct 26 2022	301	0	0	0
Oct 27 2022	301	0	0	0
Oct 28 2022	301	0	0	0
Oct 29 2022	301	0	0	0
Oct 30 2022	301	0	0	0
Oct 31 2022	361	0	237	0
Nov 01 2022	361	0	0	0
Nov 02 2022	361	0	0	0
Nov 03 2022	361	0	0	0
Nov 04 2022	361	0	0	0
Nov 05 2022	361	0	0	0
Nov 06 2022	361	0	0	0
Nov 07 2022	497	3	373	0
Nov 08 2022	497	0	0	0
Nov 09 2022	497	0	0	0
Nov 10 2022	497	0	0	0
Nov 11 2022	497	0	0	0
Nov 12 2022	497	0	0	0
Nov 13 2022	497	0	0	0
Nov 14 2022	648	0	460	0
Nov 15 2022	648	0	0	0
Nov 16 2022	648	0	0	0
Nov 17 2022	648	0	0	0
Nov 18 2022	648	0	0	0
Nov 19 2022	648	0	0	0
Nov 20 2022	648	0	0	0
Nov 21 2022	963	2	704	0
Nov 22 2022	963	0	0	0
Nov 23 2022	963	0	0	0
Nov 24 2022	963	0	0	0
Nov 25 2022	963	0	0	0
Nov 26 2022	963	0	0	0
Nov 27 2022	963	0	0	0
Nov 28 2022	1211	1	703	0
Nov 29 2022	1211	0	0	0
Nov 30 2022	1211	0	0	0
Dec 01 2022	1211	0	0	0
Dec 02 2022	1211	0	0	0
Dec 03 2022	1211	0	0	0
Dec 04 2022	1211	0	0	0
Dec 05 2022	1046	2	651	0
Dec 06 2022	1046	0	0	0
Dec 07 2022	1046	0	0	0
Dec 08 2022	1046	0	0	0
Dec 09 2022	1046	0	0	0
Dec 10 2022	1046	0	0	0
Dec 11 2022	1046	0	0	0
Dec 12 2022	905	3	411	0
Dec 13 2022	905	0	0	0
Dec 14 2022	905	0	0	0
Dec 15 2022	905	0	0	0
Dec 16 2022	905	0	0	0
Dec 17 2022	905	0	0	0
Dec 18 2022	905	0	0	0
Dec 19 2022	655	4	321	0
Dec 20 2022	655	0	0	0
Dec 21 2022	655	0	0	0
Dec 22 2022	655	0	0	0
Dec 23 2022	655	0	0	0
Dec 24 2022	655	0	0	0
Dec 25 2022	655	0	0	0
Dec 26 2022	519	1	283	0
Dec 27 2022	519	0	0	0
Dec 28 2022	519	0	0	0
Dec 29 2022	519	0	0	0
Dec 30 2022	519	0	0	0
Dec 31 2022	519	0	0	0
Jan 01 2023	519	0	0	0
Jan 02 2023	673	1	155	0
Jan 03 2023	673	0	0	0
Jan 04 2023	673	0	0	0
Jan 05 2023	673	0	0	0
Jan 06 2023	673	0	0	0
Jan 07 2023	673	0	0	0
Jan 08 2023	673	0	0	0
Jan 09 2023	673	0	0	0
Jan 10 2023	673	0	0	0
Jan 11 2023	673	0	0	0
Jan 12 2023	673	0	0	0
Jan 13 2023	673	0	0	0
Jan 14 2023	673	0	0	0
Jan 15 2023	673	0	0	0
Jan 16 2023	673	0	0	0
Jan 17 2023	673	0	0	0
Jan 18 2023	673	0	0	0
Jan 19 2023	673	0	0	0
Jan 20 2023	673	0	0	0
Jan 21 2023	673	0	0	0
Jan 22 2023	673	0	0	0
Jan 23 2023	673	0	0	0
Jan 24 2023	673	0	0	0
Jan 25 2023	673	0	0	0
Jan 26 2023	673	0	0	0
Jan 27 2023	673	0	0	0
Jan 28 2023	673	0	0	0
Jan 29 2023	673	0	0	0
Jan 30 2023	673	0	0	0
Jan 31 2023	673	0	0	0
Feb 01 2023	673	0	0	0
Feb 02 2023	673	0	0	0
Feb 03 2023	673	0	0	0
Feb 04 2023	673	0	0	0
Feb 05 2023	673	0	0	0
Feb 06 2023	673	0	0	0
Feb 07 2023	673	0	0	0
Feb 08 2023	673	0	0	0
Feb 09 2023	673	0	0	0
Feb 10 2023	673	0	0	0
Feb 11 2023	673	0	0	0
Feb 12 2023	673	0	0	0
Feb 13 2023	673	0	0	0
Feb 14 2023	673	0	0	0
Feb 15 2023	673	0	0	0
Feb 16 2023	673	0	0	0
Feb 17 2023	673	0	0	0
Feb 18 2023	673	0	0	0
Feb 19 2023	673	0	0	0
Feb 20 2023	673	0	0	0
Feb 21 2023	673	0	0	0
Feb 22 2023	673	0	0	0
Feb 23 2023	673	0	0	0
Feb 24 2023	673	0	0	0
Feb 25 2023	673	0	0	0
Feb 26 2023	673	0	0	0
Feb 27 2023	673	0	0	0
Feb 28 2023	673	0	0	0
Mar 01 2023	673	0	0	0
Mar 02 2023	673	0	0	0
Mar 03 2023	673	0	0	0
Mar 04 2023	673	0	0	0
Mar 05 2023	673	0	0	0
Mar 06 2023	673	0	0	0
Mar 07 2023	673	0	0	0
Mar 08 2023	673	0	0	0
Mar 09 2023	673	0	0	0
Mar 10 2023	673	0	0	0
Mar 11 2023	673	0	0	0
Mar 12 2023	673	0	0	0
Mar 13 2023	673	0	0	0
Mar 14 2023	673	0	0	0
Mar 15 2023	673	0	0	0
Mar 16 2023	673	0	0	0
Mar 17 2023	673	0	0	0
Mar 18 2023	673	0	0	0
Mar 19 2023	673	0	0	0
Mar 20 2023	673	0	0	0
Mar 21 2023	673	0	0	0
Mar 22 2023	673	0	0	0
Mar 23 2023	673	0	0	0
Mar 24 2023	673	0	0	0
Mar 25 2023	673	0	0	0
Mar 26 2023	673	0	0	0
Mar 27 2023	673	0	0	0
Mar 28 2023	673	0	0	0
Mar 29 2023	673	0	0	0
Mar 30 2023	673	0	0	0
Mar 31 2023	673	0	0	0
Apr 01 2023	673	0	0	0
Apr 02 2023	673	0	0	0
Apr 03 2023	673	0	0	0
Apr 04 2023	673	0	0	0
Apr 05 2023	673	0	0	0
Apr 06 2023	673	0	0	0
Apr 07 2023	673	0	0	0
Apr 08 2023	673	0	0	0
Apr 09 2023	673	0	0	0
Apr 10 2023	673	0	0	0
Apr 11 2023	673	0	0	0
Apr 12 2023	673	0	0	0
Apr 13 2023	673	0	0	0
Apr 14 2023	673	0	0	0
Apr 15 2023	673	0	0	0
Apr 16 2023	673	0	0	0
Apr 17 2023	673	0	0	0
Apr 18 2023	673	0	0	0
Apr 19 2023	673	0	0	0
Apr 20 2023	673	0	0	0
Apr 21 2023	673	0	0	0
Apr 22 2023	673	0	0	0
Apr 23 2023	673	0	0	0
Apr 24 2023	673	0	0	0
Apr 25 2023	673	0	0	0
Apr 26 2023	673	0	0	0
Apr 27 2023	673	0	0	0
Apr 28 2023	673	0	0	0
Apr 29 2023	673	0	0	0
Apr 30 2023	673	0	0	0
May 01 2023	673	0	0	0
May 02 2023	673	0	0	0
May 03 2023	673	0	0	0
May 04 2023	673	0	0	0
May 05 2023	673	0	0	0
May 06 2023	673	0	0	0
May 07 2023	673	0	0	0
May 08 2023	673	0	0	0
May 09 2023	673	0	0	0
May 10 2023	673	0	0	0
May 11 2023	673	0	0	0
May 12 2023	673	0	0	0
May 13 2023	673	0	0	0
May 14 2023	673	0	0	0
May 15 2023	673	0	0	0
May 16 2023	673	0	0	0
May 17 2023	673	0	0	0
May 18 2023	673	0	0	0
May 19 2023	673	0	0	0
May 20 2023	673	0	0	0
May 21 2023	673	0	0	0
May 22 2023	673	0	0	0
May 23 2023	673	0	0	0
May 24 2023	673	0	0	0
May 25 2023	673	0	0	0
May 26 2023	673	0	0	0
May 27 2023	673	0	0	0
May 28 2023	673	0	0	0
May 29 2023	673	0	0	0
May 30 2023	673	0	0	0
May 31 2023	673	0	0	0
Jun 01 2023	673	0	0	0
Jun 02 2023	673	0	0	0
Jun 03 2023	673	0	0	0
Jun 04 2023	673	0	0	0
Jun 05 2023	673	0	0	0
Jun 06 2023	673	0	0	0
Jun 07 2023	673	0	0	0
Jun 08 2023	673	0	0	0
Jun 09 2023	673	0	0	0
Jun 10 2023	673	0	0	0
Jun 11 2023	673	0	0	0
Jun 12 2023	673	0	0	0
Jun 13 2023	673	0	0	0
Jun 14 2023	673	0	0	0
Jun 15 2023	673	0	0	0
Jun 16 2023	673	0	0	0
Jun 17 2023	673	0	0	0
Jun 18 2023	673	0	0	0
Jun 19 2023	673	0	0	0
Jun 20 2023	673	0	0	0
Jun 21 2023	673	0	0	0
Jun 22 2023	673	0	0	0
Jun 23 2023	673	0	0	0
Jun 24 2023	673	0	0	0
Jun 25 2023	673	0	0	0
Jun 26 2023	673	0	0	0
Jun 27 2023	673	0	0	0
Jun 28 2023	673	0	0	0
Jun 29 2023	673	0	0	0
Jun 30 2023	673	0	0	0
Jul 01 2023	673	0	0	0
Jul 02 2023	673	0	0	0
Jul 03 2023	673	0	0	0
Jul 04 2023	673	0	0	0
Jul 05 2023	673	0	0	0
Jul 06 2023	673	0	0	0
Jul 07 2023	673	0	0	0
Jul 08 2023	673	0	0	0
Jul 09 2023	673	0	0	0
Jul 10 2023	673	0	0	0
Jul 11 2023	673	0	0	0
Jul 12 2023	673	0	0	0
Jul 13 2023	673	0	0	0
Jul 14 2023	673	0	0	0
Jul 15 2023	673	0	0	0
Jul 16 2023	673	0	0	0
Jul 17 2023	673	0	0	0
Jul 18 2023	673	0	0	0
Jul 19 2023	673	0	0	0
Jul 20 2023	673	0	0	0
Jul 21 2023	673	0	0	0
Jul 22 2023	673	0	0	0
Jul 23 2023	673	0	0	0
Jul 24 2023	673	0	0	0
Jul 25 2023	673	0	0	0
Jul 26 2023	673	0	0	0
Jul 27 2023	673	0	0	0
Jul 28 2023	673	0	0	0
Jul 29 2023	673	0	0	0
Jul 30 2023	673	0	0	0
Jul 31 2023	673	0	0	0
Aug 01 2023	673	0	0	0
Aug 02 2023	673	0	0	0
Aug 03 2023	673	0	0	0
Aug 04 2023	673	0	0	0
Aug 05 2023	673	0	0	0
Aug 06 2023	673	0	0	0
Aug 07 2023	673	0	0	0
Aug 08 2023	673	0	0	0
Aug 09 2023	673	0	0	0
Aug 10 2023	673	0	0	0
Aug 11 2023	673	0	0	0
Aug 12 2023	673	0	0	0
Aug 13 2023	673	0	0	0
Aug 14 2023	673	0	0	0
Aug 15 2023	673	0	0	0
Aug 16 2023	673	0	0	0
Aug 17 2023	673	0	0	0
Aug 18 2023	673	0	0	0
Aug 19 2023	673	0	0	0
Aug 20 2023	673	0	0	0
Aug 21 2023	673	0	0	0
Aug 22 2023	673	0	0	0
Aug 23 2023	673	0	0	0
Aug 24 2023	673	0	0	0
Aug 25 2023	673	0	0	0
Aug 26 2023	673	0	0	0
Aug 27 2023	673	0	0	0
Aug 28 2023	673	0	0	0
Aug 29 2023	673	0	0	0
Aug 30 2023	673	0	0	0
Aug 31 2023	673	0	0	0
Sep 01 2023	673	0	0	0
Sep 02 2023	673	0	0	0
Sep 03 2023	673	0	0	0
Sep 04 2023	673	0	0	0
Sep 05 2023	673	0	0	0
Sep 06 2023	673	0	0	0
Sep 07 2023	673	0	0	0
Sep 08 2023	673	0	0	0
Sep 09 2023	673	0	0	0
Sep 10 2023	673	0	0	0
Sep 11 2023	673	0	0	0
Sep 12 2023	673	0	0	0
Sep 13 2023	673	0	0	0
Sep 14 2023	673	0	0	0
Sep 15 2023	673	0	0	0
Sep 16 2023	673	0	0	0
Sep 17 2023	673	0	0	0
Sep 18 2023	673	0	0	0
Sep 19 2023	673	0	0	0
Sep 20 2023	673	0	0	0
Sep 21 2023	673	0	0	0
Sep 22 2023	673	0	0	0
Sep 23 2023	673	0	0	0
Sep 24 2023	673	0	0	0
Sep 25 2023	673	0	0	0
Sep 26 2023	673	0	0	0
Sep 27 2023	673	0	0	0
Sep 28 2023	673	0	0	0
Sep 29 2023	673	0	0	0
Sep 30 2023	673	0	0	0
Oct 01 2023	673	0	0	0
Oct 02 2023	673	0	0	0
Oct 03 2023	673	0	0	0
Oct 04 2023	673	0	0	0
Oct 05 2023	673	0	0	0
Oct 06 2023	673	0	0	0
Oct 07 2023	673	0	0	0
Oct 08 2023	673	0	0	0
Oct 09 2023	673	0	0	0
Oct 10 2023	673	0	0	0
Oct 11 2023	673	0	0	0
Oct 12 2023	673	0	0	0
Oct 13 2023	673	0	0	0
Oct 14 2023	673	0	0	0
Oct 15 2023	673	0	0	0
Oct 16 2023	673	0	0	0
Oct 17 2023	673	0	0	0
Oct 18 2023	673	0	0	0
Oct 19 2023	673	0	0	0
Oct 20 2023	673	0	0	0
Oct 21 2023	673	0	0	0
Oct 22 2023	673	0	0	0
Oct 23 2023	673	0	0	0
Oct 24 2023	673	0	0	0
Oct 25 2023	673	0	0	0
Oct 26 2023	673	0	0	0
Oct 27 2023	673	0	0	0
Oct 28 2023	673	0	0	0
Oct 29 2023	673	0	0	0
Oct 30 2023	673	0	0	0
Oct 31 2023	673	0	0	0
Nov 01 2023	673	0	0	0
Nov 02 2023	673	0	0	0
Nov 03 2023	673	0	0	0
Nov 04 2023	673	0	0	0
Nov 05 2023	673	0	0	0
Nov 06 2023	673	0	0	0
Nov 07 2023	673	0	0	0
Nov 08 2023	673	0	0	0
Nov 09 2023	673	0	0	0
Nov 10 2023	673	0	0	0
Nov 11 2023	673	0	0	0
Nov 12 2023	673	0	0	0
Nov 13 2023	673	0	0	0
Nov 14 2023	673	0	0	0
Nov 15 2023	673	0	0	0
Nov 16 2023	673	0	0	0
Nov 17 2023	673	0	0	0
Nov 18 2023	673	0	0	0
Nov 19 2023	673	0	0	0
Nov 20 2023	673	0	0	0
Nov 21 2023	673	0	0	0
Nov 22 2023	673	0	0	0
Nov 23 2023	673	0	0	0
Nov 24 2023	673	0	0	0
Nov 25 2023	673	0	0	0
Nov 26 2023	673	0	0	0
Nov 27 2023	673	0	0	0
Nov 28 2023	673	0	0	0
Nov 29 2023	673	0	0	0
Nov 30 2023	673	0	0	0
Dec 01 2023	673	0	0	0
Dec 02 2023	673	0	0	0
Dec 03 2023	673	0	0	0
Dec 04 2023	673	0	0	0
Dec 05 2023	673	0	0	0
Dec 06 2023	673	0	0	0
Dec 07 2023	673	0	0	0
Dec 08 2023	673	0	0	0
Dec 09 2023	673	0	0	0
Dec 10 2023	673	0	0	0
Dec 11 2023	673	0	0	0
Dec 12 2023	673	0	0	0
Dec 13 2023	673	0	0	0
Dec 14 2023	673	0	0	0
Dec 15 2023	673	0	0	0
Dec 16 2023	673	0	0	0
Dec 17 2023	673	0	0	0
Dec 18 2023	673	0	0	0
Dec 19 2023	673	0	0	0
Dec 20 2023	673	0	0	0
Dec 21 2023	673	0	0	0
Dec 22 2023	673	0	0	0
Dec 23 2023	673	0	0	0
Dec 24 2023	673	0	0	0
Dec 25 2023	673	0	0	0
Dec 26 2023	673	0	0	0
Dec 27 2023	673	0	0	0
Dec 28 2023	673	0	0	0
Dec 29 2023	673	0	0	0
Dec 30 2023	673	0	0	0
Dec 31 2023	673	0	0	0
Jan 01 2024	673	0	0	0
Jan 02 2024	673	0	0	0
Jan 03 2024	673	0	0	0
Jan 04 2024	673	0	0	0
Jan 05 2024	673	0	0	0
Jan 06 2024	673	0	0	0
Jan 07 2024	673	0	0	0
Jan 08 2024	673	0	0	0
Jan 09 2024	673	0	0	0
Jan 10 2024	673	0	0	0
Jan 11 2024	673	0	0	0
Jan 12 2024	673	0	0	0
Jan 13 2024	673	0	0	0
Jan 14 2024	673	0	0	0
Jan 15 2024	673	0	0	0
Jan 16 2024	673	0	0	0
Jan 17 2024	673	0	0	0
Jan 18 2024	673	0	0	0
Jan 19 2024	673	0	0	0
Jan 20 2024	673	0	0	0
Jan 21 2024	673	0	0	0
Jan 22 2024	673	0	0	0
Jan 23 2024	673	0	0	0
Jan 24 2024	673	0	0	0
Jan 25 2024	673	0	0	0
Jan 26 2024	673	0	0	0
Jan 27 2024	673	0	0	0
Jan 28 2024	673	0	0	0
Jan 29 2024	673	0	0	0
Jan 30 2024	673	0	0	0
Jan 31 2024	673	0	0	0
Feb 01 2024	673	0	0	0
Feb 02 2024	673	0	0	0
Feb 03 2024	673	0	0	0
Feb 04 2024	673	0	0	0
Feb 05 2024	673	0	0	0
Feb 06 2024	673	0	0	0
Feb 07 2024	673	0	0	0
Feb 08 2024	673	0	0	0
Feb 09 2024	673	0	0	0
Feb 10 2024	673	0	0	0
Feb 11 2024	673	0	0	0
Feb 12 2024	673	0	0	0
Feb 13 2024	673	0	0	0
Feb 14 2024	673	0	0	0
Feb 15 2024	673	0	0	0
Feb 16 2024	673	0	0	0
Feb 17 2024	673	0	0	0
Feb 18 2024	673	0	0	0
Feb 19 2024	673	0	0	0
Feb 20 2024	673	0	0	0
Feb 21 2024	673	0	0	0
Feb 22 2024	673	0	0	0
Feb 23 2024	673	0	0	0
Feb 24 2024	673	0	0	0
Feb 25 2024	673	0	0	0
Feb 26 2024	673	0	0	0
Feb 27 2024	673	0	0	0
Feb 28 2024	673	0	0	0
Feb 29 2024	673	0	0	0
Mar 01 2024	673	0	0	0
Mar 02 2024	673	0	0	0
Mar 03 2024	673	0	0	0
Mar 04 2024	673	0	0	0
Mar 05 2024	673	0	0	0
Mar 06 2024	673	0	0	0
Mar 07 2024	673	0	0	0
Mar 08 2024	673	0	0	0
Mar 09 2024	673	0	0	0
Mar 10 2024	673	0	0	0
Mar 11 2024	673	0	0	0
Mar 12 2024	673	0	0	0
Mar 13 2024	673	0	0	0
Mar 14 2024	673	0	0	0
Mar 15 2024	673	0	0	0
Mar 16 2024	673	0	0	0
Mar 17 2024	673	0	0	0
Mar 18 2024	673	0	0	0
Mar 19 2024	673	0	0	0
Mar 20 2024	673	0	0	0
Mar 21 2024	673	0	0	0
Mar 22 2024	673	0	0	0
Mar 23 2024	673	0	0	0
Mar 24 2024	673	0	0	0
Mar 25 2024	673	0	0	0
Mar 26 2024	673	0	0	0
Mar 27 2024	673	0	0	0
Mar 28 2024	673	0	0	0
Mar 29 2024	673	0	0	0
Mar 30 2024	673	0	0	0
Mar 31 2024	673	0	0	0
Apr 01 2024	673	0	0	0
Apr 02 2024	673	0	0	0
Apr 03 2024	673	0	0	0
Apr 04 2024	673	0	0	0
Apr 05 2024	673	0	0	0
Apr 06 2024	673	0	0	0
